1 0.166067 0.064784 0.012369 0.012369
1 0.453177 0.467128 0.012369 0.012369
1 0.453177 0.488612 0.012369 0.012369
1 0.705130 0.621424 0.012369 0.012369
1 0.707083 0.605799 0.012369 0.012369
1 0.824270 0.619471 0.012369 0.012369
1 0.861380 0.629237 0.012369 0.012369
1 0.984427 0.529628 0.012369 0.012369
1 0.978567 0.586268 0.012369 0.012369
1 0.902395 0.537440 0.012369 0.012369
1 0.912161 0.545253 0.012369 0.012369
1 0.890677 0.555018 0.012369 0.012369
1 0.877005 0.556971 0.012369 0.012369
1 0.976614 0.326503 0.012369 0.012369
1 0.972708 0.349940 0.012369 0.012369
1 0.925833 0.328456 0.012369 0.012369
1 0.921927 0.340174 0.012369 0.012369
1 0.931692 0.349940 0.012369 0.012369
1 0.785208 0.383143 0.012369 0.012369
1 0.773489 0.390956 0.012369 0.012369
1 0.894583 0.433924 0.012369 0.012369
1 0.904349 0.428065 0.012369 0.012369
1 0.927786 0.451503 0.012369 0.012369
1 0.912161 0.443690 0.012369 0.012369
1 0.902395 0.455409 0.012369 0.012369
1 0.824270 0.420253 0.012369 0.012369
1 0.841849 0.428065 0.012369 0.012369
1 0.757864 0.406581 0.012369 0.012369
1 0.728567 0.433924 0.012369 0.012369
1 0.714895 0.428065 0.012369 0.012369
1 0.685599 0.431971 0.012369 0.012369
1 0.693411 0.451503 0.012369 0.012369
1 0.527395 0.301112 0.012369 0.012369
1 0.416067 0.389003 0.012369 0.012369
1 0.798880 0.131190 0.012369 0.012369
1 0.818411 0.131190 0.012369 0.012369
1 0.869192 0.166346 0.012369 0.012369
1 0.853567 0.172206 0.012369 0.012369
1 0.826224 0.248378 0.012369 0.012369
1 0.832083 0.226893 0.012369 0.012369
1 0.847708 0.234706 0.012369 0.012369
1 0.773489 0.137049 0.012369 0.012369
1 0.771536 0.123378 0.012369 0.012369
1 0.757864 0.119471 0.012369 0.012369
1 0.703177 0.185878 0.012369 0.012369
1 0.695364 0.162440 0.012369 0.012369
1 0.566458 0.191737 0.012369 0.012369
1 0.572317 0.178065 0.012369 0.012369
1 0.466849 0.203456 0.012369 0.012369
1 0.447317 0.197596 0.012369 0.012369
1 0.474661 0.137049 0.012369 0.012369
1 0.480520 0.123378 0.012369 0.012369
1 0.255859 0.003765 0.010569 0.010569
1 0.255911 0.014003 0.012369 0.012369
1 0.335989 0.107753 0.012369 0.012369
1 0.314505 0.109706 0.012369 0.012369
1 0.558645 0.068690 0.012369 0.012369
1 0.576224 0.074549 0.012369 0.012369
1 0.556692 0.014003 0.012369 0.012369
1 0.535208 0.023768 0.012369 0.012369
1 0.433645 0.039393 0.012369 0.012369
1 0.412161 0.039393 0.012369 0.012369
1 0.404349 0.072596 0.012369 0.012369
1 0.398489 0.092128 0.012369 0.012369
1 0.183645 0.152674 0.012369 0.012369
1 0.152395 0.146815 0.012369 0.012369
1 0.162161 0.156581 0.012369 0.012369
1 0.175833 0.172206 0.012369 0.012369
1 0.232474 0.084315 0.012369 0.012369
1 0.228567 0.103846 0.012369 0.012369
1 0.248099 0.119471 0.012369 0.012369
1 0.244192 0.135096 0.012369 0.012369
1 0.101614 0.080409 0.012369 0.012369
1 0.109427 0.068690 0.012369 0.012369
1 0.095755 0.064784 0.012369 0.012369
1 0.097708 0.094081 0.012369 0.012369
1 0.175833 0.076503 0.012369 0.012369
1 0.240286 0.275721 0.012369 0.012369
1 0.304739 0.191737 0.012369 0.012369
1 0.300833 0.205409 0.012369 0.012369
1 0.244192 0.213221 0.012369 0.012369
1 0.255911 0.221034 0.012369 0.012369
1 0.574270 0.258143 0.012369 0.012369
1 0.562552 0.267909 0.012369 0.012369
1 0.593802 0.308924 0.012369 0.012369
1 0.492239 0.330409 0.012369 0.012369
1 0.507864 0.322596 0.012369 0.012369
1 0.509817 0.297206 0.012369 0.012369
1 0.447317 0.305018 0.012369 0.012369
1 0.433645 0.301112 0.012369 0.012369
1 0.402395 0.312831 0.012369 0.012369
1 0.408255 0.291346 0.012369 0.012369
1 0.410208 0.258143 0.012369 0.012369
1 0.396536 0.267909 0.012369 0.012369
1 0.353567 0.228846 0.012369 0.012369
1 0.365286 0.244471 0.012369 0.012369
1 0.363333 0.260096 0.012369 0.012369
1 0.308645 0.297206 0.012369 0.012369
1 0.304739 0.277674 0.012369 0.012369
1 0.293020 0.265956 0.012369 0.012369
1 0.271536 0.275721 0.012369 0.012369
1 0.277395 0.297206 0.012369 0.012369
1 0.279349 0.797206 0.012369 0.012369
1 0.281302 0.783534 0.012369 0.012369
1 0.326224 0.945643 0.012369 0.012369
1 0.334036 0.953456 0.012369 0.012369
1 0.298880 0.943690 0.012369 0.012369
1 0.281302 0.924159 0.012369 0.012369
1 0.300833 0.924159 0.012369 0.012369
1 0.298880 0.963221 0.012369 0.012369
1 0.308645 0.967128 0.012369 0.012369
1 0.355520 0.873378 0.012369 0.012369
1 0.363333 0.840174 0.012369 0.012369
1 0.375052 0.857753 0.012369 0.012369
1 0.250052 0.902674 0.012369 0.012369
1 0.246145 0.887049 0.012369 0.012369
1 0.197317 0.904628 0.012369 0.012369
1 0.232474 0.972987 0.012369 0.012369
1 0.236380 0.953456 0.012369 0.012369
1 0.179739 0.910487 0.012369 0.012369
1 0.183645 0.894862 0.012369 0.012369
1 0.017630 0.904628 0.012369 0.012369
1 0.017630 0.890956 0.012369 0.012369
1 0.021536 0.875331 0.012369 0.012369
1 0.035156 0.902344 0.014947 0.014947
1 0.050781 0.882812 0.014947 0.014947
1 0.056641 0.900391 0.014947 0.014947
1 0.109375 0.937500 0.014947 0.014947
1 0.093750 0.933594 0.014947 0.014947
1 0.097656 0.875000 0.014947 0.014947
1 0.101562 0.898438 0.014947 0.014947
1 0.888724 0.769862 0.012369 0.012369
1 0.613333 0.773768 0.012369 0.012369
1 0.632864 0.754237 0.012369 0.012369
1 0.636770 0.699549 0.012369 0.012369
1 0.634817 0.719081 0.012369 0.012369
1 0.617239 0.713221 0.012369 0.012369
1 0.584036 0.705409 0.012369 0.012369
1 0.599661 0.715174 0.012369 0.012369
1 0.603567 0.697596 0.012369 0.012369
1 0.658255 0.826503 0.012369 0.012369
1 0.673880 0.810878 0.012369 0.012369
1 0.789114 0.691737 0.012369 0.012369
1 0.748099 0.971034 0.012369 0.012369
1 0.736380 0.982753 0.012369 0.012369
1 0.808645 0.984706 0.012369 0.012369
1 0.802786 0.965174 0.012369 0.012369
1 0.412161 0.551112 0.012369 0.012369
1 0.425833 0.551112 0.012369 0.012369
1 0.488333 0.709315 0.012369 0.012369
1 0.484427 0.697596 0.012369 0.012369
1 0.468802 0.697596 0.012369 0.012369
1 0.259817 0.640956 0.012369 0.012369
1 0.361380 0.488612 0.012369 0.012369
1 0.562552 0.463221 0.012369 0.012369
1 0.554739 0.482753 0.012369 0.012369
1 0.541067 0.590174 0.012369 0.012369
1 0.558645 0.584315 0.012369 0.012369
1 0.527395 0.471034 0.012369 0.012369
1 0.519583 0.490565 0.012369 0.012369
1 0.218802 0.580409 0.012369 0.012369
1 0.349661 0.570643 0.012369 0.012369
1 0.357474 0.551112 0.012369 0.012369
1 0.363333 0.541346 0.012369 0.012369
1 0.246145 0.531581 0.012369 0.012369
1 0.261770 0.521815 0.012369 0.012369
1 0.273489 0.535487 0.012369 0.012369
1 0.269583 0.506190 0.012369 0.012369
1 0.080130 0.414393 0.012369 0.012369
1 0.218802 0.396815 0.012369 0.012369
1 0.228567 0.402674 0.012369 0.012369
1 0.250052 0.420253 0.012369 0.012369
1 0.253958 0.404628 0.012369 0.012369
1 0.337942 0.390956 0.012369 0.012369
1 0.353567 0.400721 0.012369 0.012369
1 0.378958 0.449549 0.012369 0.012369
1 0.507864 0.398768 0.012369 0.012369
1 0.490286 0.400721 0.012369 0.012369
1 0.293020 0.410487 0.012369 0.012369
1 0.281302 0.428065 0.012369 0.012369
1 0.095755 0.471034 0.012369 0.012369
1 0.107474 0.480799 0.012369 0.012369
1 0.134817 0.521815 0.012369 0.012369
1 0.076224 0.478846 0.012369 0.012369
1 0.072317 0.461268 0.012369 0.012369
1 0.031302 0.471034 0.012369 0.012369
1 0.029349 0.451503 0.012369 0.012369
1 0.085989 0.787440 0.012369 0.012369
1 0.343802 0.697596 0.012369 0.012369
1 0.332083 0.689784 0.012369 0.012369
1 0.277395 0.666346 0.012369 0.012369
1 0.035208 0.752284 0.012369 0.012369
1 0.056692 0.758143 0.012369 0.012369
1 0.099661 0.799159 0.012369 0.012369
1 0.142630 0.767909 0.012369 0.012369
1 0.128958 0.775721 0.012369 0.012369
1 0.886719 0.945312 0.030378 0.030378
1 0.724609 0.283203 0.022475 0.022475
1 0.347783 0.781482 0.019022 0.019022
1 0.086064 0.283435 0.019022 0.019022
1 0.673955 0.088122 0.019022 0.019022
1 0.968750 0.958984 0.014947 0.014947
1 0.738333 0.955409 0.012369 0.012369
1 0.880911 0.750331 0.012369 0.012369
1 0.373099 0.555018 0.012369 0.012369
1 0.130911 0.539393 0.012369 0.012369
1 0.207031 0.080078 0.014947 0.014947
1 0.355469 0.070312 0.014947 0.014947
1 0.453177 0.986659 0.012369 0.012369
1 0.773438 0.937500 0.014947 0.014947
1 0.720703 0.894531 0.014947 0.014947
1 0.566578 0.810750 0.034741 0.034741
1 0.714844 0.728516 0.014947 0.014947
1 0.248174 0.703357 0.019022 0.019022
1 0.650442 0.676112 0.012369 0.012369
1 0.634892 0.601794 0.019022 0.019022
1 0.369192 0.469081 0.012369 0.012369
1 0.802734 0.414062 0.014947 0.014947
1 0.961064 0.398669 0.019022 0.019022
1 0.703252 0.351794 0.019022 0.019022
1 0.158330 0.297107 0.019022 0.019022
1 0.031377 0.240466 0.019022 0.019022
1 0.572392 0.939685 0.019022 0.019022
1 0.537161 0.920253 0.012369 0.012369
1 0.875000 0.861328 0.014947 0.014947
1 0.308720 0.861560 0.019022 0.019022
1 0.355595 0.519763 0.019022 0.019022
1 0.640625 0.306641 0.014947 0.014947
1 0.008386 0.195464 0.018570 0.018570
1 0.993501 0.060784 0.011557 0.011557
1 0.986328 0.029297 0.010337 0.010337
1 0.767630 0.010096 0.012369 0.012369
1 0.390752 0.935778 0.019022 0.019022
1 0.994141 0.921875 0.006233 0.006233
1 0.726562 0.847656 0.014947 0.014947
1 0.804739 0.709315 0.012369 0.012369
1 0.839895 0.623378 0.012369 0.012369
1 0.966797 0.498047 0.022475 0.022475
1 0.826224 0.336268 0.012369 0.012369
1 0.660208 0.305018 0.012369 0.012369
1 0.896484 0.265625 0.014947 0.014947
1 0.984427 0.264003 0.012369 0.012369
1 0.966849 0.248378 0.012369 0.012369
1 0.593802 0.176112 0.012369 0.012369
1 0.968802 0.164393 0.012369 0.012369
1 0.951172 0.148438 0.014947 0.014947
1 0.935547 0.130859 0.014947 0.014947
1 0.328177 0.082362 0.012369 0.012369
1 0.980469 0.082031 0.014947 0.014947
1 0.380911 0.074549 0.012369 0.012369
1 0.894583 0.045253 0.012369 0.012369
1 0.960989 0.037440 0.012369 0.012369
1 0.504033 0.949450 0.019022 0.019022
1 0.871145 0.924159 0.012369 0.012369
1 0.447392 0.877185 0.019022 0.019022
1 0.422002 0.697497 0.019022 0.019022
1 0.888672 0.658203 0.014947 0.014947
1 0.974661 0.603846 0.012369 0.012369
1 0.228567 0.592128 0.012369 0.012369
1 0.736328 0.519531 0.014947 0.014947
1 0.886719 0.517578 0.014947 0.014947
1 0.445364 0.506190 0.012369 0.012369
1 0.724609 0.492188 0.014947 0.014947
1 0.757812 0.458984 0.014947 0.014947
1 0.972708 0.447596 0.012369 0.012369
1 0.824270 0.390956 0.012369 0.012369
1 0.935547 0.390625 0.014947 0.014947
1 0.947317 0.344081 0.012369 0.012369
1 0.367239 0.340174 0.012369 0.012369
1 0.595755 0.326503 0.012369 0.012369
1 0.377005 0.318690 0.012369 0.012369
1 0.912109 0.287109 0.014947 0.014947
1 0.773438 0.271484 0.014947 0.014947
1 0.628906 0.253906 0.014947 0.014947
1 0.605469 0.251953 0.014947 0.014947
1 0.478516 0.238281 0.014947 0.014947
1 0.869192 0.222987 0.012369 0.012369
1 0.601614 0.222987 0.012369 0.012369
1 0.660156 0.212891 0.014947 0.014947
1 0.929739 0.213221 0.012369 0.012369
1 0.986328 0.195312 0.014947 0.014947
1 0.478516 0.185547 0.014947 0.014947
1 0.929688 0.177734 0.014947 0.014947
1 0.722656 0.173828 0.014947 0.014947
1 0.593802 0.154628 0.012369 0.012369
1 0.709036 0.127284 0.012369 0.012369
1 0.623047 0.125000 0.014947 0.014947
1 0.904297 0.123047 0.014947 0.014947
1 0.562500 0.115234 0.014947 0.014947
1 0.406302 0.113612 0.012369 0.012369
1 0.740234 0.099609 0.014947 0.014947
1 0.353567 0.099940 0.012369 0.012369
1 0.486328 0.087891 0.014947 0.014947
1 0.308594 0.083984 0.014947 0.014947
1 0.609375 0.082031 0.014947 0.014947
1 0.423880 0.078456 0.012369 0.012369
1 0.685599 0.062831 0.012369 0.012369
1 0.822266 0.048828 0.014947 0.014947
1 0.859375 0.046875 0.014947 0.014947
1 0.791142 0.043200 0.019022 0.019022
1 0.519583 0.033534 0.012369 0.012369
1 0.466797 0.025391 0.014947 0.014947
1 0.937500 0.021484 0.014947 0.014947
1 0.890625 0.019531 0.014947 0.014947
1 0.226562 0.015625 0.014947 0.014947
1 0.972656 0.927734 0.014947 0.014947
1 0.703125 0.921875 0.014947 0.014947
1 0.908255 0.922206 0.012369 0.012369
1 0.990286 0.902674 0.012369 0.012369
1 0.976562 0.873047 0.022475 0.022475
1 0.363333 0.865565 0.012369 0.012369
1 0.029424 0.851794 0.019022 0.019022
1 0.794974 0.744471 0.012369 0.012369
1 0.988408 0.742419 0.019022 0.019022
1 0.902344 0.720703 0.014947 0.014947
1 0.968802 0.715174 0.012369 0.012369
1 0.955078 0.710938 0.014947 0.014947
1 0.716797 0.703125 0.014947 0.014947
1 0.845703 0.687500 0.014947 0.014947
1 0.853516 0.664062 0.014947 0.014947
1 0.826172 0.656250 0.014947 0.014947
1 0.912109 0.636719 0.014947 0.014947
1 0.611380 0.631190 0.012369 0.012369
1 0.177861 0.607653 0.019022 0.019022
1 0.289062 0.558594 0.014947 0.014947
1 0.689505 0.551112 0.012369 0.012369
1 0.773438 0.548828 0.014947 0.014947
1 0.228516 0.546875 0.014947 0.014947
1 0.742188 0.546875 0.014947 0.014947
1 0.960938 0.537109 0.014947 0.014947
1 0.820312 0.535156 0.014947 0.014947
1 0.841797 0.507812 0.014947 0.014947
1 0.871094 0.490234 0.014947 0.014947
1 0.742188 0.484375 0.014947 0.014947
1 0.322317 0.478846 0.012369 0.012369
1 0.617188 0.478516 0.014947 0.014947
1 0.781250 0.472656 0.014947 0.014947
1 0.832031 0.466797 0.014947 0.014947
1 0.513672 0.451172 0.014947 0.014947
1 0.341797 0.453125 0.014947 0.014947
1 0.654297 0.443359 0.014947 0.014947
1 0.082083 0.441737 0.012369 0.012369
1 0.773438 0.433594 0.014947 0.014947
1 0.556641 0.423828 0.014947 0.014947
1 0.642578 0.404297 0.014947 0.014947
1 0.593802 0.392909 0.012369 0.012369
1 0.894658 0.381091 0.019022 0.019022
1 0.691458 0.377284 0.012369 0.012369
1 0.640625 0.371094 0.014947 0.014947
1 0.673828 0.357422 0.014947 0.014947
1 0.431641 0.355469 0.014947 0.014947
1 0.466797 0.351562 0.014947 0.014947
1 0.287161 0.351893 0.012369 0.012369
1 0.126953 0.349609 0.014947 0.014947
1 0.523438 0.345703 0.014947 0.014947
1 0.544922 0.341797 0.014947 0.014947
1 0.785156 0.339844 0.014947 0.014947
1 0.294974 0.328456 0.012369 0.012369
1 0.455130 0.322596 0.012369 0.012369
1 0.681641 0.292969 0.014947 0.014947
1 0.746094 0.281250 0.014947 0.014947
1 0.105520 0.277674 0.012369 0.012369
1 0.183645 0.267909 0.012369 0.012369
1 0.503906 0.271484 0.014947 0.014947
1 0.474609 0.271484 0.014947 0.014947
1 0.453125 0.269531 0.014947 0.014947
1 0.843750 0.259766 0.014947 0.014947
1 0.931641 0.255859 0.014947 0.014947
1 0.513672 0.242188 0.014947 0.014947
1 0.167969 0.236328 0.014947 0.014947
1 0.125000 0.228516 0.014947 0.014947
1 0.050781 0.226562 0.014947 0.014947
1 0.406377 0.222888 0.019022 0.019022
1 0.546875 0.218750 0.014947 0.014947
1 0.498047 0.201172 0.014947 0.014947
1 0.121094 0.195312 0.014947 0.014947
1 0.042969 0.183594 0.014947 0.014947
1 0.667969 0.181641 0.014947 0.014947
1 0.207083 0.180018 0.012369 0.012369
1 0.252005 0.160487 0.012369 0.012369
1 0.230469 0.156250 0.014947 0.014947
1 0.511845 0.150622 0.019022 0.019022
1 0.390625 0.144531 0.014947 0.014947
1 0.306641 0.142578 0.014947 0.014947
1 0.281302 0.131190 0.012369 0.012369
1 0.464844 0.078125 0.014947 0.014947
1 0.257812 0.072266 0.014947 0.014947
1 0.125000 0.074219 0.014947 0.014947
1 0.332083 0.056971 0.012369 0.012369
1 0.257812 0.042969 0.014947 0.014947
1 0.193359 0.023438 0.014947 0.014947
1 0.660208 0.990565 0.012369 0.012369
1 0.705130 0.988612 0.012369 0.012369
1 0.408330 0.982653 0.019022 0.019022
1 0.941458 0.971034 0.012369 0.012369
1 0.484427 0.969081 0.012369 0.012369
1 0.833984 0.958984 0.014947 0.014947
1 0.769531 0.957031 0.014947 0.014947
1 0.990234 0.947266 0.014947 0.014947
1 0.476614 0.943690 0.012369 0.012369
1 0.671875 0.933594 0.014947 0.014947
1 0.929688 0.921875 0.014947 0.014947
1 0.744141 0.917969 0.014947 0.014947
1 0.847656 0.910156 0.014947 0.014947
1 0.767578 0.902344 0.014947 0.014947
1 0.841849 0.887049 0.012369 0.012369
1 0.716849 0.871424 0.012369 0.012369
1 0.335989 0.859706 0.012369 0.012369
1 0.929814 0.853747 0.019022 0.019022
1 0.708984 0.816406 0.014947 0.014947
1 0.933594 0.812500 0.014947 0.014947
1 0.855469 0.808594 0.014947 0.014947
1 0.123099 0.795253 0.012369 0.012369
1 0.490234 0.789062 0.014947 0.014947
1 0.326224 0.775721 0.012369 0.012369
1 0.107474 0.777674 0.012369 0.012369
1 0.572266 0.765625 0.014947 0.014947
1 0.466849 0.760096 0.012369 0.012369
1 0.666016 0.740234 0.014947 0.014947
1 0.406250 0.736328 0.014947 0.014947
1 0.246145 0.732753 0.012369 0.012369
1 0.857549 0.728747 0.019022 0.019022
1 0.552734 0.707031 0.014947 0.014947
1 0.765752 0.701403 0.019022 0.019022
1 0.740286 0.685878 0.012369 0.012369
1 0.585989 0.685878 0.012369 0.012369
1 0.238281 0.681641 0.014947 0.014947
1 0.910283 0.672107 0.019022 0.019022
1 0.408203 0.667969 0.014947 0.014947
1 0.679688 0.664062 0.014947 0.014947
1 0.531250 0.660156 0.014947 0.014947
1 0.482422 0.650391 0.014947 0.014947
1 0.339844 0.650391 0.014947 0.014947
1 0.558594 0.634766 0.014947 0.014947
1 0.587891 0.628906 0.014947 0.014947
1 0.468750 0.626953 0.014947 0.014947
1 0.500127 0.621325 0.019022 0.019022
1 0.222656 0.617188 0.014947 0.014947
1 0.148489 0.611659 0.012369 0.012369
1 0.320364 0.605799 0.012369 0.012369
1 0.105520 0.584315 0.012369 0.012369
1 0.507812 0.576172 0.014947 0.014947
1 0.261719 0.568359 0.014947 0.014947
1 0.537109 0.564453 0.014947 0.014947
1 0.714844 0.550781 0.014947 0.014947
1 0.548828 0.529297 0.014947 0.014947
1 0.326172 0.527344 0.014947 0.014947
1 0.105469 0.525391 0.014947 0.014947
1 0.654424 0.521716 0.019022 0.019022
1 0.429688 0.519531 0.014947 0.014947
1 0.302734 0.505859 0.014947 0.014947
1 0.080130 0.498378 0.012369 0.012369
1 0.785156 0.496094 0.014947 0.014947
1 0.638672 0.488281 0.014947 0.014947
1 0.275391 0.478516 0.014947 0.014947
1 0.154297 0.470703 0.014947 0.014947
1 0.597783 0.437732 0.019022 0.019022
1 0.464844 0.431641 0.014947 0.014947
1 0.158203 0.431641 0.014947 0.014947
1 0.527470 0.429919 0.019022 0.019022
1 0.136719 0.423828 0.014947 0.014947
1 0.099661 0.424159 0.012369 0.012369
1 0.357422 0.423828 0.014947 0.014947
1 0.328125 0.423828 0.014947 0.014947
1 0.738281 0.402344 0.014947 0.014947
1 0.191458 0.396815 0.012369 0.012369
1 0.150391 0.388672 0.014947 0.014947
1 0.006329 0.384766 0.014452 0.014452
1 0.054688 0.376953 0.014947 0.014947
1 0.267578 0.375000 0.014947 0.014947
1 0.027344 0.375000 0.014947 0.014947
1 0.056641 0.347656 0.014947 0.014947
1 0.093750 0.335938 0.014947 0.014947
1 0.056641 0.318359 0.014947 0.014947
1 0.173828 0.318359 0.014947 0.014947
1 0.359375 0.285156 0.014947 0.014947
1 0.044922 0.283203 0.014947 0.014947
1 0.021484 0.164062 0.014947 0.014947
1 0.078125 0.125000 0.014947 0.014947
1 0.015625 0.111328 0.014947 0.014947
1 0.523438 0.062500 0.014947 0.014947
1 0.095703 0.041016 0.014947 0.014947
1 0.550781 0.982422 0.014947 0.014947
1 0.253958 0.969081 0.012369 0.012369
1 0.275391 0.962891 0.014947 0.014947
1 0.613281 0.957031 0.014947 0.014947
1 0.503958 0.924159 0.012369 0.012369
1 0.605469 0.904297 0.014947 0.014947
1 0.478516 0.904297 0.014947 0.014947
1 0.644658 0.900622 0.019022 0.019022
1 0.267630 0.879237 0.012369 0.012369
1 0.589844 0.875000 0.014947 0.014947
1 0.177734 0.869141 0.014947 0.014947
1 0.632812 0.863281 0.014947 0.014947
1 0.513672 0.853516 0.014947 0.014947
1 0.334036 0.840174 0.012369 0.012369
1 0.025442 0.789393 0.012369 0.012369
1 0.458984 0.783203 0.014947 0.014947
1 0.437627 0.781482 0.019022 0.019022
1 0.043020 0.775721 0.012369 0.012369
1 0.546875 0.771484 0.014947 0.014947
1 0.810547 0.769531 0.014947 0.014947
1 0.222656 0.765625 0.014947 0.014947
1 0.160208 0.765956 0.012369 0.012369
1 0.115286 0.750331 0.012369 0.012369
1 0.443359 0.746094 0.014947 0.014947
1 0.345703 0.746094 0.014947 0.014947
1 0.267578 0.742188 0.014947 0.014947
1 0.550833 0.728846 0.012369 0.012369
1 0.271484 0.712891 0.014947 0.014947
1 0.128906 0.705078 0.014947 0.014947
1 0.218750 0.662109 0.014947 0.014947
1 0.039062 0.646484 0.014947 0.014947
1 0.349609 0.621094 0.014947 0.014947
1 0.105469 0.607422 0.014947 0.014947
1 0.439453 0.582031 0.014947 0.014947
1 0.304688 0.580078 0.014947 0.014947
1 0.210938 0.558594 0.014947 0.014947
1 0.503906 0.542969 0.014947 0.014947
1 0.187500 0.490234 0.014947 0.014947
1 0.248047 0.330078 0.014947 0.014947
1 0.765625 0.328125 0.014947 0.014947
1 0.726719 0.039272 0.026766 0.026766
1 0.318411 0.990565 0.012369 0.012369
1 0.035208 0.988612 0.012369 0.012369
1 0.132864 0.963221 0.012369 0.012369
1 0.369141 0.960938 0.014947 0.014947
1 0.023438 0.951172 0.014947 0.014947
1 0.203125 0.947266 0.014947 0.014947
1 0.152395 0.931971 0.012369 0.012369
1 0.332031 0.919922 0.014947 0.014947
1 0.082031 0.861328 0.014947 0.014947
1 0.234375 0.835938 0.014947 0.014947
1 0.492314 0.834216 0.019022 0.019022
1 0.386719 0.818359 0.014947 0.014947
1 0.445364 0.816737 0.012369 0.012369
1 0.037109 0.587891 0.014947 0.014947
1 0.046875 0.953125 0.014947 0.014947
1 0.183594 0.697266 0.014947 0.014947
1 0.058594 0.626953 0.014947 0.014947
