1 0.144583 0.398768 0.012369 0.012369
1 0.109427 0.680018 0.012369 0.012369
1 0.283203 0.486328 0.014947 0.014947
1 0.039062 0.693359 0.014947 0.014947
1 0.550781 0.720703 0.014947 0.014947
1 0.058594 0.976562 0.014947 0.014947
1 0.062627 0.533435 0.019022 0.019022
1 0.019531 0.638672 0.014947 0.014947
1 0.101562 0.726562 0.014947 0.014947
1 0.552734 0.775391 0.014947 0.014947
1 0.265752 0.781482 0.019022 0.019022
1 0.179688 0.816406 0.014947 0.014947
1 0.136719 0.835938 0.014947 0.014947
1 0.031250 0.859375 0.014947 0.014947
1 0.136719 0.882812 0.014947 0.014947
1 0.433594 0.914062 0.014947 0.014947
1 0.138672 0.921875 0.014947 0.014947
1 0.414062 0.935547 0.014947 0.014947
1 0.261719 0.949219 0.014947 0.014947
1 0.076224 0.961268 0.012369 0.012369
1 0.140625 0.972656 0.014947 0.014947
1 0.292969 0.970703 0.014947 0.014947
1 0.125052 0.992518 0.012369 0.012369
1 0.044922 0.150391 0.014947 0.014947
1 0.076172 0.167969 0.014947 0.014947
1 0.892578 0.220703 0.014947 0.014947
1 0.359375 0.291016 0.014947 0.014947
1 0.011719 0.310547 0.022475 0.022475
1 0.222656 0.310547 0.014947 0.014947
1 0.310547 0.345703 0.014947 0.014947
1 0.132812 0.349609 0.014947 0.014947
1 0.101562 0.369141 0.014947 0.014947
1 0.056641 0.388672 0.014947 0.014947
1 0.105595 0.406482 0.019022 0.019022
1 0.429688 0.406250 0.014947 0.014947
1 0.300781 0.421875 0.014947 0.014947
1 0.713017 0.476794 0.019022 0.019022
1 0.511719 0.513672 0.014947 0.014947
1 0.433594 0.515625 0.014947 0.014947
1 0.099609 0.531250 0.014947 0.014947
1 0.154349 0.556971 0.012369 0.012369
1 0.710938 0.562500 0.014947 0.014947
1 0.236328 0.564453 0.014947 0.014947
1 0.025442 0.566737 0.012369 0.012369
1 0.050781 0.574219 0.014947 0.014947
1 0.298880 0.580409 0.012369 0.012369
1 0.251953 0.585938 0.014947 0.014947
1 0.462891 0.591797 0.014947 0.014947
1 0.125000 0.591797 0.014947 0.014947
1 0.195312 0.625000 0.014947 0.014947
1 0.150391 0.642578 0.014947 0.014947
1 0.382812 0.677734 0.014947 0.014947
1 0.142578 0.681641 0.014947 0.014947
1 0.361380 0.685878 0.012369 0.012369
1 0.664062 0.705078 0.014947 0.014947
1 0.464970 0.707263 0.019022 0.019022
1 0.074219 0.710938 0.014947 0.014947
1 0.408203 0.710938 0.014947 0.014947
1 0.627080 0.724841 0.019022 0.019022
1 0.347656 0.728516 0.014947 0.014947
1 0.394531 0.732422 0.014947 0.014947
1 0.718750 0.730469 0.014947 0.014947
1 0.955078 0.736328 0.014947 0.014947
1 0.470703 0.744141 0.014947 0.014947
1 0.261719 0.750000 0.014947 0.014947
1 0.513672 0.763672 0.014947 0.014947
1 0.375000 0.771484 0.014947 0.014947
1 0.333984 0.775391 0.014947 0.014947
1 0.707031 0.777344 0.014947 0.014947
1 0.218750 0.777344 0.014947 0.014947
1 0.048880 0.791346 0.012369 0.012369
1 0.226614 0.805018 0.012369 0.012369
1 0.558594 0.810547 0.014947 0.014947
1 0.490234 0.812500 0.014947 0.014947
1 0.291067 0.818690 0.012369 0.012369
1 0.201224 0.824549 0.012369 0.012369
1 0.091797 0.832031 0.014947 0.014947
1 0.570312 0.837891 0.014947 0.014947
1 0.748174 0.843982 0.019022 0.019022
1 0.433594 0.845703 0.014947 0.014947
1 0.113281 0.847656 0.014947 0.014947
1 0.546875 0.847656 0.014947 0.014947
1 0.212942 0.853846 0.012369 0.012369
1 0.054688 0.859375 0.014947 0.014947
1 0.587891 0.880859 0.014947 0.014947
1 0.220755 0.887049 0.012369 0.012369
1 0.546875 0.902344 0.014947 0.014947
1 0.529297 0.919922 0.014947 0.014947
1 0.857549 0.939685 0.019022 0.019022
1 0.675781 0.941406 0.014947 0.014947
1 0.333984 0.943359 0.014947 0.014947
1 0.652395 0.965174 0.012369 0.012369
1 0.964844 0.972656 0.014947 0.014947
1 0.630859 0.974609 0.014947 0.014947
1 0.673880 0.990565 0.012369 0.012369
1 0.863333 0.990565 0.012369 0.012369
1 0.246094 0.021484 0.014947 0.014947
1 0.078177 0.035487 0.012369 0.012369
1 0.013672 0.048828 0.014947 0.014947
1 0.443359 0.058594 0.014947 0.014947
1 0.058594 0.066406 0.014947 0.014947
1 0.587891 0.111328 0.014947 0.014947
1 0.488408 0.117419 0.019022 0.019022
1 0.205078 0.140625 0.014947 0.014947
1 0.019531 0.150391 0.022475 0.022475
1 0.406250 0.166016 0.014947 0.014947
1 0.308720 0.177966 0.019022 0.019022
1 0.650517 0.181872 0.019022 0.019022
1 0.263672 0.197266 0.014947 0.014947
1 0.060547 0.201172 0.014947 0.014947
1 0.019531 0.207031 0.014947 0.014947
1 0.265677 0.244471 0.012369 0.012369
1 0.748047 0.257812 0.014947 0.014947
1 0.451172 0.275391 0.014947 0.014947
1 0.626953 0.291016 0.014947 0.014947
1 0.455078 0.302734 0.014947 0.014947
1 0.537161 0.306971 0.012369 0.012369
1 0.751953 0.310547 0.014947 0.014947
1 0.201224 0.314784 0.012369 0.012369
1 0.277344 0.335938 0.014947 0.014947
1 0.363281 0.335938 0.014947 0.014947
1 0.523489 0.336268 0.012369 0.012369
1 0.775391 0.367188 0.014947 0.014947
1 0.156250 0.369141 0.014947 0.014947
1 0.035156 0.373047 0.014947 0.014947
1 0.443359 0.373047 0.014947 0.014947
1 0.609375 0.380859 0.014947 0.014947
1 0.214844 0.392578 0.014947 0.014947
1 0.705078 0.398438 0.014947 0.014947
1 0.398438 0.402344 0.014947 0.014947
1 0.015677 0.426112 0.012369 0.012369
1 0.775391 0.423828 0.014947 0.014947
1 0.751953 0.443359 0.014947 0.014947
1 0.392630 0.449549 0.012369 0.012369
1 0.691406 0.455078 0.014947 0.014947
1 0.347656 0.466797 0.014947 0.014947
1 0.607474 0.476893 0.012369 0.012369
1 0.585938 0.478516 0.014947 0.014947
1 0.203125 0.492188 0.014947 0.014947
1 0.695364 0.508143 0.012369 0.012369
1 0.119192 0.514003 0.012369 0.012369
1 0.277344 0.513672 0.014947 0.014947
1 0.369192 0.514003 0.012369 0.012369
1 0.923955 0.521716 0.019022 0.019022
1 0.814453 0.525391 0.014947 0.014947
1 0.560547 0.531250 0.014947 0.014947
1 0.966797 0.537109 0.014947 0.014947
1 0.644583 0.541346 0.012369 0.012369
1 0.843750 0.541016 0.014947 0.014947
1 0.435599 0.545253 0.012369 0.012369
1 0.127005 0.547206 0.012369 0.012369
1 0.259817 0.555018 0.012369 0.012369
1 0.416067 0.555018 0.012369 0.012369
1 0.554688 0.554688 0.014947 0.014947
1 0.214844 0.556641 0.014947 0.014947
1 0.464844 0.558594 0.014947 0.014947
1 0.904297 0.560547 0.014947 0.014947
1 0.636719 0.564453 0.014947 0.014947
1 0.496094 0.568359 0.014947 0.014947
1 0.164062 0.574219 0.014947 0.014947
1 0.435599 0.592128 0.012369 0.012369
1 0.507812 0.607422 0.014947 0.014947
1 0.183645 0.609706 0.012369 0.012369
1 0.480469 0.609375 0.014947 0.014947
1 0.447266 0.615234 0.014947 0.014947
1 0.720703 0.615234 0.014947 0.014947
1 0.671875 0.638672 0.014947 0.014947
1 0.775391 0.640625 0.014947 0.014947
1 0.736328 0.638672 0.014947 0.014947
1 0.810547 0.650391 0.014947 0.014947
1 0.240286 0.656581 0.012369 0.012369
1 0.283255 0.658534 0.012369 0.012369
1 0.619141 0.666016 0.014947 0.014947
1 0.328125 0.671875 0.014947 0.014947
1 0.300833 0.674159 0.012369 0.012369
1 0.255859 0.685547 0.014947 0.014947
1 0.599609 0.685547 0.014947 0.014947
1 0.738281 0.697266 0.014947 0.014947
1 0.966797 0.701172 0.014947 0.014947
1 0.759766 0.714844 0.014947 0.014947
1 0.291016 0.714844 0.014947 0.014947
1 0.761719 0.736328 0.014947 0.014947
1 0.437500 0.742188 0.014947 0.014947
1 0.869192 0.742518 0.012369 0.012369
1 0.039189 0.752185 0.019022 0.019022
1 0.300833 0.771815 0.012369 0.012369
1 0.300833 0.793299 0.012369 0.012369
1 0.808594 0.804688 0.014947 0.014947
1 0.531250 0.810547 0.014947 0.014947
1 0.062500 0.814453 0.022475 0.022475
1 0.728516 0.820312 0.014947 0.014947
1 0.455078 0.828125 0.014947 0.014947
1 0.892578 0.845703 0.014947 0.014947
1 0.611380 0.851893 0.012369 0.012369
1 0.867188 0.851562 0.014947 0.014947
1 0.798880 0.873378 0.012369 0.012369
1 0.226614 0.906581 0.012369 0.012369
1 0.363281 0.908203 0.014947 0.014947
1 0.337942 0.912440 0.012369 0.012369
1 0.667969 0.919922 0.014947 0.014947
1 0.912109 0.921875 0.014947 0.014947
1 0.792969 0.953125 0.014947 0.014947
1 0.623099 0.955409 0.012369 0.012369
1 0.484375 0.007812 0.014947 0.014947
1 0.775391 0.013672 0.014947 0.014947
1 0.408203 0.017578 0.014947 0.014947
1 0.154297 0.025391 0.014947 0.014947
1 0.179688 0.031250 0.014947 0.014947
1 0.337891 0.035156 0.014947 0.014947
1 0.519531 0.037109 0.014947 0.014947
1 0.367188 0.041016 0.014947 0.014947
1 0.759766 0.042969 0.014947 0.014947
1 0.736328 0.042969 0.014947 0.014947
1 0.798828 0.048828 0.014947 0.014947
1 0.168020 0.053065 0.012369 0.012369
1 0.421875 0.052734 0.014947 0.014947
1 0.287109 0.058594 0.014947 0.014947
1 0.986328 0.072266 0.022475 0.022475
1 0.558594 0.070312 0.014947 0.014947
1 0.689505 0.078456 0.012369 0.012369
1 0.117239 0.097987 0.012369 0.012369
1 0.205078 0.101562 0.014947 0.014947
1 0.750000 0.103516 0.014947 0.014947
1 0.439453 0.117188 0.014947 0.014947
1 0.179739 0.137049 0.012369 0.012369
1 0.863281 0.144531 0.014947 0.014947
1 0.609375 0.160156 0.014947 0.014947
1 0.185599 0.185878 0.012369 0.012369
1 0.492188 0.187500 0.014947 0.014947
1 0.687500 0.185547 0.014947 0.014947
1 0.357422 0.189453 0.014947 0.014947
1 0.695312 0.207031 0.014947 0.014947
1 0.500052 0.221034 0.012369 0.012369
1 0.619141 0.232422 0.014947 0.014947
1 0.597708 0.240565 0.012369 0.012369
1 0.234502 0.244372 0.019022 0.019022
1 0.533203 0.242188 0.014947 0.014947
1 0.566458 0.248378 0.012369 0.012369
1 0.824219 0.250000 0.014947 0.014947
1 0.308594 0.285156 0.014947 0.014947
1 0.771484 0.302734 0.014947 0.014947
1 0.146611 0.310778 0.019022 0.019022
1 0.277344 0.306641 0.014947 0.014947
1 0.808645 0.310878 0.012369 0.012369
1 0.693359 0.312500 0.014947 0.014947
1 0.875052 0.316737 0.012369 0.012369
1 0.357474 0.316737 0.012369 0.012369
1 0.794922 0.328125 0.014947 0.014947
1 0.908203 0.341797 0.014947 0.014947
1 0.482422 0.343750 0.014947 0.014947
1 0.880911 0.342128 0.012369 0.012369
1 0.054739 0.359706 0.012369 0.012369
1 0.980469 0.361328 0.014947 0.014947
1 0.414062 0.365234 0.014947 0.014947
1 0.988281 0.388672 0.014947 0.014947
1 0.919922 0.392578 0.014947 0.014947
1 0.611380 0.408534 0.012369 0.012369
1 0.914062 0.414062 0.014947 0.014947
1 0.816458 0.430018 0.012369 0.012369
1 0.630911 0.433924 0.012369 0.012369
1 0.929739 0.476893 0.012369 0.012369
1 0.681767 0.480700 0.019022 0.019022
1 0.884892 0.486560 0.019022 0.019022
1 0.910208 0.482753 0.012369 0.012369
1 0.363333 0.494471 0.012369 0.012369
1 0.607422 0.503906 0.014947 0.014947
1 0.755911 0.519862 0.012369 0.012369
1 0.179739 0.533534 0.012369 0.012369
1 0.769583 0.553065 0.012369 0.012369
1 0.388724 0.555018 0.012369 0.012369
1 0.589895 0.584315 0.012369 0.012369
1 0.826224 0.597987 0.012369 0.012369
1 0.781302 0.619471 0.012369 0.012369
1 0.375052 0.656581 0.012369 0.012369
1 0.980520 0.672206 0.012369 0.012369
1 0.660208 0.680018 0.012369 0.012369
1 0.671927 0.724940 0.012369 0.012369
1 0.759817 0.760096 0.012369 0.012369
1 0.992976 0.773438 0.013586 0.013586
1 0.974661 0.789393 0.012369 0.012369
1 0.993501 0.797112 0.011557 0.011557
1 0.726562 0.796875 0.014947 0.014947
1 0.808594 0.843750 0.014947 0.014947
1 0.214895 0.986659 0.012369 0.012369
1 0.681641 0.023438 0.014947 0.014947
1 0.628906 0.042969 0.014947 0.014947
1 0.498099 0.049159 0.012369 0.012369
1 0.853516 0.058594 0.014947 0.014947
1 0.507812 0.076172 0.014947 0.014947
1 0.322317 0.088221 0.012369 0.012369
1 0.728516 0.089844 0.014947 0.014947
1 0.722708 0.115565 0.012369 0.012369
1 0.914062 0.158203 0.014947 0.014947
1 0.867188 0.205078 0.014947 0.014947
1 0.847708 0.211268 0.012369 0.012369
1 0.773438 0.246094 0.014947 0.014947
1 0.900442 0.318690 0.012369 0.012369
1 0.964895 0.338221 0.012369 0.012369
1 0.834036 0.408534 0.012369 0.012369
1 0.802734 0.410156 0.014947 0.014947
1 0.636770 0.453456 0.012369 0.012369
1 0.875052 0.445643 0.012369 0.012369
1 0.638672 0.501953 0.022475 0.022475
1 0.951224 0.629237 0.012369 0.012369
1 0.060547 0.884766 0.014947 0.014947
1 0.296875 0.031250 0.022475 0.022475
1 0.820364 0.115565 0.012369 0.012369
1 0.023438 0.537109 0.014947 0.014947
1 0.527344 0.730469 0.014947 0.014947
1 0.769531 0.781250 0.014947 0.014947
1 0.802734 0.006329 0.014452 0.014452
1 0.214844 0.013672 0.014947 0.014947
1 0.095703 0.017578 0.014947 0.014947
1 0.695312 0.054688 0.014947 0.014947
1 0.593750 0.210938 0.022475 0.022475
1 0.869141 0.402344 0.022475 0.022475
1 0.088017 0.486560 0.019022 0.019022
1 0.859375 0.601562 0.022475 0.022475
1 0.947266 0.150391 0.014947 0.014947
1 0.964844 0.179688 0.014947 0.014947
1 0.904424 0.191638 0.019022 0.019022
1 0.279424 0.218982 0.019022 0.019022
1 0.634766 0.357422 0.014947 0.014947
1 0.480469 0.437500 0.014947 0.014947
1 0.502005 0.445643 0.012369 0.012369
1 0.474661 0.490565 0.012369 0.012369
1 0.670049 0.513903 0.019022 0.019022
1 0.574270 0.605799 0.012369 0.012369
1 0.925781 0.636719 0.014947 0.014947
1 0.029349 0.806971 0.012369 0.012369
1 0.222656 0.933594 0.014947 0.014947
1 0.804739 0.990565 0.012369 0.012369
1 0.564453 0.006329 0.014452 0.014452
1 0.099609 0.320312 0.014947 0.014947
1 0.621094 0.320312 0.014947 0.014947
1 0.041016 0.451172 0.022475 0.022475
1 0.566458 0.453456 0.012369 0.012369
1 0.541016 0.619141 0.014947 0.014947
1 0.863438 0.105678 0.026766 0.026766
1 0.556692 0.404628 0.012369 0.012369
1 0.502005 0.426112 0.012369 0.012369
1 0.544974 0.390956 0.012369 0.012369
1 0.070364 0.260096 0.012369 0.012369
1 0.078177 0.244471 0.012369 0.012369
1 0.011770 0.820643 0.012369 0.012369
1 0.263724 0.826503 0.012369 0.012369
1 0.275442 0.822596 0.012369 0.012369
1 0.226614 0.828456 0.012369 0.012369
1 0.238333 0.846034 0.012369 0.012369
1 0.269583 0.844081 0.012369 0.012369
1 0.320364 0.922206 0.012369 0.012369
1 0.312552 0.937831 0.012369 0.012369
1 0.005911 0.937831 0.012369 0.012369
1 0.005911 0.922206 0.012369 0.012369
1 0.013724 0.930018 0.012369 0.012369
1 0.005911 0.726893 0.012369 0.012369
1 0.019583 0.728846 0.012369 0.012369
1 0.771536 0.867518 0.012369 0.012369
1 0.775442 0.857753 0.012369 0.012369
1 0.793020 0.855799 0.012369 0.012369
1 0.789114 0.838221 0.012369 0.012369
1 0.621145 0.824549 0.012369 0.012369
1 0.625052 0.836268 0.012369 0.012369
1 0.373099 0.972987 0.012369 0.012369
1 0.373099 0.959315 0.012369 0.012369
1 0.355520 0.937831 0.012369 0.012369
1 0.371145 0.931971 0.012369 0.012369
1 0.441458 0.883143 0.012369 0.012369
1 0.453177 0.875331 0.012369 0.012369
1 0.472708 0.953456 0.012369 0.012369
1 0.486380 0.943690 0.012369 0.012369
1 0.587952 0.993625 0.011345 0.011345
1 0.543048 0.994569 0.009978 0.009978
1 0.552786 0.978846 0.012369 0.012369
1 0.720765 0.993625 0.011345 0.011345
1 0.699298 0.994569 0.009978 0.009978
1 0.993501 0.939690 0.011557 0.011557
1 0.970755 0.928065 0.012369 0.012369
1 0.982474 0.937831 0.012369 0.012369
1 0.957031 0.943359 0.014947 0.014947
1 0.939453 0.931641 0.014947 0.014947
1 0.945312 0.910156 0.014947 0.014947
1 0.943359 0.890625 0.014947 0.014947
1 0.832031 0.912109 0.014947 0.014947
1 0.832031 0.929688 0.014947 0.014947
1 0.890625 0.919922 0.014947 0.014947
1 0.886719 0.939453 0.014947 0.014947
1 0.757812 0.941406 0.014947 0.014947
1 0.763672 0.923828 0.014947 0.014947
1 0.912109 0.615234 0.022475 0.022475
1 0.921927 0.592128 0.012369 0.012369
1 0.993501 0.732659 0.011557 0.011557
1 0.935599 0.805018 0.012369 0.012369
1 0.949270 0.814784 0.012369 0.012369
1 0.923880 0.795253 0.012369 0.012369
1 0.863333 0.803065 0.012369 0.012369
1 0.845755 0.795253 0.012369 0.012369
1 0.875052 0.722987 0.012369 0.012369
1 0.830130 0.722987 0.012369 0.012369
1 0.835989 0.738612 0.012369 0.012369
1 0.923880 0.687831 0.012369 0.012369
1 0.925833 0.703456 0.012369 0.012369
1 0.679739 0.683924 0.012369 0.012369
1 0.693411 0.678065 0.012369 0.012369
1 0.669974 0.762049 0.012369 0.012369
1 0.652395 0.762049 0.012369 0.012369
1 0.627005 0.769862 0.012369 0.012369
1 0.638724 0.783534 0.012369 0.012369
1 0.240286 0.742518 0.012369 0.012369
1 0.228567 0.730799 0.012369 0.012369
1 0.419974 0.783534 0.012369 0.012369
1 0.396536 0.791346 0.012369 0.012369
1 0.341849 0.836268 0.012369 0.012369
1 0.341849 0.849940 0.012369 0.012369
1 0.339895 0.867518 0.012369 0.012369
1 0.127005 0.459315 0.012369 0.012369
1 0.138724 0.469081 0.012369 0.012369
1 0.326224 0.387049 0.012369 0.012369
1 0.392630 0.428065 0.012369 0.012369
1 0.373099 0.433924 0.012369 0.012369
1 0.611380 0.082362 0.012369 0.012369
1 0.605520 0.094081 0.012369 0.012369
1 0.517630 0.256190 0.012369 0.012369
1 0.513724 0.271815 0.012369 0.012369
1 0.285208 0.389003 0.012369 0.012369
1 0.277395 0.404628 0.012369 0.012369
1 0.242239 0.363612 0.012369 0.012369
1 0.232474 0.347987 0.012369 0.012369
1 0.226614 0.365565 0.012369 0.012369
1 0.209036 0.375331 0.012369 0.012369
1 0.197317 0.347987 0.012369 0.012369
1 0.197317 0.361659 0.012369 0.012369
1 0.072317 0.338221 0.012369 0.012369
1 0.058645 0.338221 0.012369 0.012369
1 0.951172 0.324219 0.014947 0.014947
1 0.814505 0.228846 0.012369 0.012369
1 0.804739 0.219081 0.012369 0.012369
1 0.652395 0.334315 0.012369 0.012369
1 0.650442 0.318690 0.012369 0.012369
1 0.736380 0.328456 0.012369 0.012369
1 0.746145 0.349940 0.012369 0.012369
1 0.822317 0.359706 0.012369 0.012369
1 0.834036 0.351893 0.012369 0.012369
1 0.853567 0.342128 0.012369 0.012369
1 0.859427 0.355799 0.012369 0.012369
1 0.937552 0.305018 0.012369 0.012369
1 0.933645 0.285487 0.012369 0.012369
1 0.886770 0.299159 0.012369 0.012369
1 0.902395 0.289393 0.012369 0.012369
1 0.828177 0.035487 0.012369 0.012369
1 0.847708 0.033534 0.012369 0.012369
1 0.884817 0.135096 0.012369 0.012369
1 0.912161 0.129237 0.012369 0.012369
1 0.900442 0.123378 0.012369 0.012369
1 0.039114 0.012049 0.012369 0.012369
1 0.199270 0.246424 0.012369 0.012369
1 0.193411 0.264003 0.012369 0.012369
1 0.152395 0.228846 0.012369 0.012369
1 0.166067 0.244471 0.012369 0.012369
1 0.013724 0.183924 0.012369 0.012369
1 0.244192 0.101893 0.012369 0.012369
1 0.255911 0.113612 0.012369 0.012369
1 0.146536 0.123378 0.012369 0.012369
1 0.138724 0.133143 0.012369 0.012369
1 0.162161 0.133143 0.012369 0.012369
1 0.250052 0.129237 0.012369 0.012369
1 0.568411 0.174159 0.012369 0.012369
1 0.558645 0.183924 0.012369 0.012369
1 0.548880 0.178065 0.012369 0.012369
1 0.453177 0.135096 0.012369 0.012369
1 0.478567 0.170253 0.012369 0.012369
1 0.484427 0.160487 0.012369 0.012369
1 0.470755 0.180018 0.012369 0.012369
1 0.443411 0.142909 0.012369 0.012369
1 0.429739 0.146815 0.012369 0.012369
1 0.644583 0.226893 0.012369 0.012369
1 0.660208 0.207362 0.012369 0.012369
1 0.656302 0.238612 0.012369 0.012369
1 0.585989 0.273768 0.012369 0.012369
1 0.574270 0.260096 0.012369 0.012369
1 0.845755 0.131190 0.012369 0.012369
1 0.837942 0.142909 0.012369 0.012369
1 0.818411 0.133143 0.012369 0.012369
1 0.734427 0.129237 0.012369 0.012369
1 0.787161 0.148768 0.012369 0.012369
1 0.777395 0.168299 0.012369 0.012369
1 0.763724 0.172206 0.012369 0.012369
1 0.662161 0.127284 0.012369 0.012369
1 0.679739 0.121424 0.012369 0.012369
1 0.123099 0.080409 0.012369 0.012369
1 0.105520 0.086268 0.012369 0.012369
1 0.173880 0.172206 0.012369 0.012369
1 0.177786 0.158534 0.012369 0.012369
1 0.146536 0.181971 0.012369 0.012369
1 0.138724 0.166346 0.012369 0.012369
1 0.308645 0.084315 0.012369 0.012369
1 0.298880 0.070643 0.012369 0.012369
1 0.291067 0.109706 0.012369 0.012369
1 0.279349 0.117518 0.012369 0.012369
1 0.277395 0.103846 0.012369 0.012369
1 0.365286 0.164393 0.012369 0.012369
1 0.367239 0.146815 0.012369 0.012369
1 0.380911 0.203456 0.012369 0.012369
1 0.396536 0.195643 0.012369 0.012369
1 0.429688 0.466797 0.022475 0.022475
