1 0.867314 0.691638 0.019022 0.019022
1 0.804739 0.652674 0.012369 0.012369
1 0.791067 0.658534 0.012369 0.012369
1 0.820364 0.650721 0.012369 0.012369
1 0.837942 0.640956 0.012369 0.012369
1 0.236328 0.769531 0.014947 0.014947
1 0.089844 0.937500 0.014947 0.014947
1 0.093750 0.921875 0.014947 0.014947
1 0.136719 0.939453 0.014947 0.014947
1 0.142578 0.919922 0.014947 0.014947
1 0.800938 0.550991 0.026766 0.026766
1 0.777500 0.558803 0.026766 0.026766
1 0.037161 0.084315 0.012369 0.012369
1 0.044974 0.285487 0.012369 0.012369
1 0.888724 0.525721 0.012369 0.012369
1 0.789114 0.715174 0.012369 0.012369
1 0.775442 0.724940 0.012369 0.012369
1 0.750052 0.742518 0.012369 0.012369
1 0.746145 0.717128 0.012369 0.012369
1 0.740286 0.703456 0.012369 0.012369
1 0.623204 0.695522 0.026766 0.026766
1 0.601719 0.744350 0.026766 0.026766
1 0.476614 0.740565 0.012369 0.012369
1 0.433645 0.748378 0.012369 0.012369
1 0.101614 0.853846 0.012369 0.012369
1 0.117239 0.869471 0.012369 0.012369
1 0.101614 0.871424 0.012369 0.012369
1 0.138724 0.861659 0.012369 0.012369
1 0.125052 0.517909 0.012369 0.012369
1 0.134817 0.531581 0.012369 0.012369
1 0.127005 0.558924 0.012369 0.012369
1 0.127005 0.570643 0.012369 0.012369
1 0.148489 0.558924 0.012369 0.012369
1 0.005911 0.547206 0.012369 0.012369
1 0.011770 0.562831 0.012369 0.012369
1 0.119192 0.406581 0.012369 0.012369
1 0.111380 0.418299 0.012369 0.012369
1 0.541067 0.351893 0.012369 0.012369
1 0.929739 0.437831 0.012369 0.012369
1 0.919974 0.424159 0.012369 0.012369
1 0.880911 0.437831 0.012369 0.012369
1 0.884817 0.428065 0.012369 0.012369
1 0.892630 0.418299 0.012369 0.012369
1 0.877005 0.414393 0.012369 0.012369
1 0.993501 0.492424 0.011557 0.011557
1 0.904349 0.322596 0.012369 0.012369
1 0.921927 0.336268 0.012369 0.012369
1 0.878958 0.338221 0.012369 0.012369
1 0.869192 0.346034 0.012369 0.012369
1 0.859427 0.349940 0.012369 0.012369
1 0.845755 0.336268 0.012369 0.012369
1 0.519583 0.349940 0.012369 0.012369
1 0.529349 0.357753 0.012369 0.012369
1 0.441458 0.428065 0.012369 0.012369
1 0.437552 0.443690 0.012369 0.012369
1 0.242239 0.599940 0.012369 0.012369
1 0.255911 0.599940 0.012369 0.012369
1 0.238333 0.582362 0.012369 0.012369
1 0.449270 0.564784 0.012369 0.012369
1 0.455130 0.556971 0.012369 0.012369
1 0.472708 0.560878 0.012369 0.012369
1 0.513724 0.580409 0.012369 0.012369
1 0.503958 0.564784 0.012369 0.012369
1 0.384817 0.654628 0.012369 0.012369
1 0.378958 0.637049 0.012369 0.012369
1 0.494192 0.359706 0.012369 0.012369
1 0.480520 0.363612 0.012369 0.012369
1 0.529349 0.430018 0.012369 0.012369
1 0.322317 0.467128 0.012369 0.012369
1 0.355520 0.471034 0.012369 0.012369
1 0.341849 0.455409 0.012369 0.012369
1 0.310599 0.453456 0.012369 0.012369
1 0.293020 0.457362 0.012369 0.012369
1 0.064505 0.504237 0.012369 0.012369
1 0.089895 0.332362 0.012369 0.012369
1 0.095755 0.346034 0.012369 0.012369
1 0.037161 0.344081 0.012369 0.012369
1 0.248099 0.269862 0.012369 0.012369
1 0.263724 0.275721 0.012369 0.012369
1 0.978567 0.137049 0.012369 0.012369
1 0.986380 0.008143 0.012369 0.012369
1 0.921927 0.025721 0.012369 0.012369
1 0.685599 0.029628 0.012369 0.012369
1 0.710989 0.035487 0.012369 0.012369
1 0.720755 0.019862 0.012369 0.012369
1 0.753958 0.021815 0.012369 0.012369
1 0.628958 0.062831 0.012369 0.012369
1 0.127005 0.097987 0.012369 0.012369
1 0.107474 0.107753 0.012369 0.012369
1 0.275442 0.213221 0.012369 0.012369
1 0.277395 0.232753 0.012369 0.012369
1 0.894583 0.933924 0.012369 0.012369
1 0.898489 0.953456 0.012369 0.012369
1 0.966849 0.978846 0.012369 0.012369
1 0.861380 0.765956 0.012369 0.012369
1 0.867239 0.779628 0.012369 0.012369
1 0.910208 0.847987 0.012369 0.012369
1 0.925833 0.855799 0.012369 0.012369
1 0.652395 0.976893 0.012369 0.012369
1 0.671927 0.976893 0.012369 0.012369
1 0.693411 0.748378 0.012369 0.012369
1 0.464895 0.728846 0.012369 0.012369
1 0.460989 0.742518 0.012369 0.012369
1 0.371145 0.728846 0.012369 0.012369
1 0.361380 0.740565 0.012369 0.012369
1 0.341849 0.746424 0.012369 0.012369
1 0.345755 0.764003 0.012369 0.012369
1 0.283255 0.781581 0.012369 0.012369
1 0.275442 0.797206 0.012369 0.012369
1 0.283255 0.791346 0.012369 0.012369
1 0.259817 0.805018 0.012369 0.012369
1 0.216849 0.787440 0.012369 0.012369
1 0.031302 0.656581 0.012369 0.012369
1 0.046927 0.650721 0.012369 0.012369
1 0.142630 0.736659 0.012369 0.012369
1 0.158255 0.726893 0.012369 0.012369
1 0.136770 0.722987 0.012369 0.012369
1 0.046927 0.771815 0.012369 0.012369
1 0.031302 0.769862 0.012369 0.012369
1 0.054739 0.783534 0.012369 0.012369
1 0.037161 0.892909 0.012369 0.012369
1 0.052786 0.904628 0.012369 0.012369
1 0.111380 0.955409 0.012369 0.012369
1 0.128958 0.963221 0.012369 0.012369
1 0.117239 0.984706 0.012369 0.012369
1 0.136770 0.992518 0.012369 0.012369
1 0.459036 0.986659 0.012369 0.012369
1 0.470755 0.971034 0.012369 0.012369
1 0.416067 0.972987 0.012369 0.012369
1 0.423880 0.957362 0.012369 0.012369
1 0.531302 0.953456 0.012369 0.012369
1 0.625052 0.992518 0.012369 0.012369
1 0.539114 0.887049 0.012369 0.012369
1 0.531302 0.894862 0.012369 0.012369
1 0.535208 0.912440 0.012369 0.012369
1 0.418020 0.779628 0.012369 0.012369
1 0.431692 0.777674 0.012369 0.012369
1 0.431692 0.791346 0.012369 0.012369
1 0.207083 0.945643 0.012369 0.012369
1 0.205130 0.959315 0.012369 0.012369
1 0.404349 0.916346 0.012369 0.012369
1 0.414114 0.928065 0.012369 0.012369
1 0.382864 0.990565 0.012369 0.012369
1 0.369192 0.986659 0.012369 0.012369
1 0.642630 0.094081 0.012369 0.012369
1 0.654349 0.096034 0.012369 0.012369
1 0.668020 0.160487 0.012369 0.012369
1 0.683645 0.154628 0.012369 0.012369
1 0.699270 0.154628 0.012369 0.012369
1 0.105520 0.051112 0.012369 0.012369
1 0.099661 0.033534 0.012369 0.012369
1 0.242239 0.029628 0.012369 0.012369
1 0.252005 0.015956 0.012369 0.012369
1 0.291067 0.129237 0.012369 0.012369
1 0.300833 0.139003 0.012369 0.012369
1 0.410208 0.279628 0.012369 0.012369
1 0.419974 0.291346 0.012369 0.012369
1 0.816458 0.439784 0.012369 0.012369
1 0.820364 0.453456 0.012369 0.012369
1 0.857474 0.426112 0.012369 0.012369
1 0.841849 0.420253 0.012369 0.012369
1 0.810599 0.260096 0.012369 0.012369
1 0.796927 0.262049 0.012369 0.012369
1 0.271536 0.365565 0.012369 0.012369
1 0.283255 0.400721 0.012369 0.012369
1 0.285208 0.389003 0.012369 0.012369
1 0.291067 0.375331 0.012369 0.012369
1 0.271536 0.324549 0.012369 0.012369
1 0.253958 0.338221 0.012369 0.012369
1 0.298880 0.197596 0.012369 0.012369
1 0.308645 0.211268 0.012369 0.012369
1 0.519583 0.187831 0.012369 0.012369
1 0.529349 0.205409 0.012369 0.012369
1 0.679739 0.279628 0.012369 0.012369
1 0.845755 0.281581 0.012369 0.012369
1 0.863333 0.287440 0.012369 0.012369
1 0.714895 0.431971 0.012369 0.012369
1 0.718802 0.447596 0.012369 0.012369
1 0.705130 0.379237 0.012369 0.012369
1 0.533255 0.935878 0.012369 0.012369
1 0.207203 0.343953 0.034741 0.034741
1 0.617239 0.715174 0.012369 0.012369
1 0.824270 0.267909 0.012369 0.012369
1 0.253958 0.385096 0.012369 0.012369
1 0.505859 0.638672 0.014947 0.014947
1 0.869141 0.539062 0.014947 0.014947
1 0.355595 0.076403 0.019022 0.019022
1 0.632812 0.042969 0.014947 0.014947
1 0.910208 0.010096 0.012369 0.012369
1 0.993501 0.900627 0.011557 0.011557
1 0.691406 0.722656 0.014947 0.014947
1 0.802786 0.519862 0.012369 0.012369
1 0.058594 0.353516 0.022475 0.022475
1 0.300781 0.330078 0.022475 0.022475
1 0.669922 0.261719 0.014947 0.014947
1 0.550781 0.121094 0.014947 0.014947
1 0.584111 0.894763 0.019022 0.019022
1 0.521611 0.763903 0.019022 0.019022
1 0.781250 0.630859 0.014947 0.014947
1 0.787161 0.586268 0.012369 0.012369
1 0.347783 0.582263 0.019022 0.019022
1 0.838017 0.496325 0.019022 0.019022
1 0.531250 0.458984 0.014947 0.014947
1 0.904297 0.451172 0.022475 0.022475
1 0.117188 0.228516 0.014947 0.014947
1 0.210938 0.080078 0.014947 0.014947
1 0.361455 0.875232 0.019022 0.019022
1 0.103516 0.833984 0.014947 0.014947
1 0.046875 0.820312 0.014947 0.014947
1 0.713017 0.812732 0.019022 0.019022
1 0.074219 0.808594 0.014947 0.014947
1 0.986328 0.568359 0.022475 0.022475
1 0.052734 0.509766 0.014947 0.014947
1 0.839844 0.458984 0.014947 0.014947
1 0.339970 0.420153 0.019022 0.019022
1 0.740361 0.355700 0.019022 0.019022
1 0.261719 0.322266 0.014947 0.014947
1 0.576299 0.222888 0.019022 0.019022
1 0.384766 0.167969 0.014947 0.014947
1 0.800908 0.170153 0.019022 0.019022
1 0.658255 0.174159 0.012369 0.012369
1 0.238333 0.070643 0.012369 0.012369
1 0.990234 0.787109 0.014947 0.014947
1 0.306767 0.664294 0.019022 0.019022
1 0.609532 0.603725 0.026766 0.026766
1 0.250000 0.546875 0.014947 0.014947
1 0.222656 0.375000 0.014947 0.014947
1 0.728516 0.312500 0.014947 0.014947
1 0.078125 0.294922 0.022475 0.022475
1 0.955078 0.283203 0.014947 0.014947
1 0.978567 0.203456 0.012369 0.012369
1 0.668020 0.015956 0.012369 0.012369
1 0.300781 0.763672 0.022475 0.022475
1 0.845703 0.755859 0.006233 0.006233
1 0.353516 0.697266 0.022475 0.022475
1 0.910283 0.693591 0.019022 0.019022
1 0.910156 0.666016 0.014947 0.014947
1 0.935547 0.652344 0.014947 0.014947
1 0.732422 0.644531 0.014947 0.014947
1 0.960938 0.634766 0.014947 0.014947
1 0.787161 0.607753 0.012369 0.012369
1 0.408203 0.591797 0.014947 0.014947
1 0.972656 0.441406 0.014947 0.014947
1 0.447317 0.406581 0.012369 0.012369
1 0.687552 0.390956 0.012369 0.012369
1 0.812627 0.324450 0.019022 0.019022
1 0.800781 0.281250 0.014947 0.014947
1 0.927734 0.271484 0.014947 0.014947
1 0.103516 0.265625 0.022475 0.022475
1 0.681692 0.217128 0.012369 0.012369
1 0.486328 0.205078 0.014947 0.014947
1 0.902344 0.177734 0.014947 0.014947
1 0.628906 0.177734 0.014947 0.014947
1 0.398489 0.144862 0.012369 0.012369
1 0.947266 0.138672 0.014947 0.014947
1 0.669974 0.133143 0.012369 0.012369
1 0.744192 0.129237 0.012369 0.012369
1 0.724609 0.123047 0.014947 0.014947
1 0.947266 0.111328 0.014947 0.014947
1 0.843750 0.097656 0.014947 0.014947
1 0.910208 0.099940 0.012369 0.012369
1 0.779349 0.074549 0.012369 0.012369
1 0.884766 0.068359 0.014947 0.014947
1 0.583984 0.064453 0.014947 0.014947
1 0.773489 0.051112 0.012369 0.012369
1 0.943359 0.048828 0.014947 0.014947
1 0.662161 0.037440 0.012369 0.012369
1 0.847656 0.035156 0.014947 0.014947
1 0.593750 0.029297 0.014947 0.014947
1 0.572266 0.019531 0.014947 0.014947
1 0.859375 0.007812 0.014947 0.014947
1 0.959036 0.992518 0.012369 0.012369
1 0.919922 0.972656 0.014947 0.014947
1 0.882812 0.972656 0.014947 0.014947
1 0.625052 0.969081 0.012369 0.012369
1 0.371145 0.967128 0.012369 0.012369
1 0.873047 0.951172 0.014947 0.014947
1 0.632864 0.945643 0.012369 0.012369
1 0.769531 0.941406 0.014947 0.014947
1 0.486328 0.941406 0.014947 0.014947
1 0.708984 0.937500 0.014947 0.014947
1 0.460989 0.908534 0.012369 0.012369
1 0.355520 0.896815 0.012369 0.012369
1 0.687500 0.888672 0.014947 0.014947
1 0.894531 0.875000 0.014947 0.014947
1 0.863281 0.873047 0.014947 0.014947
1 0.470703 0.867188 0.014947 0.014947
1 0.726614 0.836268 0.012369 0.012369
1 0.853516 0.818359 0.014947 0.014947
1 0.972708 0.812831 0.012369 0.012369
1 0.919922 0.775391 0.014947 0.014947
1 0.877005 0.754237 0.012369 0.012369
1 0.642630 0.730799 0.012369 0.012369
1 0.830078 0.707031 0.014947 0.014947
1 0.787109 0.685547 0.014947 0.014947
1 0.441406 0.660156 0.014947 0.014947
1 0.869192 0.652674 0.012369 0.012369
1 0.582031 0.638672 0.014947 0.014947
1 0.550781 0.628906 0.014947 0.014947
1 0.757812 0.623047 0.014947 0.014947
1 0.910156 0.603516 0.014947 0.014947
1 0.832031 0.589844 0.014947 0.014947
1 0.425833 0.574549 0.012369 0.012369
1 0.949345 0.560778 0.019022 0.019022
1 0.554688 0.548828 0.014947 0.014947
1 0.363281 0.515625 0.014947 0.014947
1 0.628906 0.513672 0.014947 0.014947
1 0.541016 0.515625 0.014947 0.014947
1 0.507864 0.514003 0.012369 0.012369
1 0.902344 0.507812 0.014947 0.014947
1 0.761719 0.505859 0.014947 0.014947
1 0.339844 0.496094 0.014947 0.014947
1 0.646484 0.494141 0.014947 0.014947
1 0.796875 0.486328 0.014947 0.014947
1 0.945439 0.461169 0.019022 0.019022
1 0.375000 0.447266 0.014947 0.014947
1 0.609375 0.431641 0.014947 0.014947
1 0.607422 0.408203 0.014947 0.014947
1 0.056692 0.424159 0.012369 0.012369
1 0.955205 0.388903 0.019022 0.019022
1 0.806641 0.384766 0.014947 0.014947
1 0.511719 0.376953 0.014947 0.014947
1 0.630859 0.371094 0.014947 0.014947
1 0.941406 0.361328 0.014947 0.014947
1 0.695364 0.361659 0.012369 0.012369
1 0.619141 0.349609 0.014947 0.014947
1 0.400391 0.343750 0.014947 0.014947
1 0.478516 0.341797 0.014947 0.014947
1 0.445312 0.343750 0.014947 0.014947
1 0.585938 0.341797 0.014947 0.014947
1 0.947266 0.330078 0.014947 0.014947
1 0.990234 0.326172 0.014947 0.014947
1 0.402344 0.314453 0.014947 0.014947
1 0.554739 0.305018 0.012369 0.012369
1 0.787109 0.300781 0.014947 0.014947
1 0.707083 0.303065 0.012369 0.012369
1 0.755859 0.298828 0.014947 0.014947
1 0.589844 0.292969 0.014947 0.014947
1 0.033255 0.291346 0.012369 0.012369
1 0.900517 0.289294 0.019022 0.019022
1 0.541016 0.287109 0.014947 0.014947
1 0.507812 0.281250 0.014947 0.014947
1 0.617188 0.263672 0.014947 0.014947
1 0.330130 0.254237 0.012369 0.012369
1 0.263724 0.246424 0.012369 0.012369
1 0.884892 0.224841 0.019022 0.019022
1 0.326224 0.222987 0.012369 0.012369
1 0.707031 0.210938 0.014947 0.014947
1 0.357422 0.207031 0.014947 0.014947
1 0.748047 0.207031 0.014947 0.014947
1 0.785156 0.193359 0.014947 0.014947
1 0.177734 0.187500 0.014947 0.014947
1 0.689505 0.176112 0.012369 0.012369
1 0.226614 0.156581 0.012369 0.012369
1 0.554688 0.152344 0.014947 0.014947
1 0.164062 0.138672 0.022475 0.022475
1 0.824345 0.123278 0.019022 0.019022
1 0.576172 0.117188 0.014947 0.014947
1 0.500000 0.105469 0.014947 0.014947
1 0.535156 0.099609 0.014947 0.014947
1 0.675833 0.086268 0.012369 0.012369
1 0.943359 0.078125 0.014947 0.014947
1 0.757864 0.074549 0.012369 0.012369
1 0.390625 0.072266 0.014947 0.014947
1 0.302734 0.072266 0.014947 0.014947
1 0.089844 0.062500 0.014947 0.014947
1 0.720703 0.062500 0.014947 0.014947
1 0.310599 0.051112 0.012369 0.012369
1 0.484375 0.037109 0.014947 0.014947
1 0.218750 0.021484 0.014947 0.014947
1 0.519531 0.015625 0.014947 0.014947
1 0.441406 0.015625 0.014947 0.014947
1 0.115234 0.011719 0.014947 0.014947
1 0.029297 0.004883 0.011662 0.011662
1 0.701224 0.980799 0.012369 0.012369
1 0.250052 0.967128 0.012369 0.012369
1 0.710989 0.963221 0.012369 0.012369
1 0.789062 0.955078 0.014947 0.014947
1 0.308594 0.943359 0.014947 0.014947
1 0.248047 0.943359 0.014947 0.014947
1 0.582031 0.943359 0.014947 0.014947
1 0.796875 0.921875 0.014947 0.014947
1 0.761719 0.912109 0.014947 0.014947
1 0.378906 0.914062 0.014947 0.014947
1 0.294922 0.898438 0.014947 0.014947
1 0.472656 0.888672 0.014947 0.014947
1 0.337942 0.883143 0.012369 0.012369
1 0.652344 0.880859 0.014947 0.014947
1 0.269583 0.867518 0.012369 0.012369
1 0.070364 0.861659 0.012369 0.012369
1 0.740286 0.851893 0.012369 0.012369
1 0.578125 0.853516 0.014947 0.014947
1 0.232474 0.851893 0.012369 0.012369
1 0.642578 0.851562 0.014947 0.014947
1 0.777344 0.849609 0.014947 0.014947
1 0.681641 0.843750 0.014947 0.014947
1 0.544922 0.841797 0.014947 0.014947
1 0.375000 0.835938 0.014947 0.014947
1 0.335938 0.833984 0.014947 0.014947
1 0.583984 0.828125 0.014947 0.014947
1 0.148438 0.830078 0.014947 0.014947
1 0.449219 0.828125 0.014947 0.014947
1 0.763799 0.822497 0.019022 0.019022
1 0.476562 0.822266 0.014947 0.014947
1 0.316406 0.806641 0.014947 0.014947
1 0.625000 0.796875 0.014947 0.014947
1 0.369141 0.796875 0.014947 0.014947
1 0.564453 0.787109 0.014947 0.014947
1 0.134766 0.771484 0.014947 0.014947
1 0.197266 0.769531 0.014947 0.014947
1 0.472656 0.765625 0.014947 0.014947
1 0.800781 0.751953 0.014947 0.014947
1 0.275391 0.748047 0.014947 0.014947
1 0.734427 0.744471 0.012369 0.012369
1 0.226562 0.740234 0.014947 0.014947
1 0.267578 0.724609 0.014947 0.014947
1 0.841797 0.722656 0.014947 0.014947
1 0.552734 0.716797 0.014947 0.014947
1 0.382864 0.713221 0.012369 0.012369
1 0.433720 0.709216 0.019022 0.019022
1 0.316458 0.711268 0.012369 0.012369
1 0.568486 0.681872 0.019022 0.019022
1 0.085938 0.677734 0.014947 0.014947
1 0.941406 0.673828 0.014947 0.014947
1 0.335938 0.667969 0.014947 0.014947
1 0.486328 0.658203 0.014947 0.014947
1 0.306641 0.644531 0.014947 0.014947
1 0.029297 0.625000 0.014947 0.014947
1 0.248047 0.621094 0.014947 0.014947
1 0.515625 0.611328 0.014947 0.014947
1 0.466797 0.607422 0.014947 0.014947
1 0.134766 0.599609 0.014947 0.014947
1 0.302734 0.576172 0.014947 0.014947
1 0.386719 0.568359 0.014947 0.014947
1 0.675781 0.566406 0.014947 0.014947
1 0.281250 0.558594 0.014947 0.014947
1 0.417969 0.544922 0.014947 0.014947
1 0.333984 0.542969 0.014947 0.014947
1 0.617188 0.537109 0.014947 0.014947
1 0.224609 0.531250 0.014947 0.014947
1 0.472656 0.531250 0.014947 0.014947
1 0.830078 0.529297 0.014947 0.014947
1 0.435547 0.525391 0.014947 0.014947
1 0.388672 0.517578 0.014947 0.014947
1 0.466797 0.494141 0.014947 0.014947
1 0.595703 0.490234 0.014947 0.014947
1 0.019688 0.500210 0.026766 0.026766
1 0.199270 0.486659 0.012369 0.012369
1 0.541067 0.482753 0.012369 0.012369
1 0.425781 0.476562 0.014947 0.014947
1 0.162161 0.472987 0.012369 0.012369
1 0.505911 0.471034 0.012369 0.012369
1 0.626953 0.443359 0.014947 0.014947
1 0.208984 0.435547 0.014947 0.014947
1 0.248047 0.433594 0.014947 0.014947
1 0.181641 0.433594 0.014947 0.014947
1 0.378906 0.412109 0.014947 0.014947
1 0.400391 0.392578 0.014947 0.014947
1 0.433594 0.367188 0.014947 0.014947
1 0.134892 0.308825 0.019022 0.019022
1 0.183645 0.306971 0.012369 0.012369
1 0.203177 0.301112 0.012369 0.012369
1 0.464844 0.296875 0.014947 0.014947
1 0.632939 0.295153 0.019022 0.019022
1 0.384766 0.291016 0.014947 0.014947
1 0.359375 0.289062 0.014947 0.014947
1 0.025442 0.258143 0.012369 0.012369
1 0.173828 0.246094 0.014947 0.014947
1 0.048880 0.246424 0.012369 0.012369
1 0.080078 0.230469 0.014947 0.014947
1 0.158203 0.222656 0.014947 0.014947
1 0.250052 0.209315 0.012369 0.012369
1 0.433594 0.195312 0.014947 0.014947
1 0.083984 0.193359 0.014947 0.014947
1 0.113281 0.189453 0.014947 0.014947
1 0.232549 0.185778 0.019022 0.019022
1 0.132812 0.171875 0.014947 0.014947
1 0.292969 0.166016 0.014947 0.014947
1 0.871265 0.170125 0.034741 0.034741
1 0.050833 0.156581 0.012369 0.012369
1 0.033255 0.146815 0.012369 0.012369
1 0.230469 0.136719 0.014947 0.014947
1 0.132812 0.130859 0.014947 0.014947
1 0.074219 0.113281 0.014947 0.014947
1 0.039062 0.115234 0.014947 0.014947
1 0.482422 0.062500 0.014947 0.014947
1 0.017578 0.058594 0.014947 0.014947
1 0.060599 0.992518 0.012369 0.012369
1 0.275391 0.976562 0.014947 0.014947
1 0.019531 0.964844 0.014947 0.014947
1 0.083984 0.964844 0.014947 0.014947
1 0.265625 0.927734 0.014947 0.014947
1 0.068359 0.925781 0.014947 0.014947
1 0.162109 0.908203 0.014947 0.014947
1 0.234375 0.886719 0.014947 0.014947
1 0.031250 0.861328 0.014947 0.014947
1 0.644531 0.820312 0.014947 0.014947
1 0.093750 0.736328 0.014947 0.014947
1 0.300833 0.726893 0.012369 0.012369
1 0.179688 0.722656 0.014947 0.014947
1 0.039062 0.707031 0.014947 0.014947
1 0.203125 0.697266 0.014947 0.014947
1 0.464844 0.699219 0.014947 0.014947
1 0.251953 0.689453 0.014947 0.014947
1 0.230469 0.675781 0.014947 0.014947
1 0.220703 0.650391 0.014947 0.014947
1 0.253906 0.646484 0.014947 0.014947
1 0.113333 0.642909 0.012369 0.012369
1 0.279297 0.628906 0.014947 0.014947
1 0.089844 0.566406 0.014947 0.014947
1 0.191406 0.564453 0.014947 0.014947
1 0.113281 0.494141 0.014947 0.014947
1 0.226562 0.470703 0.014947 0.014947
1 0.195312 0.457031 0.014947 0.014947
1 0.023438 0.457031 0.014947 0.014947
1 0.072266 0.455078 0.014947 0.014947
1 0.117188 0.373047 0.014947 0.014947
1 0.089844 0.375000 0.014947 0.014947
1 0.023438 0.310547 0.014947 0.014947
1 0.009817 0.181971 0.012369 0.012369
1 0.244141 0.093750 0.014947 0.014947
1 0.154297 0.062500 0.014947 0.014947
1 0.056641 0.943359 0.014947 0.014947
1 0.087891 0.894531 0.014947 0.014947
1 0.504033 0.875232 0.019022 0.019022
1 0.132812 0.628906 0.014947 0.014947
1 0.201172 0.605469 0.014947 0.014947
1 0.021611 0.590075 0.019022 0.019022
1 0.046875 0.552734 0.014947 0.014947
1 0.701172 0.470703 0.014947 0.014947
1 0.132812 0.335938 0.014947 0.014947
