1 0.896536 0.404628 0.012369 0.012369
1 0.918020 0.406581 0.012369 0.012369
1 0.951172 0.462891 0.014947 0.014947
1 0.980469 0.261719 0.014947 0.014947
1 0.990234 0.343750 0.014947 0.014947
1 0.539189 0.355700 0.019022 0.019022
1 0.373047 0.601562 0.014947 0.014947
1 0.402344 0.978516 0.022475 0.022475
1 0.687500 0.207031 0.014947 0.014947
1 0.167969 0.138672 0.014947 0.014947
1 0.169922 0.072266 0.014947 0.014947
1 0.621094 0.070312 0.014947 0.014947
1 0.449219 0.031250 0.014947 0.014947
1 0.804814 0.136950 0.019022 0.019022
1 0.191406 0.029297 0.014947 0.014947
1 0.654297 0.777344 0.014947 0.014947
1 0.445312 0.187500 0.014947 0.014947
1 0.664062 0.404297 0.014947 0.014947
1 0.730469 0.457031 0.014947 0.014947
1 0.876953 0.458984 0.014947 0.014947
1 0.855520 0.496424 0.012369 0.012369
1 0.529297 0.605469 0.014947 0.014947
1 0.496094 0.593750 0.014947 0.014947
1 0.445312 0.515625 0.014947 0.014947
1 0.335938 0.507812 0.014947 0.014947
1 0.472656 0.263672 0.014947 0.014947
1 0.208984 0.220703 0.014947 0.014947
1 0.300781 0.177734 0.014947 0.014947
1 0.113281 0.140625 0.014947 0.014947
1 0.003906 0.140625 0.006233 0.006233
1 0.404297 0.132812 0.014947 0.014947
1 0.279297 0.083984 0.014947 0.014947
1 0.392578 0.080078 0.014947 0.014947
1 0.117188 0.068359 0.014947 0.014947
1 0.333984 0.042969 0.014947 0.014947
1 0.291016 0.035156 0.014947 0.014947
1 0.748047 0.994141 0.006233 0.006233
1 0.876953 0.972656 0.014947 0.014947
1 0.623047 0.912109 0.014947 0.014947
1 0.759766 0.828125 0.014947 0.014947
1 0.627080 0.802966 0.019022 0.019022
1 0.839844 0.783203 0.014947 0.014947
1 0.593750 0.767578 0.014947 0.014947
1 0.787236 0.756091 0.019022 0.019022
1 0.535156 0.724609 0.014947 0.014947
1 0.406250 0.644531 0.014947 0.014947
1 0.517630 0.635096 0.012369 0.012369
1 0.603516 0.626953 0.014947 0.014947
1 0.546875 0.556641 0.014947 0.014947
1 0.498047 0.527344 0.014947 0.014947
1 0.412109 0.445312 0.014947 0.014947
1 0.275391 0.410156 0.014947 0.014947
1 0.337891 0.378906 0.014947 0.014947
1 0.599609 0.367188 0.014947 0.014947
1 0.455078 0.365234 0.014947 0.014947
1 0.179688 0.343750 0.014947 0.014947
1 0.224609 0.330078 0.014947 0.014947
1 0.310547 0.330078 0.014947 0.014947
1 0.363281 0.300781 0.014947 0.014947
1 0.394531 0.248047 0.014947 0.014947
1 0.078125 0.142578 0.014947 0.014947
1 0.324219 0.089844 0.014947 0.014947
1 0.830078 0.017578 0.014947 0.014947
1 0.343750 0.958984 0.014947 0.014947
1 0.583984 0.898438 0.014947 0.014947
1 0.419922 0.867188 0.014947 0.014947
1 0.501953 0.849609 0.014947 0.014947
1 0.146484 0.824219 0.014947 0.014947
1 0.468750 0.781250 0.014947 0.014947
1 0.193359 0.755859 0.014947 0.014947
1 0.416016 0.738281 0.014947 0.014947
1 0.228516 0.736328 0.014947 0.014947
1 0.193359 0.677734 0.014947 0.014947
1 0.541016 0.654297 0.014947 0.014947
1 0.462891 0.634766 0.014947 0.014947
1 0.009817 0.601893 0.012369 0.012369
1 0.458984 0.591797 0.014947 0.014947
1 0.136719 0.591797 0.014947 0.014947
1 0.361328 0.576172 0.014947 0.014947
1 0.453125 0.468750 0.014947 0.014947
1 0.187500 0.453125 0.014947 0.014947
1 0.365234 0.394531 0.014947 0.014947
1 0.142578 0.378906 0.014947 0.014947
1 0.361328 0.972656 0.014947 0.014947
1 0.312500 0.945312 0.014947 0.014947
1 0.675781 0.193359 0.014947 0.014947
1 0.074219 0.246094 0.014947 0.014947
1 0.029297 0.242188 0.014947 0.014947
1 0.041016 0.230469 0.014947 0.014947
1 0.466797 0.900391 0.014947 0.014947
1 0.484375 0.904297 0.014947 0.014947
1 0.884766 0.529297 0.014947 0.014947
1 0.941406 0.548828 0.014947 0.014947
1 0.921875 0.667969 0.014947 0.014947
1 0.900391 0.783203 0.014947 0.014947
1 0.908203 0.814453 0.014947 0.014947
1 0.939453 0.873047 0.014947 0.014947
1 0.769583 0.006190 0.012369 0.012369
1 0.582031 0.021484 0.014947 0.014947
1 0.808594 0.216797 0.014947 0.014947
1 0.759766 0.218750 0.014947 0.014947
1 0.193359 0.896484 0.014947 0.014947
1 0.031250 0.892578 0.014947 0.014947
1 0.189453 0.730469 0.014947 0.014947
1 0.181767 0.422107 0.019022 0.019022
1 0.029297 0.300781 0.014947 0.014947
1 0.277344 0.287109 0.014947 0.014947
1 0.281250 0.263672 0.014947 0.014947
1 0.093750 0.244141 0.014947 0.014947
1 0.671875 0.212891 0.014947 0.014947
1 0.925908 0.250232 0.019022 0.019022
