1 0.666016 0.429688 0.014947 0.014947
1 0.027344 0.595703 0.014947 0.014947
1 0.458984 0.603516 0.014947 0.014947
1 0.292969 0.619141 0.014947 0.014947
1 0.177734 0.636719 0.014947 0.014947
1 0.048828 0.675781 0.014947 0.014947
1 0.041016 0.728516 0.014947 0.014947
1 0.076172 0.742188 0.014947 0.014947
1 0.486328 0.767578 0.014947 0.014947
1 0.494141 0.800781 0.014947 0.014947
1 0.208984 0.804688 0.014947 0.014947
1 0.261719 0.810547 0.014947 0.014947
1 0.166067 0.818690 0.012369 0.012369
1 0.617188 0.824219 0.014947 0.014947
1 0.042969 0.849609 0.014947 0.014947
1 0.140625 0.851562 0.014947 0.014947
1 0.677734 0.861328 0.014947 0.014947
1 0.478516 0.878906 0.014947 0.014947
1 0.085989 0.885096 0.012369 0.012369
1 0.335938 0.888672 0.014947 0.014947
1 0.117188 0.931641 0.014947 0.014947
1 0.175781 0.933594 0.014947 0.014947
1 0.011719 0.953125 0.014947 0.014947
1 0.404297 0.951172 0.014947 0.014947
1 0.626953 0.958984 0.014947 0.014947
1 0.933720 0.967028 0.019022 0.019022
1 0.132812 0.978516 0.014947 0.014947
1 0.404349 0.990565 0.012369 0.012369
1 0.044922 0.281250 0.014947 0.014947
1 0.289062 0.316406 0.014947 0.014947
1 0.042969 0.376953 0.014947 0.014947
1 0.185547 0.380859 0.014947 0.014947
1 0.345703 0.425781 0.014947 0.014947
1 0.296875 0.447266 0.014947 0.014947
1 0.119141 0.458984 0.014947 0.014947
1 0.228516 0.468750 0.014947 0.014947
1 0.414062 0.470703 0.014947 0.014947
1 0.353516 0.488281 0.014947 0.014947
1 0.546875 0.517578 0.014947 0.014947
1 0.156250 0.535156 0.014947 0.014947
1 0.357422 0.544922 0.014947 0.014947
1 0.060547 0.578125 0.014947 0.014947
1 0.625000 0.578125 0.014947 0.014947
1 0.541016 0.587891 0.014947 0.014947
1 0.642578 0.621094 0.014947 0.014947
1 0.605469 0.626953 0.014947 0.014947
1 0.511719 0.644531 0.014947 0.014947
1 0.335938 0.666016 0.014947 0.014947
1 0.404297 0.666016 0.014947 0.014947
1 0.720703 0.687500 0.014947 0.014947
1 0.234375 0.707031 0.014947 0.014947
1 0.494141 0.720703 0.014947 0.014947
1 0.919922 0.724609 0.014947 0.014947
1 0.835938 0.742188 0.014947 0.014947
1 0.662109 0.744141 0.014947 0.014947
1 0.531250 0.792969 0.014947 0.014947
1 0.875000 0.822266 0.014947 0.014947
1 0.968750 0.832031 0.014947 0.014947
1 0.554688 0.843750 0.014947 0.014947
1 0.585938 0.857422 0.014947 0.014947
1 0.417969 0.865234 0.014947 0.014947
1 0.304688 0.871094 0.014947 0.014947
1 0.451172 0.882812 0.014947 0.014947
1 0.556641 0.890625 0.014947 0.014947
1 0.834036 0.896815 0.012369 0.012369
1 0.113281 0.962891 0.014947 0.014947
1 0.136719 0.031250 0.014947 0.014947
1 0.253906 0.058594 0.014947 0.014947
1 0.054688 0.070312 0.014947 0.014947
1 0.015625 0.072266 0.014947 0.014947
1 0.289062 0.105469 0.014947 0.014947
1 0.210938 0.111328 0.014947 0.014947
1 0.031250 0.125000 0.014947 0.014947
1 0.181641 0.144531 0.014947 0.014947
1 0.228516 0.152344 0.014947 0.014947
1 0.279297 0.171875 0.014947 0.014947
1 0.150391 0.216797 0.014947 0.014947
1 0.427861 0.228747 0.019022 0.019022
1 0.207031 0.236328 0.014947 0.014947
1 0.144531 0.240234 0.014947 0.014947
1 0.619141 0.267578 0.014947 0.014947
1 0.128906 0.267578 0.014947 0.014947
1 0.011719 0.273438 0.014947 0.014947
1 0.185599 0.320643 0.012369 0.012369
1 0.871145 0.142909 0.012369 0.012369
1 0.855520 0.162440 0.012369 0.012369
1 0.880911 0.160487 0.012369 0.012369
1 0.490286 0.129237 0.012369 0.012369
1 0.482474 0.135096 0.012369 0.012369
1 0.293020 0.037440 0.012369 0.012369
1 0.312552 0.053065 0.012369 0.012369
1 0.302786 0.047206 0.012369 0.012369
1 0.152395 0.387049 0.012369 0.012369
1 0.138724 0.416346 0.012369 0.012369
1 0.146536 0.412440 0.012369 0.012369
1 0.148489 0.398768 0.012369 0.012369
1 0.011770 0.490565 0.012369 0.012369
1 0.004738 0.478660 0.011452 0.011452
1 0.449270 0.502284 0.012369 0.012369
1 0.435599 0.488612 0.012369 0.012369
1 0.324270 0.521815 0.012369 0.012369
1 0.322317 0.508143 0.012369 0.012369
1 0.300833 0.533534 0.012369 0.012369
1 0.988333 0.269862 0.012369 0.012369
1 0.982474 0.281581 0.012369 0.012369
1 0.166067 0.963221 0.012369 0.012369
1 0.154349 0.955409 0.012369 0.012369
1 0.345755 0.939784 0.012369 0.012369
1 0.357474 0.945643 0.012369 0.012369
1 0.388724 0.885096 0.012369 0.012369
1 0.087942 0.865565 0.012369 0.012369
1 0.072317 0.863612 0.012369 0.012369
1 0.175833 0.849940 0.012369 0.012369
1 0.183645 0.840174 0.012369 0.012369
1 0.398489 0.900721 0.012369 0.012369
1 0.429739 0.898768 0.012369 0.012369
1 0.441458 0.904628 0.012369 0.012369
1 0.519583 0.851893 0.012369 0.012369
1 0.531302 0.853846 0.012369 0.012369
1 0.378958 0.806971 0.012369 0.012369
1 0.371145 0.824549 0.012369 0.012369
1 0.582083 0.816737 0.012369 0.012369
1 0.570364 0.814784 0.012369 0.012369
1 0.572317 0.805018 0.012369 0.012369
1 0.650391 0.802734 0.014947 0.014947
1 0.664062 0.789062 0.014947 0.014947
1 0.763672 0.802734 0.014947 0.014947
1 0.777344 0.804688 0.014947 0.014947
1 0.746094 0.771484 0.014947 0.014947
1 0.755859 0.759766 0.014947 0.014947
1 0.664062 0.880859 0.014947 0.014947
1 0.656250 0.900391 0.014947 0.014947
1 0.685547 0.906250 0.014947 0.014947
1 0.683594 0.921875 0.014947 0.014947
1 0.712891 0.917969 0.014947 0.014947
1 0.785156 0.873047 0.014947 0.014947
1 0.787109 0.894531 0.014947 0.014947
1 0.726562 0.933594 0.014947 0.014947
1 0.671875 0.976562 0.014947 0.014947
1 0.652344 0.976562 0.014947 0.014947
1 0.634766 0.992976 0.013586 0.013586
1 0.605595 0.185778 0.019022 0.019022
1 0.087942 0.238612 0.012369 0.012369
1 0.103567 0.252284 0.012369 0.012369
1 0.152395 0.305018 0.012369 0.012369
1 0.168020 0.314784 0.012369 0.012369
1 0.228567 0.072596 0.012369 0.012369
1 0.212942 0.060878 0.012369 0.012369
1 0.205130 0.041346 0.012369 0.012369
1 0.166067 0.347987 0.012369 0.012369
1 0.160208 0.330409 0.012369 0.012369
1 0.160208 0.500331 0.012369 0.012369
1 0.156302 0.488612 0.012369 0.012369
1 0.091849 0.496424 0.012369 0.012369
1 0.099661 0.488612 0.012369 0.012369
1 0.019583 0.517909 0.012369 0.012369
1 0.029349 0.506190 0.012369 0.012369
1 0.375052 0.408534 0.012369 0.012369
1 0.359427 0.404628 0.012369 0.012369
1 0.533203 0.425781 0.014947 0.014947
1 0.542969 0.439453 0.014947 0.014947
1 0.558594 0.445312 0.014947 0.014947
1 0.535156 0.458984 0.014947 0.014947
1 0.548828 0.470703 0.014947 0.014947
1 0.554688 0.339844 0.014947 0.014947
1 0.546875 0.357422 0.014947 0.014947
1 0.544974 0.721034 0.012369 0.012369
1 0.539114 0.683924 0.012369 0.012369
1 0.533255 0.705409 0.012369 0.012369
1 0.548880 0.699549 0.012369 0.012369
1 0.759817 0.607753 0.012369 0.012369
1 0.765677 0.590174 0.012369 0.012369
1 0.777395 0.621424 0.012369 0.012369
1 0.787161 0.633143 0.012369 0.012369
1 0.781302 0.648768 0.012369 0.012369
1 0.744192 0.666346 0.012369 0.012369
1 0.752005 0.658534 0.012369 0.012369
1 0.865286 0.525721 0.012369 0.012369
1 0.851614 0.521815 0.012369 0.012369
1 0.865286 0.490565 0.012369 0.012369
1 0.859427 0.502284 0.012369 0.012369
1 0.839895 0.435878 0.012369 0.012369
1 0.851614 0.435878 0.012369 0.012369
1 0.765677 0.287440 0.012369 0.012369
1 0.752005 0.277674 0.012369 0.012369
1 0.958984 0.228516 0.014947 0.014947
1 0.966797 0.214844 0.014947 0.014947
1 0.869192 0.154628 0.012369 0.012369
1 0.402344 0.337891 0.014947 0.014947
1 0.017705 0.400622 0.019022 0.019022
1 0.203252 0.455310 0.019022 0.019022
1 0.308720 0.689685 0.019022 0.019022
1 0.314453 0.261719 0.030378 0.030378
1 0.925833 0.154628 0.012369 0.012369
1 0.816406 0.921875 0.014947 0.014947
1 0.185547 0.416016 0.022475 0.022475
1 0.908203 0.099609 0.014947 0.014947
1 0.761770 0.041346 0.012369 0.012369
1 0.843750 0.011719 0.014947 0.014947
1 0.586064 0.931872 0.019022 0.019022
1 0.455205 0.744372 0.019022 0.019022
1 0.498047 0.416016 0.014947 0.014947
1 0.830078 0.363281 0.014947 0.014947
1 0.929688 0.355469 0.014947 0.014947
1 0.750000 0.339844 0.014947 0.014947
1 0.732474 0.308924 0.012369 0.012369
1 0.734427 0.285487 0.012369 0.012369
1 0.746094 0.212891 0.014947 0.014947
1 0.515625 0.187500 0.014947 0.014947
1 0.917969 0.183594 0.014947 0.014947
1 0.724609 0.160156 0.014947 0.014947
1 0.900391 0.158203 0.014947 0.014947
1 0.396536 0.160487 0.012369 0.012369
1 0.640625 0.156250 0.014947 0.014947
1 0.861328 0.099609 0.014947 0.014947
1 0.492239 0.068690 0.012369 0.012369
1 0.925781 0.062500 0.014947 0.014947
1 0.814453 0.050781 0.014947 0.014947
1 0.744192 0.049159 0.012369 0.012369
1 0.500000 0.048828 0.014947 0.014947
1 0.656250 0.039062 0.014947 0.014947
1 0.486328 0.031250 0.014947 0.014947
1 0.433720 0.009997 0.019022 0.019022
1 0.562627 0.980700 0.019022 0.019022
1 0.843750 0.576172 0.014947 0.014947
1 0.847708 0.547206 0.012369 0.012369
1 0.945312 0.529297 0.014947 0.014947
1 0.664062 0.523438 0.014947 0.014947
1 0.693359 0.509766 0.014947 0.014947
1 0.685599 0.478846 0.012369 0.012369
1 0.703177 0.465174 0.012369 0.012369
1 0.892578 0.464844 0.014947 0.014947
1 0.871094 0.449219 0.014947 0.014947
1 0.783203 0.435547 0.014947 0.014947
1 0.951172 0.423828 0.014947 0.014947
1 0.968750 0.396484 0.014947 0.014947
1 0.748047 0.386719 0.014947 0.014947
1 0.765625 0.359375 0.014947 0.014947
1 0.806641 0.353516 0.014947 0.014947
1 0.660208 0.340174 0.012369 0.012369
1 0.671875 0.265625 0.014947 0.014947
1 0.933594 0.244141 0.014947 0.014947
1 0.783203 0.242188 0.014947 0.014947
1 0.386719 0.228516 0.014947 0.014947
1 0.875000 0.195312 0.014947 0.014947
1 0.488281 0.191406 0.014947 0.014947
1 0.671875 0.185547 0.014947 0.014947
1 0.396536 0.176112 0.012369 0.012369
1 0.580078 0.164062 0.014947 0.014947
1 0.146484 0.162109 0.014947 0.014947
1 0.980469 0.156250 0.014947 0.014947
1 0.419922 0.142578 0.014947 0.014947
1 0.371094 0.136719 0.014947 0.014947
1 0.923880 0.123378 0.012369 0.012369
1 0.169974 0.117518 0.012369 0.012369
1 0.539062 0.109375 0.014947 0.014947
1 0.333984 0.103516 0.014947 0.014947
1 0.591797 0.097656 0.014947 0.014947
1 0.382812 0.093750 0.014947 0.014947
1 0.152344 0.082031 0.014947 0.014947
1 0.519531 0.058594 0.014947 0.014947
1 0.386719 0.052734 0.014947 0.014947
1 0.966797 0.048828 0.022475 0.022475
1 0.328125 0.037109 0.014947 0.014947
1 0.234375 0.023438 0.014947 0.014947
1 0.593802 0.017909 0.012369 0.012369
1 0.300781 0.009766 0.014947 0.014947
1 0.580078 0.957031 0.014947 0.014947
1 0.914114 0.924159 0.012369 0.012369
1 0.992239 0.875331 0.012369 0.012369
1 0.728516 0.806641 0.014947 0.014947
1 0.322266 0.804688 0.014947 0.014947
1 0.832031 0.796875 0.014947 0.014947
1 0.982474 0.797206 0.012369 0.012369
1 0.993501 0.777580 0.011557 0.011557
1 0.628906 0.775391 0.014947 0.014947
1 0.722656 0.718750 0.014947 0.014947
1 0.628906 0.718750 0.014947 0.014947
1 0.367188 0.669922 0.014947 0.014947
1 0.847656 0.666016 0.014947 0.014947
1 0.316458 0.644862 0.012369 0.012369
1 0.826172 0.642578 0.014947 0.014947
1 0.679688 0.628906 0.014947 0.014947
1 0.923828 0.621094 0.014947 0.014947
1 0.369141 0.603516 0.014947 0.014947
1 0.658203 0.593750 0.014947 0.014947
1 0.277344 0.587891 0.014947 0.014947
1 0.632864 0.556971 0.012369 0.012369
1 0.798828 0.554688 0.014947 0.014947
1 0.343802 0.529628 0.012369 0.012369
1 0.263724 0.521815 0.012369 0.012369
1 0.783203 0.519531 0.014947 0.014947
1 0.285208 0.514003 0.012369 0.012369
1 0.263724 0.498378 0.012369 0.012369
1 0.173880 0.482753 0.012369 0.012369
1 0.783203 0.468750 0.014947 0.014947
1 0.613281 0.466797 0.014947 0.014947
1 0.334036 0.463221 0.012369 0.012369
1 0.375000 0.431641 0.014947 0.014947
1 0.105469 0.582031 0.014947 0.014947
1 0.048828 0.421875 0.014947 0.014947
1 0.296875 0.414062 0.014947 0.014947
1 0.638672 0.412109 0.014947 0.014947
1 0.474609 0.408203 0.014947 0.014947
1 0.523438 0.396484 0.014947 0.014947
1 0.253906 0.398438 0.014947 0.014947
1 0.794922 0.392578 0.014947 0.014947
1 0.339844 0.369141 0.014947 0.014947
1 0.462891 0.359375 0.014947 0.014947
1 0.334036 0.349940 0.012369 0.012369
1 0.058594 0.236328 0.014947 0.014947
1 0.111328 0.886719 0.014947 0.014947
1 0.222656 0.933594 0.014947 0.014947
1 0.271484 0.976562 0.014947 0.014947
1 0.277344 0.394531 0.014947 0.014947
1 0.308594 0.757812 0.014947 0.014947
1 0.025442 0.808924 0.012369 0.012369
1 0.082031 0.808594 0.014947 0.014947
1 0.058594 0.812500 0.014947 0.014947
1 0.271484 0.884766 0.014947 0.014947
1 0.232422 0.894531 0.014947 0.014947
1 0.130859 0.898438 0.014947 0.014947
1 0.289062 0.937500 0.014947 0.014947
1 0.425781 0.953125 0.014947 0.014947
1 0.248047 0.960938 0.014947 0.014947
1 0.185599 0.992518 0.012369 0.012369
1 0.035156 0.341797 0.014947 0.014947
1 0.089844 0.355469 0.014947 0.014947
1 0.074219 0.435547 0.014947 0.014947
1 0.054688 0.519531 0.014947 0.014947
1 0.445312 0.529297 0.014947 0.014947
1 0.189453 0.580078 0.014947 0.014947
