1 0.818359 0.830078 0.014947 0.014947
1 0.476689 0.416247 0.019022 0.019022
1 0.574345 0.388903 0.019022 0.019022
1 0.960938 0.121094 0.014947 0.014947
1 0.886719 0.095703 0.014947 0.014947
1 0.822317 0.474940 0.012369 0.012369
1 0.964844 0.376953 0.014947 0.014947
1 0.876953 0.230469 0.014947 0.014947
1 0.664062 0.220703 0.014947 0.014947
1 0.693411 0.213221 0.012369 0.012369
1 0.851562 0.160156 0.014947 0.014947
1 0.511719 0.066406 0.014947 0.014947
1 0.591797 0.023438 0.014947 0.014947
1 0.593750 0.541016 0.014947 0.014947
1 0.816406 0.501953 0.014947 0.014947
1 0.755859 0.476562 0.014947 0.014947
1 0.769531 0.439453 0.014947 0.014947
1 0.759766 0.349609 0.014947 0.014947
1 0.726562 0.330078 0.014947 0.014947
1 0.648438 0.304688 0.014947 0.014947
1 0.681641 0.285156 0.014947 0.014947
1 0.482422 0.246094 0.014947 0.014947
1 0.621094 0.244141 0.014947 0.014947
1 0.820312 0.222656 0.014947 0.014947
1 0.712942 0.217128 0.012369 0.012369
1 0.474609 0.210938 0.014947 0.014947
1 0.894531 0.207031 0.014947 0.014947
1 0.681641 0.177734 0.014947 0.014947
1 0.562500 0.148438 0.014947 0.014947
1 0.480469 0.150391 0.022475 0.022475
1 0.408203 0.126953 0.014947 0.014947
1 0.470703 0.064453 0.014947 0.014947
1 0.929739 0.228846 0.012369 0.012369
1 0.949270 0.222987 0.012369 0.012369
1 0.933645 0.244471 0.012369 0.012369
1 0.004738 0.121238 0.011452 0.011452
1 0.013724 0.109706 0.012369 0.012369
1 0.539114 0.508143 0.012369 0.012369
1 0.544974 0.486659 0.012369 0.012369
1 0.435599 0.609706 0.012369 0.012369
1 0.578177 0.951503 0.012369 0.012369
1 0.570364 0.959315 0.012369 0.012369
1 0.587942 0.943690 0.012369 0.012369
1 0.193411 0.592128 0.012369 0.012369
1 0.209036 0.601893 0.012369 0.012369
1 0.242239 0.668299 0.012369 0.012369
1 0.543020 0.752284 0.012369 0.012369
1 0.523489 0.750331 0.012369 0.012369
1 0.382864 0.771815 0.012369 0.012369
1 0.377005 0.748378 0.012369 0.012369
1 0.263672 0.373047 0.014947 0.014947
1 0.927734 0.369141 0.014947 0.014947
1 0.783255 0.303065 0.012369 0.012369
1 0.558594 0.271484 0.014947 0.014947
1 0.132864 0.232753 0.012369 0.012369
1 0.599609 0.201172 0.014947 0.014947
1 0.427734 0.195312 0.014947 0.014947
1 0.398438 0.179688 0.014947 0.014947
1 0.425781 0.150391 0.014947 0.014947
1 0.250052 0.148768 0.012369 0.012369
1 0.166067 0.148768 0.012369 0.012369
1 0.626953 0.142578 0.014947 0.014947
1 0.318359 0.123047 0.014947 0.014947
1 0.378906 0.027344 0.014947 0.014947
1 0.207031 0.023438 0.014947 0.014947
1 0.060547 0.019531 0.014947 0.014947
1 0.861328 0.878906 0.014947 0.014947
1 0.580078 0.849609 0.014947 0.014947
1 0.916016 0.812500 0.014947 0.014947
1 0.769531 0.800781 0.014947 0.014947
1 0.222708 0.676112 0.012369 0.012369
1 0.515625 0.646484 0.014947 0.014947
1 0.300781 0.632812 0.014947 0.014947
1 0.826172 0.617188 0.014947 0.014947
1 0.693359 0.607422 0.014947 0.014947
1 0.498047 0.603516 0.014947 0.014947
1 0.419974 0.596034 0.012369 0.012369
1 0.267578 0.582031 0.014947 0.014947
1 0.351614 0.543299 0.012369 0.012369
1 0.373099 0.533534 0.012369 0.012369
1 0.667969 0.509766 0.014947 0.014947
1 0.447266 0.498047 0.014947 0.014947
1 0.072266 0.480469 0.014947 0.014947
1 0.324219 0.421875 0.014947 0.014947
1 0.035156 0.386719 0.014947 0.014947
1 0.298828 0.386719 0.014947 0.014947
1 0.238281 0.384766 0.014947 0.014947
1 0.384766 0.310547 0.014947 0.014947
1 0.044922 0.310547 0.014947 0.014947
1 0.425781 0.298828 0.014947 0.014947
1 0.382939 0.265857 0.019022 0.019022
1 0.519531 0.248047 0.014947 0.014947
1 0.031250 0.246094 0.014947 0.014947
1 0.152395 0.226893 0.012369 0.012369
1 0.017705 0.189685 0.019022 0.019022
1 0.191406 0.183594 0.014947 0.014947
1 0.185599 0.156581 0.012369 0.012369
1 0.146484 0.132812 0.014947 0.014947
1 0.107422 0.033203 0.014947 0.014947
1 0.964844 0.931641 0.014947 0.014947
1 0.929688 0.929688 0.014947 0.014947
1 0.404297 0.892578 0.014947 0.014947
1 0.144531 0.861328 0.014947 0.014947
1 0.185547 0.855469 0.014947 0.014947
1 0.439453 0.835938 0.014947 0.014947
1 0.023438 0.814453 0.014947 0.014947
1 0.390625 0.802734 0.014947 0.014947
1 0.402344 0.781250 0.014947 0.014947
1 0.115234 0.740234 0.014947 0.014947
1 0.476562 0.734375 0.014947 0.014947
1 0.210938 0.726562 0.014947 0.014947
1 0.542969 0.699219 0.014947 0.014947
1 0.324219 0.697266 0.014947 0.014947
1 0.074219 0.695312 0.014947 0.014947
1 0.119141 0.691406 0.014947 0.014947
1 0.345755 0.689784 0.012369 0.012369
1 0.128958 0.672206 0.012369 0.012369
1 0.421875 0.650391 0.014947 0.014947
1 0.269531 0.642578 0.014947 0.014947
1 0.083984 0.634766 0.014947 0.014947
1 0.082031 0.605469 0.014947 0.014947
1 0.115234 0.564453 0.014947 0.014947
1 0.093750 0.458984 0.014947 0.014947
1 0.189453 0.398438 0.014947 0.014947
1 0.162109 0.357422 0.014947 0.014947
1 0.056641 0.349609 0.014947 0.014947
1 0.168095 0.306872 0.019022 0.019022
1 0.009817 0.281581 0.012369 0.012369
1 0.501953 0.269531 0.014947 0.014947
1 0.183594 0.976562 0.014947 0.014947
1 0.359375 0.968750 0.014947 0.014947
1 0.507812 0.939453 0.014947 0.014947
1 0.279297 0.927734 0.014947 0.014947
1 0.119141 0.902344 0.014947 0.014947
1 0.085938 0.894531 0.014947 0.014947
1 0.193359 0.878906 0.014947 0.014947
1 0.486328 0.857422 0.014947 0.014947
1 0.013672 0.855469 0.014947 0.014947
1 0.578125 0.822266 0.014947 0.014947
1 0.181641 0.794922 0.014947 0.014947
1 0.107422 0.781250 0.014947 0.014947
1 0.179688 0.646484 0.014947 0.014947
1 0.218750 0.578125 0.014947 0.014947
1 0.105469 0.330078 0.014947 0.014947
1 0.230520 0.144862 0.012369 0.012369
1 0.544922 0.929688 0.014947 0.014947
1 0.376953 0.904297 0.014947 0.014947
1 0.216797 0.828125 0.014947 0.014947
1 0.265752 0.517810 0.019022 0.019022
1 0.683750 0.427944 0.026766 0.026766
1 0.113281 0.853516 0.014947 0.014947
1 0.048955 0.687732 0.019022 0.019022
1 0.458984 0.039062 0.014947 0.014947
1 0.445364 0.021815 0.012369 0.012369
1 0.955078 0.716797 0.014947 0.014947
1 0.863281 0.671875 0.014947 0.014947
1 0.728516 0.662109 0.014947 0.014947
1 0.601562 0.638672 0.014947 0.014947
1 0.892578 0.634766 0.014947 0.014947
1 0.992239 0.525721 0.012369 0.012369
1 0.427734 0.523438 0.014947 0.014947
1 0.847656 0.517578 0.014947 0.014947
1 0.466797 0.515625 0.014947 0.014947
1 0.935547 0.496094 0.014947 0.014947
1 0.685547 0.484375 0.014947 0.014947
1 0.531250 0.457031 0.014947 0.014947
1 0.689505 0.449549 0.012369 0.012369
1 0.435547 0.435547 0.014947 0.014947
1 0.644531 0.416016 0.014947 0.014947
1 0.619141 0.376953 0.014947 0.014947
