1 0.691458 0.734706 0.012369 0.012369
1 0.466797 0.828125 0.014947 0.014947
1 0.466797 0.812500 0.014947 0.014947
1 0.824270 0.312831 0.012369 0.012369
1 0.808645 0.312831 0.012369 0.012369
1 0.814505 0.303065 0.012369 0.012369
1 0.765677 0.314784 0.012369 0.012369
1 0.755911 0.306971 0.012369 0.012369
1 0.964895 0.211268 0.012369 0.012369
1 0.168020 0.226893 0.012369 0.012369
1 0.316458 0.162440 0.012369 0.012369
1 0.265752 0.843982 0.019022 0.019022
1 0.119141 0.894531 0.014947 0.014947
1 0.044922 0.902344 0.014947 0.014947
1 0.212891 0.964844 0.014947 0.014947
1 0.085938 0.460938 0.014947 0.014947
1 0.033330 0.504138 0.019022 0.019022
1 0.140625 0.509766 0.014947 0.014947
1 0.017578 0.640625 0.014947 0.014947
1 0.779297 0.656250 0.022475 0.022475
1 0.412236 0.689685 0.019022 0.019022
1 0.183594 0.802734 0.014947 0.014947
1 0.166016 0.859375 0.014947 0.014947
1 0.166067 0.982753 0.012369 0.012369
1 0.519531 0.984375 0.014947 0.014947
1 0.148438 0.994141 0.006233 0.006233
1 0.074219 0.378906 0.014947 0.014947
1 0.162236 0.384997 0.019022 0.019022
1 0.917969 0.423828 0.014947 0.014947
1 0.208984 0.429688 0.014947 0.014947
1 0.412236 0.517810 0.019022 0.019022
1 0.792969 0.556641 0.014947 0.014947
1 0.884766 0.585938 0.014947 0.014947
1 0.087891 0.591797 0.014947 0.014947
1 0.062500 0.593750 0.014947 0.014947
1 0.361328 0.611328 0.014947 0.014947
1 0.878906 0.640625 0.014947 0.014947
1 0.951172 0.658203 0.014947 0.014947
1 0.140625 0.691406 0.014947 0.014947
1 0.195312 0.699219 0.014947 0.014947
1 0.699270 0.715174 0.012369 0.012369
1 0.869141 0.734375 0.014947 0.014947
1 0.085938 0.742188 0.014947 0.014947
1 0.494141 0.792969 0.014947 0.014947
1 0.966797 0.806641 0.014947 0.014947
1 0.265625 0.812500 0.014947 0.014947
1 0.443359 0.818359 0.014947 0.014947
1 0.873047 0.847656 0.014947 0.014947
1 0.673828 0.865234 0.014947 0.014947
1 0.560547 0.882812 0.014947 0.014947
1 0.550781 0.912109 0.014947 0.014947
1 0.441406 0.921875 0.014947 0.014947
1 0.242188 0.943359 0.014947 0.014947
1 0.773489 0.961268 0.012369 0.012369
1 0.716797 0.962891 0.014947 0.014947
1 0.869141 0.964844 0.014947 0.014947
1 0.609427 0.629237 0.012369 0.012369
1 0.623099 0.642909 0.012369 0.012369
1 0.314505 0.482753 0.012369 0.012369
1 0.302786 0.476893 0.012369 0.012369
1 0.855469 0.289062 0.014947 0.014947
1 0.123047 0.285156 0.014947 0.014947
1 0.046875 0.386719 0.014947 0.014947
1 0.132812 0.435547 0.014947 0.014947
1 0.238281 0.437500 0.014947 0.014947
1 0.212891 0.464844 0.014947 0.014947
1 0.427734 0.478516 0.014947 0.014947
1 0.976562 0.978516 0.014947 0.014947
1 0.220703 0.509766 0.014947 0.014947
1 0.257812 0.490234 0.014947 0.014947
1 0.222708 0.541346 0.012369 0.012369
1 0.214895 0.558924 0.012369 0.012369
1 0.226562 0.304688 0.014947 0.014947
1 0.216797 0.322266 0.014947 0.014947
1 0.351562 0.347656 0.022475 0.022475
1 0.179688 0.316406 0.014947 0.014947
1 0.011719 0.261719 0.014947 0.014947
1 0.031250 0.218750 0.014947 0.014947
1 0.738408 0.125232 0.019022 0.019022
1 0.896484 0.099609 0.014947 0.014947
1 0.232474 0.006190 0.012369 0.012369
1 0.552734 0.982422 0.014947 0.014947
1 0.947266 0.609375 0.014947 0.014947
1 0.713017 0.658435 0.019022 0.019022
1 0.773438 0.687500 0.014947 0.014947
1 0.732422 0.695312 0.014947 0.014947
1 0.666016 0.703125 0.014947 0.014947
1 0.363281 0.732422 0.014947 0.014947
1 0.173828 0.738281 0.014947 0.014947
1 0.410156 0.753906 0.014947 0.014947
1 0.458984 0.791016 0.014947 0.014947
1 0.867188 0.888672 0.014947 0.014947
1 0.009766 0.041016 0.014947 0.014947
1 0.509766 0.083984 0.014947 0.014947
1 0.654297 0.093750 0.014947 0.014947
1 0.568359 0.105469 0.014947 0.014947
1 0.072392 0.111560 0.019022 0.019022
1 0.925781 0.109375 0.014947 0.014947
1 0.146484 0.126953 0.014947 0.014947
1 0.226562 0.140625 0.014947 0.014947
1 0.443359 0.142578 0.014947 0.014947
1 0.248047 0.152344 0.014947 0.014947
1 0.464844 0.167969 0.014947 0.014947
1 0.259817 0.189784 0.012369 0.012369
1 0.177734 0.193359 0.014947 0.014947
1 0.687500 0.208984 0.014947 0.014947
1 0.480469 0.265625 0.014947 0.014947
1 0.576172 0.279297 0.014947 0.014947
1 0.343750 0.302734 0.014947 0.014947
1 0.439453 0.324219 0.014947 0.014947
1 0.318359 0.332031 0.014947 0.014947
1 0.642578 0.337891 0.014947 0.014947
1 0.699219 0.335938 0.014947 0.014947
1 0.552734 0.339844 0.014947 0.014947
1 0.689453 0.380859 0.014947 0.014947
1 0.765625 0.386719 0.014947 0.014947
1 0.955078 0.396484 0.014947 0.014947
1 0.197266 0.492188 0.014947 0.014947
1 0.818359 0.496094 0.014947 0.014947
1 0.853516 0.585938 0.014947 0.014947
1 0.517578 0.603516 0.014947 0.014947
1 0.781302 0.713221 0.012369 0.012369
1 0.871094 0.029297 0.014947 0.014947
1 0.755859 0.035156 0.014947 0.014947
1 0.494141 0.048828 0.014947 0.014947
1 0.937500 0.074219 0.014947 0.014947
1 0.630859 0.083984 0.014947 0.014947
1 0.337942 0.107753 0.012369 0.012369
1 0.199270 0.113612 0.012369 0.012369
1 0.904297 0.134766 0.014947 0.014947
1 0.880859 0.169922 0.014947 0.014947
1 0.982422 0.171875 0.014947 0.014947
1 0.972708 0.222987 0.012369 0.012369
1 0.365234 0.283203 0.014947 0.014947
1 0.914062 0.287109 0.014947 0.014947
1 0.781250 0.011719 0.014947 0.014947
1 0.656250 0.046875 0.014947 0.014947
1 0.861328 0.060547 0.014947 0.014947
1 0.367188 0.134766 0.014947 0.014947
1 0.710938 0.570312 0.014947 0.014947
1 0.429688 0.568359 0.014947 0.014947
1 0.629033 0.535388 0.019022 0.019022
1 0.349609 0.523438 0.014947 0.014947
1 0.681692 0.672206 0.012369 0.012369
1 0.689505 0.689784 0.012369 0.012369
