1 0.322266 0.042969 0.014947 0.014947
1 0.828125 0.464844 0.022475 0.022475
1 0.910156 0.103516 0.014947 0.014947
1 0.937500 0.041016 0.014947 0.014947
1 0.914062 0.007812 0.014947 0.014947
1 0.812500 0.644531 0.014947 0.014947
1 0.974609 0.386719 0.014947 0.014947
1 0.939453 0.261719 0.014947 0.014947
1 0.960938 0.218750 0.014947 0.014947
1 0.583984 0.148438 0.014947 0.014947
1 0.787109 0.105469 0.014947 0.014947
1 0.593750 0.097656 0.014947 0.014947
1 0.718750 0.091797 0.014947 0.014947
1 0.800908 0.068591 0.019022 0.019022
1 0.806641 0.027344 0.014947 0.014947
1 0.892578 0.732422 0.014947 0.014947
1 0.804739 0.629237 0.012369 0.012369
1 0.828177 0.627284 0.012369 0.012369
1 0.835938 0.595703 0.014947 0.014947
1 0.990234 0.593750 0.014947 0.014947
1 0.412109 0.583984 0.006233 0.006233
1 0.585938 0.583984 0.014947 0.014947
1 0.648438 0.552734 0.014947 0.014947
1 0.525391 0.488281 0.014947 0.014947
1 0.751953 0.486328 0.014947 0.014947
1 0.617188 0.468750 0.014947 0.014947
1 0.550781 0.449219 0.014947 0.014947
1 0.439453 0.396484 0.014947 0.014947
1 0.867188 0.380859 0.014947 0.014947
1 0.617239 0.351893 0.012369 0.012369
1 0.595703 0.353516 0.014947 0.014947
1 0.714844 0.296875 0.014947 0.014947
1 0.591797 0.291016 0.014947 0.014947
1 0.660156 0.255859 0.014947 0.014947
1 0.714844 0.253906 0.014947 0.014947
1 0.423828 0.244141 0.014947 0.014947
1 0.566406 0.195312 0.014947 0.014947
1 0.271484 0.183594 0.014947 0.014947
1 0.697266 0.126953 0.014947 0.014947
1 0.316406 0.085938 0.014947 0.014947
1 0.222656 0.072266 0.014947 0.014947
1 0.644531 0.857422 0.014947 0.014947
1 0.640625 0.820312 0.014947 0.014947
1 0.449219 0.763672 0.014947 0.014947
1 0.742188 0.718750 0.014947 0.014947
1 0.919922 0.707031 0.014947 0.014947
1 0.945312 0.640625 0.014947 0.014947
1 0.664062 0.628906 0.014947 0.014947
1 0.419922 0.544922 0.014947 0.014947
1 0.728516 0.525391 0.014947 0.014947
1 0.570312 0.521484 0.014947 0.014947
1 0.595755 0.508143 0.012369 0.012369
1 0.960938 0.503906 0.014947 0.014947
1 0.496094 0.496094 0.014947 0.014947
1 0.398438 0.449219 0.014947 0.014947
1 0.185547 0.433594 0.014947 0.014947
1 0.769531 0.410156 0.014947 0.014947
1 0.285156 0.398438 0.014947 0.014947
1 0.351562 0.291016 0.014947 0.014947
1 0.789062 0.277344 0.014947 0.014947
1 0.582031 0.248047 0.014947 0.014947
1 0.533330 0.015857 0.019022 0.019022
1 0.087891 0.003906 0.006233 0.006233
1 0.484375 0.982422 0.014947 0.014947
1 0.708984 0.980469 0.014947 0.014947
1 0.972656 0.902344 0.014947 0.014947
1 0.843877 0.896716 0.019022 0.019022
1 0.867188 0.880859 0.014947 0.014947
1 0.748047 0.843750 0.014947 0.014947
1 0.548828 0.806641 0.014947 0.014947
1 0.380859 0.800781 0.014947 0.014947
1 0.464844 0.708984 0.014947 0.014947
1 0.306641 0.687500 0.014947 0.014947
1 0.144531 0.689453 0.014947 0.014947
1 0.417969 0.648438 0.014947 0.014947
1 0.187500 0.634766 0.014947 0.014947
1 0.392578 0.554688 0.014947 0.014947
1 0.240234 0.515625 0.014947 0.014947
1 0.652344 0.492188 0.014947 0.014947
1 0.431767 0.476794 0.019022 0.019022
1 0.197266 0.457031 0.014947 0.014947
1 0.062500 0.343750 0.014947 0.014947
1 0.089844 0.337891 0.014947 0.014947
1 0.052734 0.261719 0.014947 0.014947
1 0.109502 0.226794 0.019022 0.019022
1 0.541016 0.882812 0.014947 0.014947
1 0.402344 0.763672 0.014947 0.014947
1 0.293095 0.756091 0.019022 0.019022
1 0.013672 0.548828 0.014947 0.014947
1 0.023438 0.462891 0.014947 0.014947
1 0.621094 0.427734 0.014947 0.014947
1 0.322317 0.992518 0.012369 0.012369
1 0.070364 0.990565 0.012369 0.012369
1 0.150391 0.976562 0.014947 0.014947
1 0.267578 0.974609 0.014947 0.014947
1 0.220703 0.968750 0.014947 0.014947
1 0.175781 0.886719 0.014947 0.014947
1 0.011719 0.873047 0.014947 0.014947
1 0.164062 0.843750 0.014947 0.014947
1 0.175781 0.791016 0.014947 0.014947
1 0.832188 0.822475 0.026766 0.026766
1 0.425781 0.593750 0.014947 0.014947
1 0.173828 0.230469 0.014947 0.014947
1 0.158203 0.244141 0.014947 0.014947
1 0.902344 0.080078 0.014947 0.014947
1 0.919922 0.068359 0.014947 0.014947
1 0.763724 0.037440 0.012369 0.012369
1 0.753958 0.045253 0.012369 0.012369
1 0.375000 0.406250 0.014947 0.014947
1 0.369141 0.392578 0.014947 0.014947
1 0.912109 0.535156 0.022475 0.022475
1 0.308720 0.953357 0.019022 0.019022
