1 0.142705 0.697497 0.019022 0.019022
1 0.035283 0.111560 0.019022 0.019022
1 0.791016 0.093750 0.014947 0.014947
1 0.962891 0.064453 0.014947 0.014947
1 0.945439 0.045153 0.019022 0.019022
1 0.228516 0.039062 0.014947 0.014947
1 0.824270 0.551112 0.012369 0.012369
1 0.667969 0.511719 0.014947 0.014947
1 0.896484 0.435547 0.014947 0.014947
1 0.671875 0.431641 0.014947 0.014947
1 0.517578 0.421875 0.014947 0.014947
1 0.880859 0.376953 0.014947 0.014947
1 0.621094 0.375000 0.014947 0.014947
1 0.554739 0.353846 0.012369 0.012369
1 0.925781 0.349609 0.014947 0.014947
1 0.921875 0.185547 0.014947 0.014947
1 0.527344 0.134766 0.014947 0.014947
1 0.242188 0.126953 0.014947 0.014947
1 0.675781 0.125000 0.014947 0.014947
1 0.197266 0.125000 0.014947 0.014947
1 0.707031 0.101562 0.014947 0.014947
1 0.517578 0.074219 0.014947 0.014947
1 0.167969 0.062500 0.014947 0.014947
1 0.623047 0.042969 0.014947 0.014947
1 0.089844 0.027344 0.014947 0.014947
1 0.437627 0.019763 0.019022 0.019022
1 0.603516 0.009766 0.014947 0.014947
1 0.080130 0.867518 0.012369 0.012369
1 0.574270 0.740565 0.012369 0.012369
1 0.951172 0.613281 0.014947 0.014947
1 0.664062 0.603516 0.014947 0.014947
1 0.765625 0.542969 0.014947 0.014947
1 0.515625 0.544922 0.014947 0.014947
1 0.955078 0.496094 0.014947 0.014947
1 0.919922 0.488281 0.014947 0.014947
1 0.279424 0.465075 0.019022 0.019022
1 0.640752 0.455310 0.019022 0.019022
1 0.466797 0.443359 0.014947 0.014947
1 0.074219 0.423828 0.014947 0.014947
1 0.041142 0.386950 0.019022 0.019022
1 0.666016 0.349609 0.014947 0.014947
1 0.539062 0.291016 0.014947 0.014947
1 0.705078 0.285156 0.014947 0.014947
1 0.656250 0.275391 0.014947 0.014947
1 0.554688 0.244141 0.014947 0.014947
1 0.800908 0.228747 0.019022 0.019022
1 0.511845 0.222888 0.019022 0.019022
1 0.666016 0.212891 0.014947 0.014947
1 0.254033 0.162341 0.019022 0.019022
1 0.013672 0.154297 0.014947 0.014947
1 0.070312 0.117188 0.014947 0.014947
1 0.113408 0.092028 0.019022 0.019022
1 0.509766 0.009766 0.014947 0.014947
1 0.656302 0.947596 0.012369 0.012369
1 0.097708 0.881190 0.012369 0.012369
1 0.068411 0.851893 0.012369 0.012369
1 0.990234 0.822266 0.014947 0.014947
1 0.597656 0.769531 0.014947 0.014947
1 0.396536 0.765956 0.012369 0.012369
1 0.386770 0.746424 0.012369 0.012369
1 0.035156 0.744141 0.014947 0.014947
1 0.347656 0.681641 0.014947 0.014947
1 0.748047 0.675781 0.014947 0.014947
1 0.328177 0.666346 0.012369 0.012369
1 0.558594 0.640625 0.014947 0.014947
1 0.933594 0.638672 0.014947 0.014947
1 0.630859 0.599609 0.014947 0.014947
1 0.759817 0.596034 0.012369 0.012369
1 0.396484 0.576172 0.014947 0.014947
1 0.654424 0.566638 0.019022 0.019022
1 0.974609 0.560547 0.022475 0.022475
1 0.783330 0.482653 0.019022 0.019022
1 0.031250 0.472656 0.014947 0.014947
1 0.234375 0.466797 0.014947 0.014947
1 0.373047 0.447266 0.014947 0.014947
1 0.878906 0.337891 0.014947 0.014947
1 0.230469 0.330078 0.014947 0.014947
1 0.097656 0.316406 0.014947 0.014947
1 0.488281 0.255859 0.014947 0.014947
1 0.101562 0.050781 0.014947 0.014947
1 0.718750 0.964844 0.014947 0.014947
1 0.566406 0.955078 0.014947 0.014947
1 0.152470 0.931872 0.019022 0.019022
1 0.623047 0.884766 0.014947 0.014947
1 0.937627 0.853747 0.019022 0.019022
1 0.140625 0.802734 0.014947 0.014947
1 0.494141 0.779297 0.014947 0.014947
1 0.794974 0.779628 0.012369 0.012369
1 0.335938 0.767578 0.014947 0.014947
1 0.207031 0.720703 0.014947 0.014947
1 0.113281 0.662109 0.014947 0.014947
1 0.519658 0.652575 0.019022 0.019022
1 0.361328 0.634766 0.014947 0.014947
1 0.017578 0.593750 0.014947 0.014947
1 0.451172 0.472656 0.022475 0.022475
1 0.125000 0.431641 0.014947 0.014947
1 0.619141 0.988281 0.014947 0.014947
1 0.332158 0.955310 0.019022 0.019022
1 0.291016 0.929688 0.014947 0.014947
1 0.804688 0.863281 0.014947 0.014947
1 0.244141 0.748047 0.014947 0.014947
1 0.361328 0.720703 0.014947 0.014947
1 0.546875 0.576172 0.014947 0.014947
1 0.187500 0.666016 0.014947 0.014947
1 0.164062 0.666016 0.014947 0.014947
1 0.482474 0.377284 0.012369 0.012369
1 0.496145 0.373378 0.012369 0.012369
1 0.500052 0.387049 0.012369 0.012369
1 0.765677 0.125331 0.012369 0.012369
1 0.775442 0.137049 0.012369 0.012369
