1 0.742188 0.775391 0.014947 0.014947
1 0.544922 0.791016 0.014947 0.014947
1 0.906377 0.797107 0.019022 0.019022
1 0.894531 0.966797 0.014947 0.014947
1 0.564453 0.937500 0.014947 0.014947
1 0.791067 0.404628 0.012369 0.012369
1 0.775442 0.406581 0.012369 0.012369
1 0.384817 0.803065 0.012369 0.012369
1 0.378958 0.791346 0.012369 0.012369
1 0.328177 0.924159 0.012369 0.012369
1 0.378906 0.941406 0.014947 0.014947
1 0.787109 0.937500 0.014947 0.014947
1 0.669922 0.929688 0.014947 0.014947
1 0.693411 0.926112 0.012369 0.012369
1 0.662161 0.871424 0.012369 0.012369
1 0.101562 0.804688 0.014947 0.014947
1 0.583984 0.724609 0.014947 0.014947
1 0.539062 0.689453 0.014947 0.014947
1 0.523489 0.674159 0.012369 0.012369
1 0.085938 0.388672 0.014947 0.014947
1 0.093750 0.406250 0.014947 0.014947
1 0.238281 0.404297 0.014947 0.014947
1 0.253906 0.390625 0.014947 0.014947
1 0.449219 0.382812 0.014947 0.014947
1 0.433594 0.369141 0.014947 0.014947
1 0.826172 0.625000 0.014947 0.014947
1 0.816406 0.605469 0.014947 0.014947
1 0.361328 0.687500 0.014947 0.014947
1 0.369141 0.675781 0.014947 0.014947
1 0.185547 0.708984 0.014947 0.014947
1 0.185547 0.693359 0.014947 0.014947
1 0.312552 0.914393 0.012369 0.012369
1 0.919922 0.152344 0.014947 0.014947
1 0.964844 0.144531 0.014947 0.014947
1 0.373099 0.101893 0.012369 0.012369
1 0.029297 0.386719 0.014947 0.014947
1 0.849609 0.314453 0.014947 0.014947
1 0.728516 0.222656 0.014947 0.014947
1 0.814453 0.208984 0.014947 0.014947
1 0.101562 0.179688 0.014947 0.014947
1 0.822266 0.173828 0.014947 0.014947
1 0.361328 0.937500 0.014947 0.014947
1 0.058594 0.128906 0.014947 0.014947
1 0.255859 0.126953 0.014947 0.014947
1 0.814453 0.099609 0.014947 0.014947
1 0.394531 0.097656 0.014947 0.014947
1 0.302734 0.046875 0.014947 0.014947
1 0.972656 0.023438 0.014947 0.014947
1 0.906250 0.691406 0.014947 0.014947
1 0.820312 0.544922 0.014947 0.014947
1 0.396536 0.496424 0.012369 0.012369
1 0.468750 0.464844 0.014947 0.014947
1 0.597708 0.463221 0.012369 0.012369
1 0.050781 0.429688 0.014947 0.014947
1 0.859375 0.412109 0.014947 0.014947
1 0.539062 0.369141 0.014947 0.014947
1 0.359375 0.351562 0.014947 0.014947
1 0.451172 0.343750 0.014947 0.014947
1 0.251953 0.341797 0.014947 0.014947
1 0.896484 0.287109 0.014947 0.014947
1 0.703125 0.271484 0.014947 0.014947
1 0.480469 0.261719 0.014947 0.014947
1 0.761719 0.255859 0.014947 0.014947
1 0.853516 0.236328 0.014947 0.014947
1 0.533203 0.185547 0.014947 0.014947
1 0.302734 0.162109 0.014947 0.014947
1 0.126953 0.148438 0.014947 0.014947
1 0.201172 0.144531 0.014947 0.014947
1 0.701172 0.060547 0.014947 0.014947
1 0.767578 0.011719 0.014947 0.014947
1 0.916016 0.984375 0.014947 0.014947
1 0.128906 0.576172 0.014947 0.014947
1 0.628906 0.568359 0.014947 0.014947
1 0.230469 0.527344 0.014947 0.014947
1 0.916016 0.472656 0.014947 0.014947
1 0.042969 0.474609 0.014947 0.014947
1 0.527344 0.462891 0.014947 0.014947
1 0.830078 0.798828 0.014947 0.014947
1 0.109375 0.460938 0.014947 0.014947
1 0.578125 0.460938 0.014947 0.014947
1 0.296875 0.435547 0.014947 0.014947
1 0.121094 0.400391 0.014947 0.014947
1 0.511719 0.349609 0.014947 0.014947
1 0.031250 0.343750 0.014947 0.014947
1 0.482422 0.332031 0.014947 0.014947
1 0.085938 0.123047 0.014947 0.014947
1 0.546875 0.894531 0.014947 0.014947
1 0.480469 0.878906 0.014947 0.014947
1 0.386719 0.855469 0.014947 0.014947
1 0.482422 0.835938 0.014947 0.014947
1 0.279297 0.833984 0.014947 0.014947
1 0.162161 0.672206 0.012369 0.012369
1 0.132812 0.449219 0.014947 0.014947
1 0.718750 0.857422 0.014947 0.014947
1 0.091797 0.875000 0.014947 0.014947
1 0.292969 0.982422 0.014947 0.014947
1 0.416016 0.421875 0.014947 0.014947
1 0.029297 0.628906 0.014947 0.014947
1 0.283203 0.722656 0.014947 0.014947
1 0.332031 0.746094 0.014947 0.014947
1 0.570312 0.771484 0.014947 0.014947
1 0.085938 0.839844 0.014947 0.014947
1 0.287109 0.875000 0.014947 0.014947
1 0.611328 0.656250 0.014947 0.014947
1 0.121094 0.693359 0.014947 0.014947
1 0.011719 0.710938 0.014947 0.014947
1 0.130859 0.718750 0.014947 0.014947
1 0.035156 0.724609 0.014947 0.014947
1 0.255859 0.726562 0.014947 0.014947
1 0.070312 0.757812 0.014947 0.014947
