1 0.046875 0.802734 0.014947 0.014947
1 0.808594 0.693359 0.014947 0.014947
1 0.193359 0.791016 0.014947 0.014947
1 0.005911 0.504237 0.012369 0.012369
1 0.195312 0.560547 0.014947 0.014947
1 0.031250 0.699219 0.014947 0.014947
1 0.208984 0.812500 0.014947 0.014947
1 0.345703 0.890625 0.014947 0.014947
1 0.154297 0.099609 0.014947 0.014947
1 0.087891 0.103516 0.014947 0.014947
1 0.101562 0.269531 0.014947 0.014947
1 0.341924 0.289294 0.019022 0.019022
1 0.343750 0.447266 0.014947 0.014947
1 0.179688 0.589844 0.014947 0.014947
1 0.201172 0.646484 0.014947 0.014947
1 0.095703 0.710938 0.014947 0.014947
1 0.798828 0.746094 0.014947 0.014947
1 0.412109 0.833984 0.014947 0.014947
1 0.617188 0.859375 0.014947 0.014947
1 0.953125 0.988281 0.014947 0.014947
1 0.210938 0.050781 0.014947 0.014947
1 0.500000 0.080078 0.014947 0.014947
1 0.609375 0.164062 0.014947 0.014947
1 0.490234 0.392578 0.014947 0.014947
1 0.328177 0.457362 0.012369 0.012369
1 0.341849 0.472987 0.012369 0.012369
1 0.681641 0.576172 0.014947 0.014947
1 0.578125 0.585938 0.014947 0.014947
1 0.832031 0.787109 0.014947 0.014947
1 0.458984 0.169922 0.014947 0.014947
1 0.726562 0.277344 0.014947 0.014947
1 0.835938 0.324219 0.014947 0.014947
1 0.562500 0.380859 0.014947 0.014947
1 0.666016 0.439453 0.014947 0.014947
1 0.828125 0.488281 0.014947 0.014947
1 0.722656 0.597656 0.014947 0.014947
1 0.898438 0.060547 0.014947 0.014947
1 0.632812 0.144531 0.014947 0.014947
1 0.990234 0.050781 0.014947 0.014947
