1 0.570312 0.757812 0.014947 0.014947
1 0.585938 0.763672 0.014947 0.014947
1 0.121094 0.775391 0.014947 0.014947
1 0.679688 0.492188 0.014947 0.014947
1 0.004738 0.310692 0.011452 0.011452
1 0.004738 0.261863 0.011452 0.011452
1 0.494267 0.156482 0.019022 0.019022
1 0.044922 0.769531 0.014947 0.014947
1 0.025391 0.437500 0.014947 0.014947
1 0.583984 0.861328 0.014947 0.014947
1 0.824219 0.716797 0.022475 0.022475
1 0.658360 0.088100 0.026766 0.026766
1 0.976562 0.070312 0.014947 0.014947
1 0.914062 0.812500 0.014947 0.014947
1 0.869192 0.754237 0.012369 0.012369
1 0.978516 0.707031 0.014947 0.014947
1 0.990234 0.669922 0.014947 0.014947
1 0.916016 0.527344 0.014947 0.014947
1 0.617188 0.523438 0.014947 0.014947
1 0.923828 0.498047 0.014947 0.014947
1 0.750000 0.449219 0.014947 0.014947
1 0.833984 0.406250 0.014947 0.014947
1 0.646484 0.375000 0.014947 0.014947
1 0.906250 0.289062 0.014947 0.014947
1 0.871094 0.269531 0.014947 0.014947
1 0.320312 0.207031 0.014947 0.014947
1 0.773438 0.052734 0.014947 0.014947
1 0.703125 0.966797 0.014947 0.014947
1 0.919922 0.935547 0.014947 0.014947
1 0.970755 0.914393 0.012369 0.012369
1 0.949219 0.908203 0.014947 0.014947
1 0.744141 0.894531 0.014947 0.014947
1 0.970703 0.865234 0.014947 0.014947
1 0.861328 0.722656 0.014947 0.014947
1 0.904297 0.710938 0.014947 0.014947
1 0.753906 0.673828 0.014947 0.014947
1 0.794922 0.562500 0.014947 0.014947
1 0.640625 0.556641 0.014947 0.014947
1 0.576172 0.548828 0.014947 0.014947
1 0.507812 0.484375 0.014947 0.014947
1 0.777344 0.410156 0.014947 0.014947
1 0.552734 0.367188 0.014947 0.014947
1 0.539114 0.349940 0.012369 0.012369
1 0.455078 0.322266 0.014947 0.014947
1 0.591797 0.267578 0.014947 0.014947
1 0.462891 0.238281 0.014947 0.014947
1 0.117188 0.171875 0.014947 0.014947
1 0.451172 0.158203 0.014947 0.014947
1 0.365234 0.126953 0.014947 0.014947
1 0.796875 0.123047 0.014947 0.014947
1 0.505859 0.117188 0.014947 0.014947
1 0.429688 0.060547 0.014947 0.014947
1 0.298828 0.937500 0.014947 0.014947
1 0.505859 0.902344 0.014947 0.014947
1 0.666016 0.849609 0.014947 0.014947
1 0.138672 0.810547 0.014947 0.014947
1 0.267578 0.791016 0.014947 0.014947
1 0.480469 0.775391 0.014947 0.014947
1 0.316406 0.757812 0.014947 0.014947
1 0.294922 0.697266 0.014947 0.014947
1 0.187500 0.638672 0.014947 0.014947
1 0.363281 0.572266 0.014947 0.014947
1 0.041016 0.531250 0.014947 0.014947
1 0.255859 0.490234 0.014947 0.014947
1 0.371094 0.414062 0.014947 0.014947
1 0.232422 0.412109 0.014947 0.014947
1 0.105469 0.292969 0.014947 0.014947
1 0.406250 0.281250 0.014947 0.014947
1 0.275391 0.279297 0.014947 0.014947
1 0.164062 0.193359 0.014947 0.014947
1 0.123047 0.148438 0.014947 0.014947
1 0.048828 0.144531 0.014947 0.014947
1 0.224609 0.953125 0.014947 0.014947
1 0.130859 0.896484 0.014947 0.014947
1 0.048828 0.892578 0.014947 0.014947
1 0.109375 0.863281 0.014947 0.014947
1 0.314453 0.806641 0.014947 0.014947
1 0.158203 0.062500 0.014947 0.014947
1 0.142578 0.052734 0.014947 0.014947
1 0.072266 0.400391 0.014947 0.014947
1 0.080078 0.382812 0.014947 0.014947
1 0.683594 0.347656 0.014947 0.014947
1 0.699219 0.341797 0.014947 0.014947
1 0.798828 0.863281 0.014947 0.014947
1 0.812500 0.876953 0.014947 0.014947
