1 0.048828 0.863281 0.014947 0.014947
1 0.816458 0.010096 0.012369 0.012369
1 0.687500 0.597656 0.014947 0.014947
1 0.207031 0.128906 0.014947 0.014947
1 0.300781 0.128906 0.014947 0.014947
1 0.837891 0.191406 0.014947 0.014947
1 0.664189 0.246325 0.019022 0.019022
1 0.484375 0.277344 0.014947 0.014947
1 0.908203 0.345703 0.014947 0.014947
1 0.607422 0.351562 0.014947 0.014947
1 0.468750 0.386719 0.014947 0.014947
1 0.175781 0.392578 0.014947 0.014947
1 0.244141 0.398438 0.014947 0.014947
1 0.443359 0.472656 0.014947 0.014947
1 0.294922 0.513672 0.014947 0.014947
1 0.691406 0.984375 0.014947 0.014947
1 0.031250 0.423828 0.014947 0.014947
1 0.029297 0.406250 0.014947 0.014947
1 0.650391 0.773438 0.014947 0.014947
1 0.292969 0.006329 0.014452 0.014452
1 0.648438 0.091797 0.014947 0.014947
1 0.640625 0.109375 0.014947 0.014947
1 0.675781 0.990234 0.014947 0.014947
1 0.203125 0.537109 0.014947 0.014947
1 0.068359 0.384766 0.014947 0.014947
1 0.095703 0.158203 0.014947 0.014947
1 0.220703 0.986328 0.014947 0.014947
1 0.552734 0.923828 0.014947 0.014947
1 0.601562 0.853516 0.014947 0.014947
1 0.607422 0.822266 0.014947 0.014947
1 0.722656 0.796875 0.014947 0.014947
1 0.367188 0.675781 0.014947 0.014947
1 0.505859 0.585938 0.014947 0.014947
1 0.222656 0.957031 0.014947 0.014947
1 0.546875 0.892578 0.014947 0.014947
1 0.390625 0.785156 0.014947 0.014947
1 0.332031 0.703125 0.014947 0.014947
1 0.625000 0.648438 0.014947 0.014947
1 0.337942 0.039393 0.012369 0.012369
