1 0.822266 0.529297 0.014947 0.014947
1 0.177734 0.876953 0.014947 0.014947
1 0.199345 0.756091 0.019022 0.019022
1 0.882939 0.801013 0.019022 0.019022
1 0.271484 0.882812 0.014947 0.014947
1 0.445312 0.423828 0.014947 0.014947
1 0.814453 0.714844 0.014947 0.014947
1 0.117188 0.117188 0.014947 0.014947
1 0.128906 0.169922 0.014947 0.014947
1 0.630859 0.396484 0.014947 0.014947
1 0.279297 0.437500 0.014947 0.014947
1 0.910156 0.560547 0.014947 0.014947
1 0.660283 0.695544 0.019022 0.019022
1 0.509766 0.697266 0.014947 0.014947
1 0.828125 0.833984 0.014947 0.014947
1 0.990234 0.890625 0.014947 0.014947
1 0.826172 0.910156 0.014947 0.014947
1 0.257812 0.015625 0.014947 0.014947
1 0.937500 0.039062 0.022475 0.022475
1 0.105469 0.068359 0.014947 0.014947
1 0.822266 0.119141 0.014947 0.014947
1 0.568486 0.125232 0.019022 0.019022
1 0.982549 0.164294 0.019022 0.019022
1 0.878906 0.199219 0.014947 0.014947
1 0.328252 0.238513 0.019022 0.019022
1 0.757812 0.238281 0.014947 0.014947
1 0.812500 0.302734 0.014947 0.014947
1 0.970830 0.365466 0.019022 0.019022
1 0.517578 0.435547 0.014947 0.014947
1 0.945312 0.513672 0.014947 0.014947
1 0.619141 0.628906 0.014947 0.014947
1 0.509766 0.763672 0.022475 0.022475
