1 0.960938 0.382812 0.014947 0.014947
1 0.501953 0.376953 0.014947 0.014947
1 0.386719 0.312500 0.014947 0.014947
1 0.492188 0.255859 0.014947 0.014947
1 0.382812 0.220703 0.014947 0.014947
1 0.394531 0.187500 0.014947 0.014947
1 0.191406 0.046875 0.014947 0.014947
1 0.660156 0.941406 0.014947 0.014947
1 0.966797 0.904297 0.014947 0.014947
1 0.826172 0.876953 0.014947 0.014947
1 0.851562 0.675781 0.014947 0.014947
1 0.425781 0.654297 0.014947 0.014947
1 0.521484 0.609375 0.014947 0.014947
1 0.500052 0.607753 0.012369 0.012369
1 0.759892 0.355700 0.019022 0.019022
1 0.392578 0.812500 0.014947 0.014947
1 0.046875 0.482422 0.014947 0.014947
1 0.453125 0.904297 0.014947 0.014947
1 0.169922 0.904297 0.014947 0.014947
1 0.064453 0.855469 0.014947 0.014947
1 0.033330 0.123278 0.019022 0.019022
1 0.904297 0.273438 0.014947 0.014947
1 0.474609 0.171875 0.014947 0.014947
1 0.876953 0.289062 0.014947 0.014947
1 0.841797 0.177734 0.014947 0.014947
1 0.679688 0.089844 0.014947 0.014947
1 0.955078 0.004883 0.011662 0.011662
1 0.966797 0.755859 0.014947 0.014947
1 0.853516 0.562500 0.014947 0.014947
1 0.935547 0.523438 0.014947 0.014947
1 0.582031 0.398438 0.014947 0.014947
