1 0.201172 0.236328 0.014947 0.014947
1 0.189453 0.203125 0.014947 0.014947
1 0.433720 0.199450 0.019022 0.019022
1 0.677734 0.166016 0.014947 0.014947
1 0.345703 0.083984 0.014947 0.014947
1 0.023438 0.080078 0.014947 0.014947
1 0.912236 0.009997 0.019022 0.019022
1 0.173890 0.993625 0.011345 0.011345
1 0.201224 0.990565 0.012369 0.012369
1 0.738281 0.392578 0.014947 0.014947
1 0.953252 0.961169 0.019022 0.019022
1 0.414062 0.935547 0.014947 0.014947
1 0.730469 0.912109 0.014947 0.014947
1 0.437500 0.867188 0.014947 0.014947
1 0.902344 0.789062 0.014947 0.014947
1 0.615234 0.777344 0.014947 0.014947
1 0.142578 0.761719 0.014947 0.014947
1 0.855469 0.744141 0.014947 0.014947
1 0.046875 0.742188 0.014947 0.014947
1 0.892578 0.726562 0.014947 0.014947
1 0.632812 0.658203 0.014947 0.014947
1 0.957158 0.574450 0.019022 0.019022
1 0.203125 0.572266 0.014947 0.014947
1 0.273564 0.511950 0.019022 0.019022
1 0.978516 0.505859 0.014947 0.014947
1 0.634766 0.492188 0.014947 0.014947
1 0.970703 0.462891 0.014947 0.014947
1 0.062500 0.876953 0.022475 0.022475
1 0.152470 0.433825 0.019022 0.019022
1 0.127005 0.008143 0.012369 0.012369
1 0.322266 0.970703 0.022475 0.022475
1 0.339844 0.404297 0.014947 0.014947
1 0.546875 0.349609 0.014947 0.014947
1 0.818359 0.271484 0.014947 0.014947
1 0.150442 0.347987 0.012369 0.012369
1 0.712891 0.525391 0.014947 0.014947
1 0.275442 0.650721 0.012369 0.012369
1 0.718750 0.673828 0.014947 0.014947
1 0.091924 0.701403 0.019022 0.019022
1 0.476562 0.839844 0.014947 0.014947
1 0.244267 0.847888 0.019022 0.019022
1 0.578125 0.869141 0.014947 0.014947
1 0.904297 0.894531 0.014947 0.014947
1 0.974609 0.101562 0.014947 0.014947
1 0.269658 0.146716 0.019022 0.019022
1 0.636719 0.236328 0.014947 0.014947
1 0.291142 0.252185 0.019022 0.019022
1 0.373047 0.261719 0.014947 0.014947
1 0.140625 0.320312 0.014947 0.014947
1 0.173828 0.386719 0.014947 0.014947
1 0.689453 0.460938 0.014947 0.014947
1 0.517578 0.458984 0.014947 0.014947
1 0.580078 0.421875 0.014947 0.014947
1 0.195439 0.416247 0.019022 0.019022
1 0.843750 0.246094 0.014947 0.014947
1 0.363281 0.154297 0.014947 0.014947
1 0.220703 0.128906 0.014947 0.014947
1 0.419922 0.394531 0.014947 0.014947
1 0.835938 0.097656 0.014947 0.014947
1 0.578125 0.082031 0.014947 0.014947
1 0.875000 0.029297 0.014947 0.014947
1 0.492188 0.007812 0.014947 0.014947
1 0.201172 0.949219 0.014947 0.014947
1 0.166067 0.340174 0.012369 0.012369
1 0.724609 0.884766 0.014947 0.014947
1 0.785156 0.839844 0.014947 0.014947
1 0.761719 0.732422 0.014947 0.014947
1 0.080078 0.589844 0.014947 0.014947
1 0.232422 0.558594 0.014947 0.014947
1 0.922002 0.474841 0.019022 0.019022
1 0.605469 0.367188 0.014947 0.014947
1 0.734375 0.339844 0.014947 0.014947
1 0.960938 0.296875 0.014947 0.014947
1 0.130859 0.265625 0.014947 0.014947
1 0.088017 0.242419 0.019022 0.019022
1 0.970703 0.240234 0.014947 0.014947
