1 0.644531 0.431641 0.014947 0.014947
1 0.894531 0.951172 0.030378 0.030378
1 0.767578 0.958984 0.030378 0.030378
1 0.494297 0.160366 0.026766 0.026766
1 0.513610 0.347656 0.039301 0.039301
1 0.197422 0.513882 0.026766 0.026766
1 0.167969 0.935547 0.022475 0.022475
1 0.031250 0.984375 0.014947 0.014947
1 0.037109 0.298828 0.014947 0.014947
1 0.404454 0.652553 0.026766 0.026766
1 0.203125 0.777344 0.022475 0.022475
1 0.171875 0.884766 0.014947 0.014947
1 0.271484 0.955078 0.014947 0.014947
1 0.101562 0.117188 0.014947 0.014947
1 0.750052 0.180018 0.012369 0.012369
1 0.167969 0.488281 0.014947 0.014947
1 0.087891 0.505859 0.014947 0.014947
1 0.498047 0.523438 0.014947 0.014947
1 0.169922 0.546875 0.014947 0.014947
1 0.068359 0.574219 0.014947 0.014947
1 0.214844 0.578125 0.014947 0.014947
1 0.224609 0.607422 0.014947 0.014947
1 0.089844 0.625000 0.014947 0.014947
1 0.277344 0.625000 0.014947 0.014947
1 0.156250 0.632812 0.014947 0.014947
1 0.025391 0.667969 0.014947 0.014947
1 0.777344 0.679688 0.030378 0.030378
1 0.089895 0.683924 0.012369 0.012369
1 0.062500 0.718750 0.014947 0.014947
1 0.542969 0.722656 0.014947 0.014947
1 0.259766 0.730469 0.014947 0.014947
1 0.076172 0.738281 0.014947 0.014947
1 0.017578 0.757812 0.014947 0.014947
1 0.132812 0.757812 0.014947 0.014947
1 0.082083 0.760096 0.012369 0.012369
1 0.373047 0.767578 0.014947 0.014947
1 0.097656 0.773438 0.014947 0.014947
1 0.234375 0.775391 0.014947 0.014947
1 0.287109 0.796875 0.014947 0.014947
1 0.004738 0.804832 0.011452 0.011452
1 0.324219 0.810547 0.014947 0.014947
1 0.226562 0.822266 0.014947 0.014947
1 0.199219 0.826172 0.014947 0.014947
1 0.457031 0.830078 0.014947 0.014947
1 0.134766 0.835938 0.014947 0.014947
1 0.365234 0.847656 0.014947 0.014947
1 0.333984 0.857422 0.014947 0.014947
1 0.466797 0.869141 0.014947 0.014947
1 0.406250 0.875000 0.014947 0.014947
1 0.013672 0.880859 0.014947 0.014947
1 0.257864 0.885096 0.012369 0.012369
1 0.345703 0.886719 0.014947 0.014947
1 0.250000 0.904297 0.014947 0.014947
1 0.414062 0.912109 0.014947 0.014947
1 0.388672 0.919922 0.014947 0.014947
1 0.548828 0.929688 0.014947 0.014947
1 0.746094 0.931641 0.014947 0.014947
1 0.462891 0.939453 0.014947 0.014947
1 0.126953 0.951172 0.014947 0.014947
1 0.029297 0.953125 0.014947 0.014947
1 0.357422 0.966797 0.014947 0.014947
1 0.501953 0.974609 0.022475 0.022475
1 0.064453 0.972656 0.014947 0.014947
1 0.302734 0.972656 0.014947 0.014947
1 0.156250 0.976562 0.014947 0.014947
1 0.423828 0.978516 0.014947 0.014947
1 0.103567 0.984706 0.012369 0.012369
1 0.044922 0.011719 0.014947 0.014947
1 0.177734 0.011719 0.014947 0.014947
1 0.009817 0.033534 0.012369 0.012369
1 0.298828 0.042969 0.014947 0.014947
1 0.078125 0.058594 0.014947 0.014947
1 0.171875 0.074219 0.014947 0.014947
1 0.386719 0.076172 0.014947 0.014947
1 0.257812 0.080078 0.014947 0.014947
1 0.279297 0.087891 0.014947 0.014947
1 0.187500 0.091797 0.014947 0.014947
1 0.119141 0.099609 0.014947 0.014947
1 0.429688 0.142578 0.014947 0.014947
1 0.314453 0.148438 0.014947 0.014947
1 0.113281 0.173828 0.014947 0.014947
1 0.074219 0.175781 0.014947 0.014947
1 0.421875 0.181641 0.014947 0.014947
1 0.144583 0.199549 0.012369 0.012369
1 0.216849 0.213221 0.012369 0.012369
1 0.103516 0.232422 0.014947 0.014947
1 0.066406 0.261719 0.014947 0.014947
1 0.373047 0.281250 0.014947 0.014947
1 0.164062 0.285156 0.014947 0.014947
1 0.386719 0.300781 0.014947 0.014947
1 0.267578 0.312500 0.014947 0.014947
1 0.009817 0.344081 0.012369 0.012369
1 0.169922 0.349609 0.014947 0.014947
1 0.349609 0.349609 0.014947 0.014947
1 0.246094 0.353516 0.014947 0.014947
1 0.359375 0.378906 0.014947 0.014947
1 0.396484 0.382812 0.014947 0.014947
1 0.273438 0.386719 0.014947 0.014947
1 0.236380 0.390956 0.012369 0.012369
1 0.275391 0.414062 0.014947 0.014947
1 0.302734 0.439453 0.014947 0.014947
1 0.427786 0.443690 0.012369 0.012369
1 0.191458 0.445643 0.012369 0.012369
1 0.548828 0.445312 0.014947 0.014947
1 0.597656 0.445312 0.014947 0.014947
1 0.171927 0.453456 0.012369 0.012369
1 0.293020 0.459315 0.012369 0.012369
1 0.980469 0.464844 0.014947 0.014947
1 0.716797 0.496094 0.014947 0.014947
1 0.527344 0.513672 0.014947 0.014947
1 0.595703 0.513672 0.014947 0.014947
1 0.148438 0.519531 0.014947 0.014947
1 0.240234 0.531250 0.014947 0.014947
1 0.273438 0.533203 0.014947 0.014947
1 0.044922 0.537109 0.014947 0.014947
1 0.531302 0.551112 0.012369 0.012369
1 0.642578 0.562500 0.014947 0.014947
1 0.417969 0.570312 0.014947 0.014947
1 0.164062 0.591797 0.014947 0.014947
1 0.464844 0.603516 0.014947 0.014947
1 0.253906 0.605469 0.014947 0.014947
1 0.777344 0.607422 0.014947 0.014947
1 0.437500 0.609375 0.014947 0.014947
1 0.494192 0.607753 0.012369 0.012369
1 0.251953 0.625000 0.014947 0.014947
1 0.408203 0.628906 0.014947 0.014947
1 0.029349 0.633143 0.012369 0.012369
1 0.333984 0.632812 0.014947 0.014947
1 0.382812 0.632812 0.014947 0.014947
1 0.277344 0.650391 0.014947 0.014947
1 0.556692 0.650721 0.012369 0.012369
1 0.244141 0.654297 0.014947 0.014947
1 0.669922 0.669922 0.014947 0.014947
1 0.550781 0.675781 0.014947 0.014947
1 0.068411 0.681971 0.012369 0.012369
1 0.626953 0.685547 0.014947 0.014947
1 0.662109 0.710938 0.014947 0.014947
1 0.025391 0.718750 0.014947 0.014947
1 0.419974 0.719081 0.012369 0.012369
1 0.595703 0.726562 0.014947 0.014947
1 0.958984 0.726562 0.014947 0.014947
1 0.763672 0.732422 0.014947 0.014947
1 0.498047 0.742188 0.014947 0.014947
1 0.318411 0.742518 0.012369 0.012369
1 0.611328 0.744141 0.014947 0.014947
1 0.693359 0.746094 0.014947 0.014947
1 0.558594 0.757812 0.014947 0.014947
1 0.492188 0.765625 0.014947 0.014947
1 0.777344 0.785156 0.014947 0.014947
1 0.109375 0.792969 0.022475 0.022475
1 0.437500 0.794922 0.014947 0.014947
1 0.804688 0.798828 0.014947 0.014947
1 0.630859 0.804688 0.014947 0.014947
1 0.822266 0.810547 0.014947 0.014947
1 0.416067 0.822596 0.012369 0.012369
1 0.867188 0.832031 0.014947 0.014947
1 0.412236 0.849841 0.019022 0.019022
1 0.529297 0.847656 0.014947 0.014947
1 0.572317 0.853846 0.012369 0.012369
1 0.781250 0.867188 0.014947 0.014947
1 0.576172 0.880859 0.014947 0.014947
1 0.554688 0.896484 0.014947 0.014947
1 0.500052 0.908534 0.012369 0.012369
1 0.183645 0.916346 0.012369 0.012369
1 0.601562 0.931641 0.014947 0.014947
1 0.843750 0.935547 0.014947 0.014947
1 0.515625 0.939453 0.014947 0.014947
1 0.664062 0.949219 0.014947 0.014947
1 0.615234 0.949219 0.014947 0.014947
1 0.578125 0.960938 0.014947 0.014947
1 0.919922 0.960938 0.014947 0.014947
1 0.835938 0.962891 0.014947 0.014947
1 0.640625 0.962891 0.014947 0.014947
1 0.464844 0.982422 0.014947 0.014947
1 0.709111 0.988513 0.019022 0.019022
1 0.958984 0.986328 0.014947 0.014947
1 0.503906 0.009766 0.014947 0.014947
1 0.478516 0.019531 0.014947 0.014947
1 0.140625 0.019531 0.014947 0.014947
1 0.529297 0.031250 0.014947 0.014947
1 0.084036 0.025721 0.012369 0.012369
1 0.568359 0.037109 0.014947 0.014947
1 0.209036 0.039393 0.012369 0.012369
1 0.378906 0.039062 0.014947 0.014947
1 0.187552 0.043299 0.012369 0.012369
1 0.267630 0.060878 0.012369 0.012369
1 0.478567 0.068690 0.012369 0.012369
1 0.146484 0.070312 0.014947 0.014947
1 0.703125 0.076172 0.014947 0.014947
1 0.552734 0.078125 0.014947 0.014947
1 0.611380 0.084315 0.012369 0.012369
1 0.021484 0.089844 0.014947 0.014947
1 0.148489 0.119471 0.012369 0.012369
1 0.009766 0.123047 0.014947 0.014947
1 0.660208 0.125331 0.012369 0.012369
1 0.191406 0.130859 0.014947 0.014947
1 0.136719 0.138672 0.014947 0.014947
1 0.277395 0.142909 0.012369 0.012369
1 0.189453 0.152344 0.014947 0.014947
1 0.207031 0.154297 0.014947 0.014947
1 0.541016 0.154297 0.014947 0.014947
1 0.074270 0.154628 0.012369 0.012369
1 0.773438 0.179688 0.014947 0.014947
1 0.826172 0.189453 0.014947 0.014947
1 0.152344 0.195312 0.014947 0.014947
1 0.455078 0.195312 0.014947 0.014947
1 0.605520 0.197596 0.012369 0.012369
1 0.796875 0.207031 0.014947 0.014947
1 0.599609 0.210938 0.014947 0.014947
1 0.164114 0.219081 0.012369 0.012369
1 0.794922 0.228516 0.014947 0.014947
1 0.498099 0.238612 0.012369 0.012369
1 0.695312 0.238281 0.014947 0.014947
1 0.517630 0.246424 0.012369 0.012369
1 0.431692 0.252284 0.012369 0.012369
1 0.482422 0.263672 0.014947 0.014947
1 0.226614 0.265956 0.012369 0.012369
1 0.667969 0.273438 0.014947 0.014947
1 0.722656 0.275391 0.014947 0.014947
1 0.513672 0.275391 0.014947 0.014947
1 0.195364 0.281581 0.012369 0.012369
1 0.459036 0.283534 0.012369 0.012369
1 0.294974 0.291346 0.012369 0.012369
1 0.314505 0.295253 0.012369 0.012369
1 0.408255 0.299159 0.012369 0.012369
1 0.642578 0.314453 0.014947 0.014947
1 0.689453 0.316406 0.014947 0.014947
1 0.312500 0.333984 0.014947 0.014947
1 0.802891 0.343960 0.026766 0.026766
1 0.277395 0.357753 0.012369 0.012369
1 0.568359 0.357422 0.014947 0.014947
1 0.958984 0.363281 0.014947 0.014947
1 0.580078 0.382812 0.014947 0.014947
1 0.449270 0.375331 0.012369 0.012369
1 0.632864 0.387049 0.012369 0.012369
1 0.576224 0.377284 0.012369 0.012369
1 0.943359 0.398438 0.014947 0.014947
1 0.753906 0.400391 0.014947 0.014947
1 0.863281 0.402344 0.014947 0.014947
1 0.687500 0.406250 0.014947 0.014947
1 0.576172 0.410156 0.014947 0.014947
1 0.087942 0.412440 0.012369 0.012369
1 0.708984 0.417969 0.014947 0.014947
1 0.490234 0.427734 0.014947 0.014947
1 0.726562 0.435547 0.014947 0.014947
1 0.808594 0.439453 0.014947 0.014947
1 0.933594 0.437500 0.014947 0.014947
1 0.464844 0.455078 0.014947 0.014947
1 0.523438 0.458984 0.014947 0.014947
1 0.418020 0.465174 0.012369 0.012369
1 0.103567 0.463221 0.012369 0.012369
1 0.722656 0.466797 0.014947 0.014947
1 0.353567 0.471034 0.012369 0.012369
1 0.627005 0.472987 0.012369 0.012369
1 0.560547 0.478516 0.014947 0.014947
1 0.332031 0.486328 0.014947 0.014947
1 0.593750 0.486328 0.014947 0.014947
1 0.478567 0.490565 0.012369 0.012369
1 0.453125 0.496094 0.014947 0.014947
1 0.742188 0.500000 0.014947 0.014947
1 0.441458 0.529628 0.012369 0.012369
1 0.617188 0.535156 0.014947 0.014947
1 0.875000 0.539062 0.014947 0.014947
1 0.906250 0.541016 0.014947 0.014947
1 0.554688 0.542969 0.014947 0.014947
1 0.753906 0.552734 0.014947 0.014947
1 0.992239 0.562831 0.012369 0.012369
1 0.623099 0.566737 0.012369 0.012369
1 0.927734 0.572266 0.014947 0.014947
1 0.740286 0.576503 0.012369 0.012369
1 0.689453 0.583984 0.014947 0.014947
1 0.488281 0.587891 0.014947 0.014947
1 0.761770 0.580409 0.012369 0.012369
1 0.804688 0.585938 0.014947 0.014947
1 0.931641 0.619141 0.014947 0.014947
1 0.708984 0.619141 0.014947 0.014947
1 0.767578 0.632812 0.014947 0.014947
1 0.945312 0.636719 0.014947 0.014947
1 0.361380 0.637049 0.012369 0.012369
1 0.718750 0.648438 0.014947 0.014947
1 0.527395 0.650721 0.012369 0.012369
1 0.820364 0.662440 0.012369 0.012369
1 0.695312 0.673828 0.014947 0.014947
1 0.849609 0.673828 0.014947 0.014947
1 0.945312 0.701172 0.014947 0.014947
1 0.908203 0.712891 0.014947 0.014947
1 0.398438 0.726562 0.014947 0.014947
1 0.929688 0.738281 0.014947 0.014947
1 0.650442 0.738612 0.012369 0.012369
1 0.796927 0.758143 0.012369 0.012369
1 0.669922 0.765625 0.014947 0.014947
1 0.992239 0.769862 0.012369 0.012369
1 0.900391 0.773438 0.014947 0.014947
1 0.722708 0.830409 0.012369 0.012369
1 0.818359 0.841797 0.014947 0.014947
1 0.992239 0.849940 0.012369 0.012369
1 0.855469 0.873047 0.014947 0.014947
1 0.968750 0.876953 0.014947 0.014947
1 0.882812 0.886719 0.014947 0.014947
1 0.992239 0.890956 0.012369 0.012369
1 0.728567 0.887049 0.012369 0.012369
1 0.693411 0.902674 0.012369 0.012369
1 0.914189 0.912341 0.019022 0.019022
1 0.937552 0.910487 0.012369 0.012369
1 0.712942 0.912440 0.012369 0.012369
1 0.886719 0.917969 0.014947 0.014947
1 0.824219 0.984375 0.014947 0.014947
1 0.847708 0.992518 0.012369 0.012369
1 0.814453 0.015625 0.014947 0.014947
1 0.335938 0.017578 0.014947 0.014947
1 0.410208 0.017909 0.012369 0.012369
1 0.623047 0.025391 0.014947 0.014947
1 0.898438 0.037109 0.014947 0.014947
1 0.496094 0.039062 0.014947 0.014947
1 0.740286 0.043299 0.012369 0.012369
1 0.708984 0.054688 0.014947 0.014947
1 0.878906 0.054688 0.014947 0.014947
1 0.966797 0.064453 0.022475 0.022475
1 0.927734 0.078125 0.014947 0.014947
1 0.435599 0.078456 0.012369 0.012369
1 0.621145 0.096034 0.012369 0.012369
1 0.740234 0.115234 0.014947 0.014947
1 0.283203 0.123047 0.022475 0.022475
1 0.939453 0.126953 0.014947 0.014947
1 0.687500 0.128906 0.014947 0.014947
1 0.988281 0.142578 0.014947 0.014947
1 0.816406 0.150391 0.014947 0.014947
1 0.835938 0.156250 0.014947 0.014947
1 0.599609 0.160156 0.014947 0.014947
1 0.990286 0.164393 0.012369 0.012369
1 0.720755 0.160487 0.012369 0.012369
1 0.857422 0.166016 0.014947 0.014947
1 0.484375 0.216797 0.022475 0.022475
1 0.933594 0.214844 0.014947 0.014947
1 0.668020 0.219081 0.012369 0.012369
1 0.832031 0.232422 0.014947 0.014947
1 0.933594 0.238281 0.014947 0.014947
1 0.748047 0.240234 0.014947 0.014947
1 0.544974 0.264003 0.012369 0.012369
1 0.800833 0.275721 0.012369 0.012369
1 0.921875 0.281250 0.014947 0.014947
1 0.876953 0.287109 0.014947 0.014947
1 0.929688 0.310547 0.014947 0.014947
1 0.959036 0.336268 0.012369 0.012369
1 0.697317 0.349940 0.012369 0.012369
1 0.785156 0.365234 0.014947 0.014947
1 0.501953 0.386719 0.014947 0.014947
1 0.728516 0.394531 0.014947 0.014947
1 0.125052 0.408534 0.012369 0.012369
1 0.818411 0.418299 0.012369 0.012369
1 0.933645 0.514003 0.012369 0.012369
1 0.988333 0.541346 0.012369 0.012369
1 0.660156 0.615234 0.030378 0.030378
1 0.818411 0.633143 0.012369 0.012369
1 0.312627 0.843982 0.019022 0.019022
1 0.812500 0.052734 0.022475 0.022475
1 0.666067 0.088221 0.012369 0.012369
1 0.640677 0.133143 0.012369 0.012369
1 0.369267 0.154528 0.019022 0.019022
1 0.966924 0.314685 0.019022 0.019022
1 0.193359 0.361328 0.014947 0.014947
1 0.740361 0.597888 0.019022 0.019022
1 0.894531 0.664062 0.030378 0.030378
1 0.009766 0.689453 0.014947 0.014947
1 0.060599 0.795253 0.012369 0.012369
1 0.595703 0.798828 0.014947 0.014947
1 0.166067 0.810878 0.012369 0.012369
1 0.339970 0.051013 0.019022 0.019022
1 0.048955 0.088122 0.019022 0.019022
1 0.537109 0.121094 0.022475 0.022475
1 0.162109 0.132812 0.014947 0.014947
1 0.252080 0.269763 0.019022 0.019022
1 0.105595 0.371325 0.019022 0.019022
1 0.648564 0.402575 0.019022 0.019022
1 0.400391 0.406250 0.014947 0.014947
1 0.642578 0.488281 0.014947 0.014947
1 0.984375 0.685547 0.006233 0.006233
1 0.259817 0.678065 0.012369 0.012369
1 0.505859 0.718750 0.014947 0.014947
1 0.339844 0.740234 0.014947 0.014947
1 0.490234 0.804688 0.014947 0.014947
1 0.785283 0.924060 0.019022 0.019022
1 0.347783 0.939685 0.019022 0.019022
1 0.896484 0.991718 0.014452 0.014452
1 0.361328 0.019531 0.014947 0.014947
1 0.853642 0.101794 0.019022 0.019022
1 0.466797 0.099609 0.014947 0.014947
1 0.041142 0.123278 0.019022 0.019022
1 0.460938 0.250000 0.014947 0.014947
1 0.183645 0.392909 0.012369 0.012369
1 0.521536 0.408534 0.012369 0.012369
1 0.367314 0.445544 0.019022 0.019022
1 0.476562 0.699219 0.014947 0.014947
1 0.910283 0.824450 0.019022 0.019022
1 0.951299 0.832263 0.019022 0.019022
1 0.685599 0.010096 0.012369 0.012369
1 0.880986 0.015857 0.019022 0.019022
1 0.882939 0.119372 0.019022 0.019022
1 0.894658 0.181872 0.019022 0.019022
1 0.673880 0.201503 0.012369 0.012369
1 0.763672 0.304688 0.014947 0.014947
1 0.937500 0.335938 0.014947 0.014947
1 0.294922 0.371094 0.014947 0.014947
1 0.783203 0.457031 0.014947 0.014947
1 0.830130 0.709315 0.012369 0.012369
1 0.789189 0.131091 0.019022 0.019022
1 0.261845 0.162341 0.019022 0.019022
1 0.205078 0.257812 0.022475 0.022475
1 0.048828 0.347656 0.030378 0.030378
1 0.289062 0.498047 0.014947 0.014947
1 0.255859 0.234375 0.014947 0.014947
1 0.779297 0.253906 0.014947 0.014947
1 0.027344 0.423828 0.030378 0.030378
1 0.291016 0.746094 0.022475 0.022475
