1 0.578125 0.671875 0.014947 0.014947
1 0.632812 0.664062 0.014947 0.014947
1 0.589895 0.650721 0.012369 0.012369
1 0.232474 0.654628 0.012369 0.012369
1 0.455130 0.629237 0.012369 0.012369
1 0.101614 0.627284 0.012369 0.012369
1 0.521536 0.625331 0.012369 0.012369
1 0.498047 0.630859 0.014947 0.014947
1 0.943359 0.628906 0.014947 0.014947
1 0.259766 0.623047 0.014947 0.014947
1 0.898489 0.601893 0.012369 0.012369
1 0.574219 0.605469 0.014947 0.014947
1 0.964844 0.595703 0.014947 0.014947
1 0.914114 0.592128 0.012369 0.012369
1 0.607474 0.594081 0.012369 0.012369
1 0.341849 0.594081 0.012369 0.012369
1 0.406250 0.593750 0.014947 0.014947
1 0.230520 0.586268 0.012369 0.012369
1 0.818359 0.570312 0.014947 0.014947
1 0.691458 0.560878 0.012369 0.012369
1 0.861328 0.566406 0.014947 0.014947
1 0.949270 0.555018 0.012369 0.012369
1 0.746094 0.548828 0.014947 0.014947
1 0.384937 0.527547 0.034741 0.034741
1 0.548828 0.525391 0.014947 0.014947
1 0.617188 0.515625 0.014947 0.014947
1 0.722656 0.507812 0.014947 0.014947
1 0.955078 0.498047 0.014947 0.014947
1 0.406250 0.496094 0.014947 0.014947
1 0.822266 0.496094 0.014947 0.014947
1 0.902344 0.484375 0.014947 0.014947
1 0.525391 0.476562 0.014947 0.014947
1 0.396484 0.478516 0.014947 0.014947
1 0.152395 0.476893 0.012369 0.012369
1 0.117188 0.466797 0.014947 0.014947
1 0.365391 0.461147 0.026766 0.026766
1 0.042969 0.462891 0.014947 0.014947
1 0.220755 0.449549 0.012369 0.012369
1 0.544922 0.451172 0.014947 0.014947
1 0.423828 0.451172 0.014947 0.014947
1 0.861328 0.451172 0.014947 0.014947
1 0.695312 0.441406 0.014947 0.014947
1 0.085938 0.439453 0.014947 0.014947
1 0.894531 0.427734 0.014947 0.014947
1 0.476562 0.427734 0.014947 0.014947
1 0.677734 0.416016 0.014947 0.014947
1 0.980469 0.410156 0.014947 0.014947
1 0.205078 0.400391 0.014947 0.014947
1 0.683594 0.392578 0.014947 0.014947
1 0.140677 0.389003 0.012369 0.012369
1 0.873047 0.386719 0.014947 0.014947
1 0.720755 0.385096 0.012369 0.012369
1 0.275391 0.376953 0.014947 0.014947
1 0.097656 0.375000 0.014947 0.014947
1 0.666016 0.365234 0.014947 0.014947
1 0.248047 0.361328 0.014947 0.014947
1 0.708984 0.353516 0.014947 0.014947
1 0.916016 0.343750 0.014947 0.014947
1 0.787236 0.342028 0.019022 0.019022
1 0.345755 0.330409 0.012369 0.012369
1 0.888672 0.328125 0.014947 0.014947
1 0.548828 0.330078 0.014947 0.014947
1 0.123047 0.316406 0.014947 0.014947
1 0.654297 0.308594 0.014947 0.014947
1 0.322266 0.306641 0.014947 0.014947
1 0.343802 0.306971 0.012369 0.012369
1 0.205078 0.308594 0.014947 0.014947
1 0.525391 0.306641 0.014947 0.014947
1 0.869192 0.303065 0.012369 0.012369
1 0.488281 0.300781 0.014947 0.014947
1 0.980469 0.298828 0.014947 0.014947
1 0.546875 0.298828 0.014947 0.014947
1 0.314505 0.293299 0.012369 0.012369
1 0.716797 0.279297 0.014947 0.014947
1 0.603516 0.279297 0.014947 0.014947
1 0.294922 0.281250 0.014947 0.014947
1 0.535156 0.271484 0.014947 0.014947
1 0.177786 0.273768 0.012369 0.012369
1 0.017578 0.269531 0.014947 0.014947
1 0.093802 0.256190 0.012369 0.012369
1 0.314453 0.248047 0.014947 0.014947
1 0.847656 0.242188 0.014947 0.014947
1 0.777344 0.244141 0.014947 0.014947
1 0.240234 0.242188 0.014947 0.014947
1 0.332031 0.226562 0.014947 0.014947
1 0.638672 0.214844 0.014947 0.014947
1 0.222656 0.216797 0.014947 0.014947
1 0.710938 0.203125 0.014947 0.014947
1 0.115234 0.197266 0.022475 0.022475
1 0.796875 0.193359 0.014947 0.014947
1 0.339844 0.189453 0.014947 0.014947
1 0.431641 0.177734 0.014947 0.014947
1 0.056641 0.175781 0.014947 0.014947
1 0.914062 0.169922 0.014947 0.014947
1 0.457031 0.167969 0.014947 0.014947
1 0.125000 0.169922 0.014947 0.014947
1 0.585938 0.167969 0.014947 0.014947
1 0.333984 0.156250 0.014947 0.014947
1 0.708984 0.123047 0.014947 0.014947
1 0.037109 0.109375 0.014947 0.014947
1 0.728567 0.109706 0.012369 0.012369
1 0.154297 0.107422 0.014947 0.014947
1 0.191406 0.105469 0.014947 0.014947
1 0.291016 0.097656 0.014947 0.014947
1 0.054688 0.091797 0.014947 0.014947
1 0.460938 0.089844 0.014947 0.014947
1 0.781250 0.085938 0.014947 0.014947
1 0.207031 0.072266 0.014947 0.014947
1 0.507812 0.070312 0.014947 0.014947
1 0.267578 0.062500 0.014947 0.014947
1 0.662161 0.043299 0.012369 0.012369
1 0.599609 0.025391 0.014947 0.014947
1 0.566406 0.023438 0.014947 0.014947
1 0.060547 0.019531 0.014947 0.014947
1 0.669983 0.993625 0.011345 0.011345
1 0.339905 0.993625 0.011345 0.011345
1 0.650442 0.982753 0.012369 0.012369
1 0.322317 0.978846 0.012369 0.012369
1 0.544922 0.974609 0.014947 0.014947
1 0.265677 0.965174 0.012369 0.012369
1 0.177786 0.969081 0.012369 0.012369
1 0.035156 0.960938 0.014947 0.014947
1 0.101562 0.958984 0.014947 0.014947
1 0.373047 0.955078 0.014947 0.014947
1 0.414114 0.949549 0.012369 0.012369
1 0.595703 0.935547 0.014947 0.014947
1 0.474609 0.935547 0.014947 0.014947
1 0.400442 0.930018 0.012369 0.012369
1 0.423828 0.927734 0.014947 0.014947
1 0.632864 0.922206 0.012369 0.012369
1 0.361380 0.922206 0.012369 0.012369
1 0.644583 0.918299 0.012369 0.012369
1 0.322266 0.908203 0.014947 0.014947
1 0.408203 0.900391 0.014947 0.014947
1 0.988281 0.898438 0.014947 0.014947
1 0.646484 0.890625 0.014947 0.014947
1 0.517578 0.888672 0.014947 0.014947
1 0.162109 0.865234 0.014947 0.014947
1 0.912109 0.859375 0.014947 0.014947
1 0.513672 0.851562 0.014947 0.014947
1 0.371094 0.849609 0.014947 0.014947
1 0.648438 0.847656 0.014947 0.014947
1 0.548828 0.830078 0.014947 0.014947
1 0.306641 0.816406 0.014947 0.014947
1 0.568359 0.808594 0.014947 0.014947
1 0.246094 0.800781 0.014947 0.014947
1 0.070312 0.792969 0.014947 0.014947
1 0.380859 0.789062 0.014947 0.014947
1 0.976562 0.777344 0.014947 0.014947
1 0.515677 0.773768 0.012369 0.012369
1 0.712891 0.771484 0.014947 0.014947
1 0.166016 0.769531 0.014947 0.014947
1 0.533255 0.764003 0.012369 0.012369
1 0.871094 0.759766 0.014947 0.014947
1 0.142578 0.750000 0.014947 0.014947
1 0.636719 0.744141 0.014947 0.014947
1 0.171927 0.736659 0.012369 0.012369
1 0.572317 0.732753 0.012369 0.012369
1 0.054688 0.734375 0.014947 0.014947
1 0.394531 0.728516 0.014947 0.014947
1 0.832031 0.724609 0.014947 0.014947
1 0.199219 0.724609 0.014947 0.014947
1 0.291016 0.724609 0.014947 0.014947
1 0.361328 0.720703 0.014947 0.014947
1 0.687500 0.714844 0.014947 0.014947
1 0.052786 0.701503 0.012369 0.012369
1 0.101614 0.691737 0.012369 0.012369
1 0.669922 0.689453 0.014947 0.014947
1 0.439453 0.689453 0.014947 0.014947
1 0.341797 0.687500 0.014947 0.014947
1 0.142578 0.687500 0.014947 0.014947
1 0.968750 0.681641 0.014947 0.014947
1 0.285156 0.677734 0.014947 0.014947
1 0.539062 0.669922 0.014947 0.014947
1 0.013672 0.666016 0.014947 0.014947
1 0.951172 0.662109 0.014947 0.014947
1 0.064453 0.650391 0.014947 0.014947
1 0.779349 0.640956 0.012369 0.012369
1 0.390625 0.623047 0.014947 0.014947
1 0.074270 0.609706 0.012369 0.012369
1 0.630859 0.605469 0.014947 0.014947
1 0.173828 0.605469 0.014947 0.014947
1 0.089844 0.593750 0.014947 0.014947
1 0.593802 0.584315 0.012369 0.012369
1 0.431641 0.580078 0.014947 0.014947
1 0.333984 0.574219 0.014947 0.014947
1 0.460938 0.574219 0.014947 0.014947
1 0.496145 0.566737 0.012369 0.012369
1 0.316406 0.558594 0.014947 0.014947
1 0.390625 0.558594 0.014947 0.014947
1 0.019531 0.548828 0.014947 0.014947
1 0.644531 0.546875 0.014947 0.014947
1 0.269531 0.541016 0.014947 0.014947
1 0.005911 0.533534 0.012369 0.012369
1 0.464844 0.527344 0.014947 0.014947
1 0.126953 0.519531 0.014947 0.014947
1 0.912109 0.517578 0.014947 0.014947
1 0.042969 0.507812 0.014947 0.014947
1 0.156250 0.505859 0.014947 0.014947
1 0.099661 0.502284 0.012369 0.012369
1 0.078125 0.500000 0.014947 0.014947
1 0.693359 0.494141 0.014947 0.014947
1 0.171927 0.484706 0.012369 0.012369
1 0.310547 0.460938 0.014947 0.014947
1 0.523489 0.453456 0.012369 0.012369
1 0.191406 0.429688 0.014947 0.014947
1 0.757812 0.402344 0.014947 0.014947
1 0.261719 0.404297 0.014947 0.014947
1 0.474609 0.378906 0.014947 0.014947
1 0.853567 0.316737 0.012369 0.012369
1 0.144531 0.308594 0.014947 0.014947
1 0.410156 0.267578 0.014947 0.014947
1 0.103516 0.234375 0.014947 0.014947
1 0.289062 0.214844 0.014947 0.014947
1 0.572317 0.992518 0.012369 0.012369
1 0.169974 0.990565 0.012369 0.012369
1 0.054688 0.974609 0.014947 0.014947
1 0.156302 0.969081 0.012369 0.012369
1 0.013672 0.958984 0.014947 0.014947
1 0.783203 0.941406 0.014947 0.014947
1 0.300781 0.927734 0.014947 0.014947
1 0.021484 0.919922 0.014947 0.014947
1 0.871094 0.916016 0.014947 0.014947
1 0.712891 0.910156 0.014947 0.014947
1 0.574219 0.896484 0.014947 0.014947
1 0.773438 0.869141 0.014947 0.014947
1 0.310547 0.853516 0.014947 0.014947
1 0.595703 0.841797 0.014947 0.014947
1 0.134766 0.835938 0.014947 0.014947
1 0.351562 0.802734 0.014947 0.014947
1 0.158203 0.800781 0.014947 0.014947
1 0.033203 0.779297 0.014947 0.014947
1 0.080078 0.757812 0.014947 0.014947
1 0.261719 0.738281 0.014947 0.014947
1 0.261719 0.685547 0.014947 0.014947
1 0.564505 0.584315 0.012369 0.012369
1 0.656377 0.484607 0.019022 0.019022
1 0.175938 0.342007 0.026766 0.026766
1 0.726562 0.980469 0.014947 0.014947
1 0.951329 0.957241 0.026766 0.026766
1 0.589844 0.800781 0.014947 0.014947
1 0.953125 0.707031 0.014947 0.014947
1 0.306641 0.621094 0.014947 0.014947
1 0.373047 0.359375 0.014947 0.014947
1 0.884766 0.054688 0.030378 0.030378
1 0.347708 0.937831 0.012369 0.012369
1 0.539062 0.806641 0.022475 0.022475
1 0.578125 0.765625 0.030378 0.030378
1 0.091797 0.925781 0.014947 0.014947
1 0.125052 0.916346 0.012369 0.012369
1 0.115286 0.928065 0.012369 0.012369
1 0.082083 0.914393 0.012369 0.012369
1 0.476734 0.668172 0.034741 0.034741
1 0.193359 0.583984 0.022475 0.022475
1 0.244267 0.549060 0.019022 0.019022
1 0.597813 0.101772 0.026766 0.026766
1 0.359375 0.041016 0.022475 0.022475
1 0.199375 0.697475 0.026766 0.026766
1 0.543095 0.418200 0.019022 0.019022
1 0.578252 0.351794 0.019022 0.019022
1 0.045049 0.211169 0.019022 0.019022
1 0.238281 0.080078 0.014947 0.014947
1 0.230520 0.031581 0.012369 0.012369
1 0.585938 0.714844 0.014947 0.014947
1 0.886845 0.705310 0.019022 0.019022
1 0.033203 0.687500 0.014947 0.014947
1 0.712891 0.582031 0.014947 0.014947
1 0.132864 0.558924 0.012369 0.012369
1 0.457158 0.472888 0.019022 0.019022
1 0.943486 0.318591 0.019022 0.019022
1 0.466924 0.277575 0.019022 0.019022
1 0.013799 0.215075 0.019022 0.019022
1 0.230469 0.140625 0.014947 0.014947
1 0.634892 0.134997 0.019022 0.019022
1 0.521536 0.133143 0.012369 0.012369
1 0.263672 0.130859 0.014947 0.014947
1 0.289189 0.871325 0.019022 0.019022
1 0.578252 0.629138 0.019022 0.019022
1 0.234375 0.607422 0.014947 0.014947
1 0.291142 0.584216 0.019022 0.019022
1 0.796927 0.439784 0.012369 0.012369
1 0.822392 0.265857 0.019022 0.019022
1 0.757939 0.929919 0.019022 0.019022
1 0.953125 0.814453 0.022475 0.022475
1 0.064505 0.430018 0.012369 0.012369
1 0.863333 0.195643 0.012369 0.012369
1 0.921875 0.076172 0.022475 0.022475
1 0.302861 0.988513 0.019022 0.019022
1 0.517705 0.922107 0.019022 0.019022
1 0.982474 0.459315 0.012369 0.012369
1 0.919922 0.443359 0.022475 0.022475
1 0.017630 0.361659 0.012369 0.012369
1 0.078125 0.244141 0.014947 0.014947
1 0.320364 0.109706 0.012369 0.012369
1 0.861328 0.021484 0.014947 0.014947
1 0.517735 0.554897 0.026766 0.026766
1 0.216849 0.560878 0.012369 0.012369
1 0.121145 0.410487 0.012369 0.012369
1 0.732474 0.402674 0.012369 0.012369
1 0.660208 0.398768 0.012369 0.012369
1 0.044922 0.369141 0.014947 0.014947
1 0.226562 0.337891 0.014947 0.014947
1 0.062552 0.324549 0.012369 0.012369
1 0.744192 0.320643 0.012369 0.012369
1 0.246094 0.322266 0.014947 0.014947
1 0.378958 0.299159 0.012369 0.012369
1 0.425781 0.285156 0.014947 0.014947
1 0.271484 0.287109 0.014947 0.014947
1 0.691406 0.285156 0.014947 0.014947
1 0.386770 0.285487 0.012369 0.012369
1 0.761719 0.275391 0.014947 0.014947
1 0.785156 0.267578 0.014947 0.014947
1 0.734375 0.261719 0.014947 0.014947
1 0.179739 0.252284 0.012369 0.012369
1 0.587891 0.248047 0.030378 0.030378
1 0.970755 0.240565 0.012369 0.012369
1 0.808594 0.232422 0.014947 0.014947
1 0.687500 0.224609 0.014947 0.014947
1 0.416016 0.222656 0.014947 0.014947
1 0.750000 0.218750 0.014947 0.014947
1 0.166016 0.210938 0.014947 0.014947
1 0.568359 0.181641 0.014947 0.014947
1 0.287109 0.171875 0.014947 0.014947
1 0.183645 0.164393 0.012369 0.012369
1 0.740234 0.167969 0.014947 0.014947
1 0.671927 0.164393 0.012369 0.012369
1 0.261770 0.154628 0.012369 0.012369
1 0.953177 0.148768 0.012369 0.012369
1 0.931641 0.142578 0.014947 0.014947
1 0.857422 0.136719 0.014947 0.014947
1 0.566406 0.126953 0.014947 0.014947
1 0.017578 0.126953 0.014947 0.014947
1 0.111328 0.119141 0.014947 0.014947
1 0.439453 0.107422 0.014947 0.014947
1 0.861328 0.105469 0.014947 0.014947
1 0.884817 0.101893 0.012369 0.012369
1 0.560547 0.101562 0.014947 0.014947
1 0.373047 0.101562 0.014947 0.014947
1 0.947266 0.097656 0.014947 0.014947
1 0.742188 0.095703 0.014947 0.014947
1 0.664062 0.085938 0.014947 0.014947
1 0.318359 0.076172 0.014947 0.014947
1 0.732422 0.046875 0.014947 0.014947
1 0.685547 0.044922 0.014947 0.014947
1 0.158203 0.044922 0.014947 0.014947
1 0.705078 0.033203 0.014947 0.014947
1 0.031250 0.025391 0.014947 0.014947
1 0.666016 0.019531 0.014947 0.014947
1 0.892578 0.011719 0.014947 0.014947
1 0.929688 0.009766 0.014947 0.014947
1 0.628958 0.006190 0.012369 0.012369
1 0.148489 0.931971 0.012369 0.012369
1 0.560547 0.919922 0.014947 0.014947
1 0.404297 0.865234 0.014947 0.014947
1 0.949375 0.867397 0.026766 0.026766
1 0.794922 0.833984 0.014947 0.014947
1 0.703125 0.816406 0.014947 0.014947
1 0.859427 0.808924 0.012369 0.012369
1 0.089844 0.808594 0.006233 0.006233
1 0.638672 0.787109 0.022475 0.022475
1 0.662109 0.763672 0.014947 0.014947
1 0.482474 0.760096 0.012369 0.012369
1 0.792969 0.759766 0.014947 0.014947
1 0.306641 0.755859 0.014947 0.014947
1 0.974609 0.726562 0.014947 0.014947
1 0.613281 0.707031 0.014947 0.014947
1 0.855469 0.683594 0.030378 0.030378
1 0.095755 0.662440 0.012369 0.012369
