1 0.746094 0.337891 0.014947 0.014947
1 0.582031 0.537109 0.014947 0.014947
1 0.482422 0.548828 0.022475 0.022475
1 0.847813 0.576382 0.026766 0.026766
1 0.355469 0.605469 0.014947 0.014947
1 0.285156 0.613281 0.014947 0.014947
1 0.093750 0.619141 0.014947 0.014947
1 0.660156 0.621094 0.014947 0.014947
1 0.787109 0.626953 0.014947 0.014947
1 0.408203 0.628906 0.014947 0.014947
1 0.252005 0.662440 0.012369 0.012369
1 0.435547 0.667969 0.014947 0.014947
1 0.302734 0.679688 0.014947 0.014947
1 0.228516 0.685547 0.014947 0.014947
1 0.408203 0.685547 0.014947 0.014947
1 0.605469 0.693359 0.014947 0.014947
1 0.199219 0.705078 0.014947 0.014947
1 0.144531 0.716797 0.014947 0.014947
1 0.109375 0.722656 0.014947 0.014947
1 0.060547 0.736328 0.014947 0.014947
1 0.109375 0.750000 0.014947 0.014947
1 0.201172 0.761719 0.014947 0.014947
1 0.091797 0.761719 0.014947 0.014947
1 0.480469 0.763672 0.014947 0.014947
1 0.152344 0.775391 0.014947 0.014947
1 0.986328 0.775391 0.014947 0.014947
1 0.511719 0.779297 0.014947 0.014947
1 0.246094 0.792969 0.014947 0.014947
1 0.203125 0.802734 0.014947 0.014947
1 0.005911 0.806971 0.012369 0.012369
1 0.318359 0.812500 0.014947 0.014947
1 0.716797 0.826172 0.014947 0.014947
1 0.201172 0.833984 0.014947 0.014947
1 0.333984 0.833984 0.014947 0.014947
1 0.505859 0.837891 0.022475 0.022475
1 0.083984 0.839844 0.014947 0.014947
1 0.927734 0.839844 0.014947 0.014947
1 0.705078 0.851562 0.014947 0.014947
1 0.115234 0.853516 0.014947 0.014947
1 0.306641 0.863281 0.014947 0.014947
1 0.378906 0.863281 0.014947 0.014947
1 0.144531 0.869141 0.014947 0.014947
1 0.781250 0.871094 0.014947 0.014947
1 0.240234 0.871094 0.014947 0.014947
1 0.004738 0.879051 0.011452 0.011452
1 0.337891 0.878906 0.014947 0.014947
1 0.701172 0.890625 0.014947 0.014947
1 0.457031 0.892578 0.014947 0.014947
1 0.263672 0.898438 0.014947 0.014947
1 0.171875 0.904297 0.014947 0.014947
1 0.656250 0.904297 0.014947 0.014947
1 0.376953 0.912109 0.014947 0.014947
1 0.390677 0.941737 0.012369 0.012369
1 0.503906 0.947266 0.014947 0.014947
1 0.982422 0.953125 0.014947 0.014947
1 0.351562 0.955078 0.014947 0.014947
1 0.919922 0.958984 0.014947 0.014947
1 0.017630 0.969081 0.012369 0.012369
1 0.591797 0.966797 0.014947 0.014947
1 0.068411 0.971034 0.012369 0.012369
1 0.285208 0.971034 0.012369 0.012369
1 0.775391 0.980469 0.014947 0.014947
1 0.835938 0.980469 0.014947 0.014947
1 0.253958 0.982753 0.012369 0.012369
1 0.369141 0.984375 0.014947 0.014947
1 0.117188 0.988281 0.014947 0.014947
1 0.300833 0.990565 0.012369 0.012369
1 0.650452 0.993625 0.011345 0.011345
1 0.765625 0.039062 0.022475 0.022475
1 0.070312 0.068359 0.014947 0.014947
1 0.004738 0.078270 0.011452 0.011452
1 0.238281 0.082031 0.014947 0.014947
1 0.650391 0.083984 0.014947 0.014947
1 0.814610 0.092007 0.026766 0.026766
1 0.044922 0.123047 0.014947 0.014947
1 0.310547 0.185547 0.014947 0.014947
1 0.591797 0.191406 0.014947 0.014947
1 0.226562 0.199219 0.014947 0.014947
1 0.345703 0.199219 0.014947 0.014947
1 0.087891 0.201172 0.014947 0.014947
1 0.324219 0.218750 0.022475 0.022475
1 0.429688 0.218750 0.014947 0.014947
1 0.109375 0.222656 0.014947 0.014947
1 0.060547 0.230469 0.014947 0.014947
1 0.029297 0.250000 0.014947 0.014947
1 0.113281 0.250000 0.014947 0.014947
1 0.439453 0.265625 0.014947 0.014947
1 0.212891 0.265625 0.014947 0.014947
1 0.476562 0.265625 0.014947 0.014947
1 0.736328 0.267578 0.014947 0.014947
1 0.861328 0.283203 0.014947 0.014947
1 0.281250 0.283203 0.014947 0.014947
1 0.886719 0.287109 0.014947 0.014947
1 0.951224 0.285487 0.012369 0.012369
1 0.123047 0.287109 0.014947 0.014947
1 0.158203 0.306641 0.014947 0.014947
1 0.748047 0.310547 0.014947 0.014947
1 0.121145 0.312831 0.012369 0.012369
1 0.265625 0.316406 0.014947 0.014947
1 0.464844 0.320312 0.014947 0.014947
1 0.718802 0.320643 0.012369 0.012369
1 0.937500 0.335938 0.014947 0.014947
1 0.597656 0.345703 0.014947 0.014947
1 0.265677 0.349940 0.012369 0.012369
1 0.113281 0.355469 0.014947 0.014947
1 0.072266 0.359375 0.014947 0.014947
1 0.359375 0.361328 0.014947 0.014947
1 0.421875 0.361328 0.014947 0.014947
1 0.476562 0.371094 0.014947 0.014947
1 0.734375 0.373047 0.014947 0.014947
1 0.574219 0.376953 0.014947 0.014947
1 0.027395 0.381190 0.012369 0.012369
1 0.060547 0.380859 0.014947 0.014947
1 0.359375 0.382812 0.014947 0.014947
1 0.285156 0.384766 0.014947 0.014947
1 0.640625 0.386719 0.014947 0.014947
1 0.914062 0.398438 0.014947 0.014947
1 0.322266 0.402344 0.014947 0.014947
1 0.052786 0.406581 0.012369 0.012369
1 0.884766 0.414062 0.014947 0.014947
1 0.837891 0.427734 0.014947 0.014947
1 0.505911 0.430018 0.012369 0.012369
1 0.119141 0.435547 0.014947 0.014947
1 0.492188 0.441406 0.014947 0.014947
1 0.576172 0.443359 0.014947 0.014947
1 0.814453 0.441406 0.014947 0.014947
1 0.658203 0.449219 0.014947 0.014947
1 0.343750 0.453125 0.014947 0.014947
1 0.082083 0.461268 0.012369 0.012369
1 0.841797 0.470703 0.014947 0.014947
1 0.312500 0.478516 0.014947 0.014947
1 0.869141 0.482422 0.014947 0.014947
1 0.445312 0.486328 0.014947 0.014947
1 0.171875 0.496094 0.014947 0.014947
1 0.214844 0.500000 0.014947 0.014947
1 0.246145 0.514003 0.012369 0.012369
1 0.550781 0.525391 0.014947 0.014947
1 0.078177 0.539393 0.012369 0.012369
1 0.058594 0.539062 0.014947 0.014947
1 0.246145 0.541346 0.012369 0.012369
1 0.328125 0.541016 0.014947 0.014947
1 0.373047 0.550781 0.014947 0.014947
1 0.396484 0.550781 0.014947 0.014947
1 0.541016 0.552734 0.014947 0.014947
1 0.783203 0.554688 0.014947 0.014947
1 0.742188 0.556641 0.014947 0.014947
1 0.605520 0.556971 0.012369 0.012369
1 0.062552 0.562831 0.012369 0.012369
1 0.101562 0.566406 0.014947 0.014947
1 0.820312 0.566406 0.014947 0.014947
1 0.078125 0.583984 0.014947 0.014947
1 0.794922 0.583984 0.014947 0.014947
1 0.167969 0.587891 0.014947 0.014947
1 0.451172 0.585938 0.014947 0.014947
1 0.591797 0.585938 0.014947 0.014947
1 0.875000 0.593750 0.014947 0.014947
1 0.031250 0.595703 0.014947 0.014947
1 0.472656 0.599609 0.014947 0.014947
1 0.679688 0.599609 0.014947 0.014947
1 0.185599 0.603846 0.012369 0.012369
1 0.767578 0.607422 0.014947 0.014947
1 0.507812 0.611328 0.014947 0.014947
1 0.953177 0.605799 0.012369 0.012369
1 0.697266 0.617188 0.014947 0.014947
1 0.435547 0.623047 0.014947 0.014947
1 0.992239 0.627284 0.012369 0.012369
1 0.455130 0.633143 0.012369 0.012369
1 0.009817 0.637049 0.012369 0.012369
1 0.168020 0.640956 0.012369 0.012369
1 0.878906 0.642578 0.014947 0.014947
1 0.265677 0.646815 0.012369 0.012369
1 0.833984 0.652344 0.014947 0.014947
1 0.353516 0.656250 0.014947 0.014947
1 0.529297 0.654297 0.014947 0.014947
1 0.636770 0.658534 0.012369 0.012369
1 0.587891 0.673828 0.014947 0.014947
1 0.173828 0.675781 0.030378 0.030378
1 0.888672 0.677734 0.014947 0.014947
1 0.337891 0.677734 0.014947 0.014947
1 0.472708 0.685878 0.012369 0.012369
1 0.687500 0.689453 0.014947 0.014947
1 0.722656 0.689453 0.014947 0.014947
1 0.837891 0.693359 0.014947 0.014947
1 0.326172 0.707031 0.014947 0.014947
1 0.771536 0.711268 0.012369 0.012369
1 0.412109 0.710938 0.014947 0.014947
1 0.587891 0.714844 0.014947 0.014947
1 0.709036 0.719081 0.012369 0.012369
1 0.613333 0.724940 0.012369 0.012369
1 0.371145 0.726893 0.012369 0.012369
1 0.355520 0.732753 0.012369 0.012369
1 0.986328 0.734375 0.014947 0.014947
1 0.228516 0.736328 0.014947 0.014947
1 0.783255 0.738612 0.012369 0.012369
1 0.480520 0.738612 0.012369 0.012369
1 0.568359 0.738281 0.014947 0.014947
1 0.597656 0.738281 0.014947 0.014947
1 0.406250 0.750000 0.014947 0.014947
1 0.914062 0.753906 0.014947 0.014947
1 0.669922 0.755859 0.014947 0.014947
1 0.548828 0.757812 0.014947 0.014947
1 0.519531 0.757812 0.014947 0.014947
1 0.625052 0.754237 0.012369 0.012369
1 0.777344 0.757812 0.014947 0.014947
1 0.345703 0.761719 0.014947 0.014947
1 0.884766 0.779297 0.014947 0.014947
1 0.603516 0.783203 0.014947 0.014947
1 0.687500 0.783203 0.014947 0.014947
1 0.720703 0.787109 0.014947 0.014947
1 0.937500 0.787109 0.014947 0.014947
1 0.175833 0.820643 0.012369 0.012369
1 0.681692 0.806971 0.012369 0.012369
1 0.769531 0.808594 0.014947 0.014947
1 0.951172 0.814453 0.014947 0.014947
1 0.105469 0.818359 0.014947 0.014947
1 0.482422 0.818359 0.014947 0.014947
1 0.460938 0.824219 0.014947 0.014947
1 0.587942 0.842128 0.012369 0.012369
1 0.759766 0.837891 0.014947 0.014947
1 0.736328 0.839844 0.014947 0.014947
1 0.982474 0.853846 0.012369 0.012369
1 0.640677 0.853846 0.012369 0.012369
1 0.464844 0.865234 0.014947 0.014947
1 0.980520 0.877284 0.012369 0.012369
1 0.599609 0.892578 0.014947 0.014947
1 0.925781 0.888672 0.014947 0.014947
1 0.845755 0.890956 0.012369 0.012369
1 0.972656 0.894531 0.014947 0.014947
1 0.677734 0.898438 0.014947 0.014947
1 0.621094 0.898438 0.014947 0.014947
1 0.640625 0.917969 0.014947 0.014947
1 0.986328 0.923828 0.014947 0.014947
1 0.279349 0.930018 0.012369 0.012369
1 0.847656 0.945312 0.014947 0.014947
1 0.810547 0.957031 0.014947 0.014947
1 0.675781 0.962891 0.014947 0.014947
1 0.753958 0.976893 0.012369 0.012369
1 0.150442 0.982753 0.012369 0.012369
1 0.722656 0.986328 0.014947 0.014947
1 0.025391 0.003906 0.006233 0.006233
1 0.478567 0.012049 0.012369 0.012369
1 0.189453 0.013672 0.014947 0.014947
1 0.345703 0.019531 0.014947 0.014947
1 0.554688 0.019531 0.014947 0.014947
1 0.490234 0.029297 0.014947 0.014947
1 0.060599 0.043299 0.012369 0.012369
1 0.136719 0.046875 0.014947 0.014947
1 0.322266 0.044922 0.014947 0.014947
1 0.574270 0.045253 0.012369 0.012369
1 0.443359 0.060547 0.014947 0.014947
1 0.589844 0.060547 0.014947 0.014947
1 0.566458 0.064784 0.012369 0.012369
1 0.857422 0.072266 0.014947 0.014947
1 0.091849 0.072596 0.012369 0.012369
1 0.162109 0.080078 0.014947 0.014947
1 0.978516 0.083984 0.014947 0.014947
1 0.593750 0.091797 0.014947 0.014947
1 0.437500 0.093750 0.014947 0.014947
1 0.320364 0.094081 0.012369 0.012369
1 0.191406 0.107422 0.014947 0.014947
1 0.291016 0.105469 0.014947 0.014947
1 0.488281 0.107422 0.014947 0.014947
1 0.417969 0.119141 0.014947 0.014947
1 0.566406 0.121094 0.014947 0.014947
1 0.863281 0.125000 0.014947 0.014947
1 0.222656 0.126953 0.014947 0.014947
1 0.609375 0.128906 0.014947 0.014947
1 0.546927 0.137049 0.012369 0.012369
1 0.789062 0.134766 0.014947 0.014947
1 0.355520 0.140956 0.012369 0.012369
1 0.468750 0.150391 0.014947 0.014947
1 0.513672 0.166016 0.022475 0.022475
1 0.845703 0.162109 0.014947 0.014947
1 0.646484 0.160156 0.014947 0.014947
1 0.027395 0.164393 0.012369 0.012369
1 0.158203 0.173828 0.014947 0.014947
1 0.914062 0.175781 0.014947 0.014947
1 0.103567 0.180018 0.012369 0.012369
1 0.119192 0.174159 0.012369 0.012369
1 0.210989 0.183924 0.012369 0.012369
1 0.619141 0.185547 0.014947 0.014947
1 0.820312 0.191406 0.014947 0.014947
1 0.771536 0.195643 0.012369 0.012369
1 0.726562 0.207031 0.014947 0.014947
1 0.818359 0.222656 0.014947 0.014947
1 0.892630 0.221034 0.012369 0.012369
1 0.404297 0.230469 0.014947 0.014947
1 0.730469 0.234375 0.014947 0.014947
1 0.628906 0.248047 0.014947 0.014947
1 0.168020 0.262049 0.012369 0.012369
1 0.179739 0.265956 0.012369 0.012369
1 0.314505 0.267909 0.012369 0.012369
1 0.710938 0.281250 0.014947 0.014947
1 0.607474 0.285487 0.012369 0.012369
1 0.375052 0.287440 0.012369 0.012369
1 0.703177 0.314784 0.012369 0.012369
1 0.507864 0.318690 0.012369 0.012369
1 0.298828 0.324219 0.014947 0.014947
1 0.111380 0.332362 0.012369 0.012369
1 0.525391 0.332031 0.014947 0.014947
1 0.404297 0.337891 0.014947 0.014947
1 0.041016 0.367188 0.014947 0.014947
1 0.933594 0.378906 0.014947 0.014947
1 0.130911 0.379237 0.012369 0.012369
1 0.193411 0.375331 0.012369 0.012369
1 0.859375 0.380859 0.014947 0.014947
1 0.804739 0.398768 0.012369 0.012369
1 0.177786 0.392909 0.012369 0.012369
1 0.244192 0.390956 0.012369 0.012369
1 0.951172 0.392578 0.014947 0.014947
1 0.878906 0.394531 0.014947 0.014947
1 0.675833 0.398768 0.012369 0.012369
1 0.035208 0.416346 0.012369 0.012369
1 0.460989 0.422206 0.012369 0.012369
1 0.919922 0.423828 0.014947 0.014947
1 0.462942 0.418299 0.012369 0.012369
1 0.412109 0.439453 0.014947 0.014947
1 0.853516 0.443359 0.014947 0.014947
1 0.951224 0.453456 0.012369 0.012369
1 0.599609 0.472656 0.014947 0.014947
1 0.662161 0.488612 0.012369 0.012369
1 0.792969 0.490234 0.014947 0.014947
1 0.320364 0.515956 0.012369 0.012369
1 0.445364 0.510096 0.012369 0.012369
1 0.716849 0.508143 0.012369 0.012369
1 0.466849 0.521815 0.012369 0.012369
1 0.775391 0.527344 0.014947 0.014947
1 0.980469 0.531250 0.022475 0.022475
1 0.455130 0.558924 0.012369 0.012369
1 0.623047 0.582031 0.014947 0.014947
1 0.718750 0.601562 0.014947 0.014947
1 0.632812 0.603516 0.014947 0.014947
1 0.322266 0.619141 0.014947 0.014947
1 0.843802 0.621424 0.012369 0.012369
1 0.287109 0.654297 0.022475 0.022475
1 0.802734 0.759766 0.014947 0.014947
1 0.582083 0.873378 0.012369 0.012369
1 0.273438 0.951172 0.006233 0.006233
1 0.959036 0.984706 0.012369 0.012369
1 0.419974 0.008143 0.012369 0.012369
1 0.923880 0.014003 0.012369 0.012369
1 0.707031 0.021484 0.014947 0.014947
1 0.990234 0.023438 0.014947 0.014947
1 0.744192 0.027674 0.012369 0.012369
1 0.625052 0.041346 0.012369 0.012369
1 0.972656 0.048828 0.014947 0.014947
1 0.828177 0.051112 0.012369 0.012369
1 0.548880 0.107753 0.012369 0.012369
1 0.093802 0.121424 0.012369 0.012369
1 0.921875 0.152344 0.014947 0.014947
1 0.279349 0.152674 0.012369 0.012369
1 0.878958 0.170253 0.012369 0.012369
1 0.572266 0.205078 0.014947 0.014947
1 0.990286 0.236659 0.012369 0.012369
1 0.541142 0.312732 0.019022 0.019022
1 0.503906 0.343750 0.014947 0.014947
1 0.826329 0.359585 0.026766 0.026766
1 0.154349 0.558924 0.012369 0.012369
1 0.564505 0.676112 0.012369 0.012369
1 0.834111 0.775622 0.019022 0.019022
1 0.172002 0.980700 0.019022 0.019022
1 0.322266 0.128906 0.022475 0.022475
1 0.388724 0.158534 0.012369 0.012369
1 0.351614 0.238612 0.012369 0.012369
1 0.304688 0.445312 0.022475 0.022475
1 0.234502 0.463122 0.019022 0.019022
1 0.382812 0.500000 0.014947 0.014947
1 0.265752 0.718982 0.019022 0.019022
1 0.009766 0.726562 0.014947 0.014947
1 0.806767 0.799060 0.019022 0.019022
1 0.228642 0.164294 0.019022 0.019022
1 0.685547 0.234375 0.022475 0.022475
1 0.675781 0.332031 0.014947 0.014947
1 0.433645 0.549159 0.012369 0.012369
1 0.218750 0.626953 0.014947 0.014947
1 0.943486 0.664294 0.019022 0.019022
1 0.961064 0.734607 0.019022 0.019022
1 0.312627 0.900622 0.019022 0.019022
1 0.392578 0.966797 0.014947 0.014947
1 0.136719 0.195312 0.014947 0.014947
1 0.097656 0.279297 0.022475 0.022475
1 0.148489 0.408534 0.012369 0.012369
1 0.619267 0.424060 0.019022 0.019022
1 0.357549 0.431872 0.019022 0.019022
1 0.109502 0.465075 0.019022 0.019022
1 0.757864 0.476893 0.012369 0.012369
1 0.568486 0.494372 0.019022 0.019022
1 0.800908 0.527575 0.019022 0.019022
1 0.205078 0.585938 0.014947 0.014947
1 0.617314 0.640857 0.019022 0.019022
1 0.794974 0.699549 0.012369 0.012369
1 0.519583 0.724940 0.012369 0.012369
1 0.402344 0.869141 0.014947 0.014947
1 0.123099 0.025721 0.012369 0.012369
1 0.043095 0.056872 0.019022 0.019022
1 0.689580 0.191638 0.019022 0.019022
1 0.740286 0.746424 0.012369 0.012369
1 0.519583 0.896815 0.012369 0.012369
1 0.371250 0.072475 0.026766 0.026766
1 0.293020 0.349940 0.012369 0.012369
1 0.636719 0.792969 0.030378 0.030378
1 0.513829 0.365444 0.026766 0.026766
1 0.603672 0.375210 0.026766 0.026766
1 0.420093 0.773641 0.034741 0.034741
1 0.101562 0.787109 0.014947 0.014947
1 0.468750 0.796875 0.014947 0.014947
1 0.136719 0.912109 0.014947 0.014947
1 0.683594 0.650391 0.014947 0.014947
1 0.470703 0.654297 0.014947 0.014947
1 0.062500 0.792969 0.014947 0.014947
1 0.142578 0.843750 0.014947 0.014947
1 0.041016 0.867188 0.014947 0.014947
1 0.802786 0.873378 0.012369 0.012369
1 0.041016 0.919922 0.014947 0.014947
1 0.201172 0.925781 0.014947 0.014947
1 0.312500 0.927734 0.014947 0.014947
1 0.191406 0.957031 0.014947 0.014947
1 0.105469 0.964844 0.014947 0.014947
1 0.056641 0.150391 0.014947 0.014947
1 0.603642 0.261950 0.019022 0.019022
1 0.015625 0.292969 0.014947 0.014947
1 0.072266 0.294922 0.014947 0.014947
1 0.089844 0.318359 0.014947 0.014947
1 0.044922 0.343750 0.014947 0.014947
1 0.152344 0.347656 0.014947 0.014947
1 0.105469 0.416016 0.014947 0.014947
1 0.142578 0.447266 0.014947 0.014947
1 0.035156 0.478516 0.014947 0.014947
1 0.035156 0.503906 0.014947 0.014947
1 0.441458 0.508143 0.012369 0.012369
