1 0.125000 0.949219 0.014947 0.014947
1 0.460938 0.945312 0.014947 0.014947
1 0.410156 0.939453 0.014947 0.014947
1 0.806641 0.935547 0.014947 0.014947
1 0.212942 0.928065 0.012369 0.012369
1 0.511719 0.923828 0.014947 0.014947
1 0.451172 0.923828 0.014947 0.014947
1 0.058594 0.923828 0.014947 0.014947
1 0.949219 0.919922 0.014947 0.014947
1 0.884817 0.912440 0.012369 0.012369
1 0.388672 0.906250 0.014947 0.014947
1 0.271484 0.904297 0.014947 0.014947
1 0.044922 0.894531 0.014947 0.014947
1 0.218802 0.879237 0.012369 0.012369
1 0.449219 0.882812 0.014947 0.014947
1 0.326172 0.878906 0.014947 0.014947
1 0.410156 0.878906 0.014947 0.014947
1 0.052734 0.876953 0.014947 0.014947
1 0.638672 0.869141 0.014947 0.014947
1 0.505911 0.861659 0.012369 0.012369
1 0.089844 0.859375 0.014947 0.014947
1 0.054739 0.853846 0.012369 0.012369
1 0.240234 0.853516 0.014947 0.014947
1 0.488333 0.847987 0.012369 0.012369
1 0.437500 0.845703 0.014947 0.014947
1 0.332031 0.835938 0.014947 0.014947
1 0.820312 0.830078 0.014947 0.014947
1 0.843750 0.830078 0.014947 0.014947
1 0.365234 0.824219 0.014947 0.014947
1 0.023438 0.814453 0.014947 0.014947
1 0.535156 0.804688 0.014947 0.014947
1 0.396484 0.800781 0.014947 0.014947
1 0.121094 0.779297 0.014947 0.014947
1 0.960938 0.779297 0.014947 0.014947
1 0.226562 0.777344 0.014947 0.014947
1 0.058594 0.775391 0.014947 0.014947
1 0.150391 0.759766 0.014947 0.014947
1 0.099609 0.759766 0.014947 0.014947
1 0.251953 0.748047 0.014947 0.014947
1 0.058594 0.734375 0.014947 0.014947
1 0.763672 0.732422 0.022475 0.022475
1 0.904297 0.693359 0.014947 0.014947
1 0.417969 0.695312 0.014947 0.014947
1 0.210938 0.664062 0.014947 0.014947
1 0.738333 0.652674 0.012369 0.012369
1 0.195312 0.638672 0.014947 0.014947
1 0.064453 0.626953 0.014947 0.014947
1 0.025442 0.607753 0.012369 0.012369
1 0.189453 0.607422 0.014947 0.014947
1 0.113333 0.601893 0.012369 0.012369
1 0.222708 0.599940 0.012369 0.012369
1 0.212942 0.582362 0.012369 0.012369
1 0.191406 0.578125 0.014947 0.014947
1 0.380859 0.546875 0.014947 0.014947
1 0.164062 0.542969 0.014947 0.014947
1 0.052734 0.531250 0.022475 0.022475
1 0.537109 0.492188 0.014947 0.014947
1 0.818359 0.482422 0.014947 0.014947
1 0.289062 0.460938 0.014947 0.014947
1 0.775391 0.431641 0.014947 0.014947
1 0.556641 0.351562 0.014947 0.014947
1 0.660156 0.330078 0.014947 0.014947
1 0.775547 0.254116 0.026766 0.026766
1 0.162109 0.181641 0.014947 0.014947
1 0.054688 0.953125 0.014947 0.014947
1 0.914062 0.951172 0.014947 0.014947
1 0.294922 0.812500 0.014947 0.014947
1 0.818359 0.615234 0.014947 0.014947
1 0.500000 0.460938 0.014947 0.014947
1 0.664062 0.949219 0.014947 0.014947
1 0.361328 0.953125 0.014947 0.014947
1 0.941406 0.958984 0.014947 0.014947
1 0.445312 0.962891 0.014947 0.014947
1 0.877005 0.974940 0.012369 0.012369
1 0.275391 0.974609 0.014947 0.014947
1 0.857474 0.974940 0.012369 0.012369
1 0.982422 0.974609 0.014947 0.014947
1 0.246094 0.976562 0.014947 0.014947
1 0.365286 0.978846 0.012369 0.012369
1 0.101614 0.980799 0.012369 0.012369
1 0.705078 0.980469 0.014947 0.014947
1 0.080130 0.984706 0.012369 0.012369
1 0.515625 0.009766 0.014947 0.014947
1 0.384766 0.009766 0.014947 0.014947
1 0.445312 0.041016 0.014947 0.014947
1 0.130859 0.042969 0.014947 0.014947
1 0.361328 0.068359 0.014947 0.014947
1 0.107422 0.105469 0.014947 0.014947
1 0.154297 0.130859 0.014947 0.014947
1 0.281250 0.130859 0.014947 0.014947
1 0.369192 0.133143 0.012369 0.012369
1 0.212891 0.144531 0.014947 0.014947
1 0.337891 0.164062 0.014947 0.014947
1 0.300781 0.169922 0.014947 0.014947
1 0.373047 0.177734 0.014947 0.014947
1 0.179688 0.191406 0.014947 0.014947
1 0.339844 0.226562 0.014947 0.014947
1 0.412161 0.234706 0.012369 0.012369
1 0.685547 0.244141 0.014947 0.014947
1 0.320439 0.254138 0.019022 0.019022
1 0.417969 0.259766 0.014947 0.014947
1 0.361328 0.263672 0.014947 0.014947
1 0.560674 0.277575 0.019022 0.019022
1 0.824219 0.279297 0.014947 0.014947
1 0.023489 0.287440 0.012369 0.012369
1 0.167969 0.292969 0.014947 0.014947
1 0.187500 0.292969 0.014947 0.014947
1 0.275391 0.304688 0.014947 0.014947
1 0.892578 0.304688 0.014947 0.014947
1 0.105469 0.310547 0.014947 0.014947
1 0.761719 0.312500 0.014947 0.014947
1 0.302786 0.322596 0.012369 0.012369
1 0.244192 0.328456 0.012369 0.012369
1 0.705130 0.330409 0.012369 0.012369
1 0.009817 0.336268 0.012369 0.012369
1 0.523438 0.343750 0.014947 0.014947
1 0.148438 0.357422 0.014947 0.014947
1 0.005911 0.379237 0.012369 0.012369
1 0.425781 0.388672 0.014947 0.014947
1 0.023438 0.392578 0.014947 0.014947
1 0.234427 0.394862 0.012369 0.012369
1 0.669922 0.396484 0.014947 0.014947
1 0.179688 0.396484 0.014947 0.014947
1 0.322266 0.398438 0.014947 0.014947
1 0.164114 0.410487 0.012369 0.012369
1 0.218750 0.414062 0.014947 0.014947
1 0.376953 0.412109 0.014947 0.014947
1 0.271484 0.417969 0.014947 0.014947
1 0.314453 0.425781 0.014947 0.014947
1 0.097656 0.427734 0.014947 0.014947
1 0.361328 0.427734 0.014947 0.014947
1 0.699219 0.433594 0.014947 0.014947
1 0.410156 0.439453 0.014947 0.014947
1 0.134766 0.443359 0.014947 0.014947
1 0.822266 0.455078 0.014947 0.014947
1 0.533203 0.458984 0.014947 0.014947
1 0.207031 0.462891 0.014947 0.014947
1 0.441406 0.466797 0.014947 0.014947
1 0.242188 0.470703 0.014947 0.014947
1 0.404297 0.472656 0.014947 0.014947
1 0.193359 0.488281 0.014947 0.014947
1 0.568359 0.490234 0.014947 0.014947
1 0.459036 0.494471 0.012369 0.012369
1 0.746145 0.498378 0.012369 0.012369
1 0.970703 0.509766 0.014947 0.014947
1 0.164062 0.511719 0.014947 0.014947
1 0.468802 0.515956 0.012369 0.012369
1 0.498047 0.531250 0.014947 0.014947
1 0.933645 0.533534 0.012369 0.012369
1 0.423828 0.541016 0.014947 0.014947
1 0.947317 0.549159 0.012369 0.012369
1 0.410156 0.558594 0.014947 0.014947
1 0.468750 0.556641 0.014947 0.014947
1 0.642578 0.560547 0.014947 0.014947
1 0.230520 0.555018 0.012369 0.012369
1 0.091849 0.570643 0.012369 0.012369
1 0.611328 0.578125 0.014947 0.014947
1 0.369141 0.578125 0.014947 0.014947
1 0.322266 0.580078 0.014947 0.014947
1 0.482422 0.585938 0.014947 0.014947
1 0.396484 0.585938 0.014947 0.014947
1 0.095703 0.599609 0.014947 0.014947
1 0.238281 0.613281 0.014947 0.014947
1 0.851562 0.619141 0.014947 0.014947
1 0.447266 0.623047 0.014947 0.014947
1 0.591797 0.625000 0.014947 0.014947
1 0.677786 0.623378 0.012369 0.012369
1 0.750052 0.635096 0.012369 0.012369
1 0.875000 0.636719 0.014947 0.014947
1 0.839844 0.640625 0.014947 0.014947
1 0.335989 0.642909 0.012369 0.012369
1 0.484375 0.646484 0.014947 0.014947
1 0.941406 0.666016 0.014947 0.014947
1 0.330130 0.666346 0.012369 0.012369
1 0.646484 0.673828 0.014947 0.014947
1 0.855469 0.673828 0.014947 0.014947
1 0.814453 0.675781 0.014947 0.014947
1 0.918020 0.676112 0.012369 0.012369
1 0.259766 0.683594 0.014947 0.014947
1 0.533255 0.689784 0.012369 0.012369
1 0.115234 0.697266 0.014947 0.014947
1 0.673828 0.697266 0.014947 0.014947
1 0.980520 0.701503 0.012369 0.012369
1 0.617188 0.703125 0.014947 0.014947
1 0.136719 0.714844 0.014947 0.014947
1 0.474609 0.712891 0.014947 0.014947
1 0.453125 0.718750 0.014947 0.014947
1 0.841797 0.720703 0.014947 0.014947
1 0.468802 0.105799 0.012369 0.012369
1 0.871094 0.109375 0.014947 0.014947
1 0.964844 0.109375 0.014947 0.014947
1 0.369141 0.115234 0.014947 0.014947
1 0.519531 0.111328 0.014947 0.014947
1 0.128906 0.115234 0.014947 0.014947
1 0.568359 0.115234 0.014947 0.014947
1 0.533255 0.127284 0.012369 0.012369
1 0.792969 0.136719 0.014947 0.014947
1 0.509766 0.140625 0.014947 0.014947
1 0.904297 0.140625 0.014947 0.014947
1 0.181641 0.152344 0.022475 0.022475
1 0.546875 0.158203 0.014947 0.014947
1 0.984375 0.175781 0.014947 0.014947
1 0.654349 0.721034 0.012369 0.012369
1 0.455250 0.824422 0.034741 0.034741
1 0.099609 0.726562 0.014947 0.014947
1 0.496094 0.177734 0.014947 0.014947
1 0.447317 0.178065 0.012369 0.012369
1 0.095755 0.191737 0.012369 0.012369
1 0.777395 0.187831 0.012369 0.012369
1 0.628906 0.199219 0.014947 0.014947
1 0.841797 0.205078 0.014947 0.014947
1 0.150391 0.212891 0.014947 0.014947
1 0.429688 0.214844 0.014947 0.014947
1 0.501953 0.216797 0.014947 0.014947
1 0.691406 0.214844 0.014947 0.014947
1 0.558594 0.218750 0.014947 0.014947
1 0.173828 0.222656 0.014947 0.014947
1 0.296875 0.222656 0.014947 0.014947
1 0.224609 0.226562 0.014947 0.014947
1 0.585938 0.226562 0.014947 0.014947
1 0.062552 0.236659 0.012369 0.012369
1 0.248047 0.244141 0.014947 0.014947
1 0.859375 0.244141 0.014947 0.014947
1 0.228567 0.246424 0.012369 0.012369
1 0.498099 0.256190 0.012369 0.012369
1 0.709036 0.256190 0.012369 0.012369
1 0.800781 0.265625 0.014947 0.014947
1 0.732474 0.269862 0.012369 0.012369
1 0.613333 0.267909 0.012369 0.012369
1 0.945312 0.269531 0.014947 0.014947
1 0.154297 0.275391 0.014947 0.014947
1 0.644531 0.277344 0.014947 0.014947
1 0.322266 0.285156 0.014947 0.014947
1 0.919974 0.293299 0.012369 0.012369
1 0.607422 0.287109 0.014947 0.014947
1 0.826172 0.320312 0.014947 0.014947
1 0.990286 0.322596 0.012369 0.012369
1 0.738281 0.324219 0.014947 0.014947
1 0.300833 0.342128 0.012369 0.012369
1 0.179688 0.371094 0.014947 0.014947
1 0.843802 0.375331 0.012369 0.012369
1 0.619141 0.414062 0.014947 0.014947
1 0.742188 0.417969 0.014947 0.014947
1 0.556641 0.429688 0.014947 0.014947
1 0.896536 0.431971 0.012369 0.012369
1 0.658255 0.433924 0.012369 0.012369
1 0.855469 0.433594 0.014947 0.014947
1 0.375052 0.443690 0.012369 0.012369
1 0.677786 0.443690 0.012369 0.012369
1 0.025442 0.451503 0.012369 0.012369
1 0.748099 0.449549 0.012369 0.012369
1 0.617188 0.458984 0.014947 0.014947
1 0.970703 0.462891 0.014947 0.014947
1 0.109427 0.469081 0.012369 0.012369
1 0.658360 0.492397 0.026766 0.026766
1 0.621094 0.503906 0.014947 0.014947
1 0.087942 0.514003 0.012369 0.012369
1 0.732474 0.514003 0.012369 0.012369
1 0.710938 0.521484 0.014947 0.014947
1 0.195364 0.527674 0.012369 0.012369
1 0.810599 0.541346 0.012369 0.012369
1 0.597656 0.539062 0.014947 0.014947
1 0.369192 0.609706 0.012369 0.012369
1 0.312552 0.631190 0.012369 0.012369
1 0.709036 0.646815 0.012369 0.012369
1 0.990286 0.650721 0.012369 0.012369
1 0.730469 0.687500 0.014947 0.014947
1 0.546927 0.726893 0.012369 0.012369
1 0.214895 0.752284 0.012369 0.012369
1 0.267630 0.783534 0.012369 0.012369
1 0.070439 0.810778 0.019022 0.019022
1 0.271641 0.845913 0.026766 0.026766
1 0.062552 0.972987 0.012369 0.012369
1 0.007864 0.012049 0.012369 0.012369
1 0.748047 0.013672 0.014947 0.014947
1 0.564453 0.015625 0.014947 0.014947
1 0.794922 0.023438 0.014947 0.014947
1 0.960938 0.025391 0.014947 0.014947
1 0.734427 0.043299 0.012369 0.012369
1 0.099661 0.058924 0.012369 0.012369
1 0.863281 0.087891 0.014947 0.014947
1 0.892630 0.113612 0.012369 0.012369
1 0.914114 0.109706 0.012369 0.012369
1 0.750052 0.115565 0.012369 0.012369
1 0.945312 0.126953 0.014947 0.014947
1 0.630859 0.132812 0.014947 0.014947
1 0.763672 0.146484 0.014947 0.014947
1 0.705130 0.146815 0.012369 0.012369
1 0.793020 0.172206 0.012369 0.012369
1 0.808720 0.187732 0.019022 0.019022
1 0.734427 0.232753 0.012369 0.012369
1 0.203125 0.236328 0.014947 0.014947
1 0.205130 0.336268 0.012369 0.012369
1 0.972656 0.369141 0.014947 0.014947
1 0.902344 0.382812 0.014947 0.014947
1 0.851614 0.394862 0.012369 0.012369
1 0.974736 0.416247 0.019022 0.019022
1 0.863281 0.414062 0.014947 0.014947
1 0.869141 0.455078 0.014947 0.014947
1 0.730595 0.717028 0.019022 0.019022
1 0.709111 0.724841 0.019022 0.019022
1 0.832083 0.760096 0.012369 0.012369
1 0.224609 0.949219 0.014947 0.014947
1 0.890625 0.007812 0.006233 0.006233
1 0.199219 0.111328 0.006233 0.006233
1 0.265752 0.342028 0.019022 0.019022
1 0.945364 0.361659 0.012369 0.012369
1 0.460938 0.429688 0.022475 0.022475
1 0.869267 0.519763 0.019022 0.019022
1 0.486455 0.789294 0.019022 0.019022
1 0.293095 0.914294 0.019022 0.019022
1 0.494192 0.355799 0.012369 0.012369
1 0.988333 0.433924 0.012369 0.012369
1 0.578252 0.730700 0.019022 0.019022
1 0.728516 0.917969 0.014947 0.014947
1 0.558594 0.990234 0.014947 0.014947
1 0.855469 0.007812 0.014947 0.014947
1 0.531302 0.246424 0.012369 0.012369
1 0.377080 0.287341 0.019022 0.019022
1 0.213017 0.379138 0.019022 0.019022
1 0.158330 0.449450 0.019022 0.019022
1 0.015752 0.664294 0.019022 0.019022
1 0.312627 0.730700 0.019022 0.019022
1 0.033203 0.734375 0.014947 0.014947
1 0.429688 0.904297 0.014947 0.014947
1 0.410208 0.021815 0.012369 0.012369
1 0.474661 0.125331 0.012369 0.012369
1 0.972783 0.211169 0.019022 0.019022
1 0.941533 0.215075 0.019022 0.019022
1 0.586064 0.326403 0.019022 0.019022
1 0.920049 0.492419 0.019022 0.019022
1 0.144531 0.685547 0.014947 0.014947
1 0.960938 0.687500 0.014947 0.014947
1 0.912236 0.820544 0.019022 0.019022
1 0.544974 0.855799 0.012369 0.012369
1 0.609427 0.914393 0.012369 0.012369
1 0.851614 0.131190 0.012369 0.012369
1 0.689580 0.181872 0.019022 0.019022
1 0.728516 0.988281 0.014947 0.014947
1 0.929688 0.015625 0.022475 0.022475
1 0.859375 0.917969 0.014947 0.014947
1 0.232422 0.048828 0.014947 0.014947
1 0.044922 0.048828 0.014947 0.014947
1 0.839844 0.052734 0.014947 0.014947
1 0.701172 0.054688 0.014947 0.014947
1 0.757812 0.056641 0.014947 0.014947
1 0.189453 0.062500 0.014947 0.014947
1 0.439453 0.070312 0.014947 0.014947
1 0.642578 0.070312 0.014947 0.014947
1 0.730469 0.070312 0.014947 0.014947
1 0.050781 0.083984 0.014947 0.014947
1 0.339844 0.085938 0.014947 0.014947
1 0.691406 0.083984 0.014947 0.014947
1 0.609547 0.086141 0.034741 0.034741
1 0.078125 0.091797 0.014947 0.014947
1 0.982422 0.091797 0.014947 0.014947
1 0.642735 0.832241 0.026766 0.026766
1 0.621250 0.734585 0.026766 0.026766
1 0.390782 0.691616 0.026766 0.026766
1 0.763672 0.580078 0.030378 0.030378
1 0.357422 0.484375 0.030378 0.030378
1 0.839844 0.464844 0.014947 0.014947
1 0.144688 0.490444 0.026766 0.026766
1 0.593750 0.447266 0.030378 0.030378
1 0.361328 0.212891 0.030378 0.030378
1 0.722656 0.365234 0.030378 0.030378
1 0.982422 0.734375 0.014947 0.014947
1 0.195312 0.736328 0.014947 0.014947
1 0.796875 0.742188 0.014947 0.014947
1 0.861328 0.740234 0.014947 0.014947
1 0.691458 0.746424 0.012369 0.012369
1 0.371094 0.755859 0.014947 0.014947
1 0.474661 0.764003 0.012369 0.012369
1 0.578125 0.781250 0.014947 0.014947
1 0.083984 0.785156 0.014947 0.014947
1 0.009817 0.787440 0.012369 0.012369
1 0.365234 0.785156 0.014947 0.014947
1 0.644531 0.791016 0.014947 0.014947
1 0.085989 0.830409 0.012369 0.012369
1 0.404297 0.833984 0.014947 0.014947
1 0.412109 0.734375 0.014947 0.014947
1 0.865234 0.851562 0.014947 0.014947
1 0.814505 0.875331 0.012369 0.012369
1 0.099766 0.883022 0.026766 0.026766
1 0.734375 0.894531 0.014947 0.014947
1 0.121094 0.906250 0.014947 0.014947
1 0.570364 0.916346 0.012369 0.012369
1 0.779297 0.917969 0.014947 0.014947
1 0.867239 0.937831 0.012369 0.012369
1 0.539114 0.941737 0.012369 0.012369
1 0.517630 0.959315 0.012369 0.012369
1 0.962942 0.961268 0.012369 0.012369
1 0.031302 0.984706 0.012369 0.012369
1 0.121145 0.010096 0.012369 0.012369
1 0.662109 0.019531 0.014947 0.014947
1 0.988281 0.019531 0.014947 0.014947
1 0.062500 0.023438 0.014947 0.014947
1 0.343802 0.027674 0.012369 0.012369
1 0.326224 0.035487 0.012369 0.012369
