1 0.873047 0.798828 0.014947 0.014947
1 0.574345 0.396716 0.019022 0.019022
1 0.345703 0.494141 0.014947 0.014947
1 0.619141 0.609375 0.014947 0.014947
1 0.746094 0.767578 0.014947 0.014947
1 0.250000 0.017578 0.014947 0.014947
1 0.103516 0.027344 0.014947 0.014947
1 0.093750 0.078125 0.014947 0.014947
1 0.859375 0.103516 0.014947 0.014947
1 0.785283 0.146716 0.019022 0.019022
1 0.898438 0.441406 0.014947 0.014947
1 0.578125 0.566406 0.014947 0.014947
1 0.568359 0.712891 0.014947 0.014947
1 0.945312 0.955078 0.014947 0.014947
1 0.066406 0.505859 0.014947 0.014947
1 0.824345 0.627185 0.019022 0.019022
1 0.097783 0.580310 0.019022 0.019022
