1 0.941406 0.566406 0.014947 0.014947
1 0.546927 0.494471 0.012369 0.012369
1 0.095703 0.666016 0.014947 0.014947
1 0.492188 0.802734 0.014947 0.014947
1 0.789062 0.093750 0.014947 0.014947
1 0.863281 0.138672 0.014947 0.014947
1 0.818359 0.416016 0.014947 0.014947
1 0.517578 0.078125 0.014947 0.014947
1 0.263672 0.361328 0.014947 0.014947
1 0.119267 0.426013 0.019022 0.019022
1 0.904297 0.501953 0.014947 0.014947
1 0.244267 0.617419 0.019022 0.019022
1 0.625000 0.082031 0.014947 0.014947
1 0.550781 0.128906 0.014947 0.014947
1 0.037109 0.449219 0.014947 0.014947
1 0.451172 0.558594 0.014947 0.014947
1 0.220703 0.986328 0.014947 0.014947
1 0.945312 0.867188 0.014947 0.014947
1 0.302734 0.066406 0.014947 0.014947
1 0.734375 0.097656 0.014947 0.014947
1 0.933594 0.830078 0.014947 0.014947
1 0.779349 0.844081 0.012369 0.012369
1 0.425781 0.904297 0.014947 0.014947
1 0.175781 0.125000 0.014947 0.014947
