1 0.937576 0.584061 0.058971 0.058971
1 0.836014 0.072342 0.058971 0.058971
1 0.437576 0.050858 0.058971 0.058971
1 0.953201 0.806717 0.058971 0.058971
1 0.943436 0.726639 0.058971 0.058971
1 0.783280 0.429764 0.058971 0.058971
1 0.859422 0.785203 0.066701 0.066701
1 0.089920 0.357498 0.058971 0.058971
1 0.127030 0.679764 0.058971 0.058971
1 0.066483 0.033280 0.058971 0.058971
1 0.169998 0.082108 0.058971 0.058971
1 0.406326 0.277420 0.058971 0.058971
1 0.380936 0.433670 0.058971 0.058971
1 0.492264 0.572342 0.058971 0.058971
1 0.617264 0.736405 0.058971 0.058971
1 0.244195 0.980889 0.049526 0.049526
1 0.675858 0.482498 0.058971 0.058971
1 0.845744 0.025004 0.057343 0.057343
