1 0.511719 0.027344 0.046958 0.046958
1 0.644531 0.033203 0.046958 0.046958
1 0.855469 0.248047 0.046958 0.046958
1 0.789062 0.394531 0.046958 0.046958
1 0.707031 0.394531 0.046958 0.046958
1 0.890625 0.667969 0.046958 0.046958
1 0.578125 0.884766 0.046958 0.046958
1 0.644531 0.943359 0.046958 0.046958
1 0.179688 0.988980 0.031400 0.031400
1 0.070312 0.714844 0.046958 0.046958
1 0.177734 0.458984 0.046958 0.046958
1 0.271484 0.347656 0.046958 0.046958
1 0.320312 0.349609 0.046958 0.046958
1 0.507812 0.144531 0.046958 0.046958
1 0.548828 0.146484 0.046958 0.046958
1 0.542969 0.173828 0.046958 0.046958
