1 0.429688 0.269531 0.046958 0.046958
1 0.425781 0.197266 0.046958 0.046958
1 0.685547 0.976211 0.046595 0.046595
1 0.464844 0.531250 0.046958 0.046958
1 0.414062 0.306641 0.046958 0.046958
1 0.095703 0.929688 0.046958 0.046958
1 0.062500 0.981206 0.043243 0.043243
1 0.951172 0.525391 0.046958 0.046958
1 0.985333 0.560547 0.038108 0.038108
1 0.943359 0.474609 0.046958 0.046958
1 0.626953 0.464844 0.046958 0.046958
1 0.667969 0.472656 0.046958 0.046958
1 0.712891 0.539062 0.046958 0.046958
1 0.699219 0.578125 0.046958 0.046958
1 0.978901 0.777344 0.045220 0.045220
1 0.812500 0.267578 0.046958 0.046958
