1 0.205099 0.257884 0.060756 0.060756
1 0.560567 0.820384 0.060756 0.060756
1 0.371114 0.793041 0.060756 0.060756
1 0.648458 0.775463 0.060756 0.060756
1 0.679708 0.671947 0.060756 0.060756
1 0.074239 0.679759 0.060756 0.060756
1 0.181661 0.619213 0.060756 0.060756
1 0.224630 0.609447 0.060756 0.060756
1 0.472677 0.468822 0.060756 0.060756
1 0.513692 0.423900 0.060756 0.060756
1 0.732442 0.433666 0.060756 0.060756
1 0.576192 0.316478 0.060756 0.060756
1 0.783224 0.314525 0.060756 0.060756
1 0.783224 0.269603 0.060756 0.060756
1 0.020239 0.244184 0.055097 0.055097
1 0.009842 0.201268 0.037075 0.037075
1 0.666036 0.908275 0.060756 0.060756
1 0.365255 0.287181 0.060756 0.060756
1 0.427755 0.287181 0.060756 0.060756
1 0.417989 0.214916 0.060756 0.060756
1 0.417989 0.074291 0.060756 0.060756
1 0.132831 0.014257 0.044734 0.044734
1 0.306651 0.026931 0.059218 0.059218
1 0.857442 0.033275 0.060756 0.060756
