1 0.609375 0.298828 0.046958 0.046958
1 0.210938 0.082031 0.046958 0.046958
1 0.304688 0.431641 0.046958 0.046958
1 0.441406 0.496094 0.046958 0.046958
1 0.484375 0.503906 0.046958 0.046958
1 0.906250 0.226562 0.046958 0.046958
1 0.619141 0.439453 0.046958 0.046958
1 0.654297 0.462891 0.046958 0.046958
1 0.646484 0.619141 0.046958 0.046958
1 0.964844 0.509766 0.046958 0.046958
1 0.447266 0.740234 0.046958 0.046958
1 0.660156 0.888672 0.046958 0.046958
1 0.707031 0.900391 0.046958 0.046958
1 0.794922 0.906250 0.046958 0.046958
1 0.972656 0.941406 0.046958 0.046958
1 0.712891 0.976211 0.046595 0.046595
1 0.667969 0.986262 0.036547 0.036547
