1 0.971834 0.310610 0.059830 0.059830
1 0.468771 0.418041 0.060756 0.060756
1 0.453146 0.486400 0.060756 0.060756
1 0.251974 0.445384 0.060756 0.060756
1 0.320333 0.511791 0.060756 0.060756
1 0.353536 0.535228 0.060756 0.060756
1 0.365255 0.617259 0.060756 0.060756
1 0.748067 0.752025 0.060756 0.060756
1 0.542989 0.820384 0.060756 0.060756
1 0.541036 0.873119 0.060756 0.060756
1 0.574239 0.843822 0.060756 0.060756
1 0.507833 0.937572 0.060756 0.060756
1 0.642599 0.931713 0.060756 0.060756
1 0.979937 0.865283 0.052524 0.052524
1 0.707052 0.359447 0.060756 0.060756
1 0.679708 0.269603 0.060756 0.060756
1 0.306661 0.230541 0.060756 0.060756
1 0.673841 0.021082 0.054521 0.054521
