1 0.800793 0.019235 0.049526 0.049526
1 0.019467 0.974962 0.047931 0.047931
1 0.144551 0.861348 0.053713 0.053713
1 0.179707 0.794942 0.053713 0.053713
1 0.269551 0.779317 0.053713 0.053713
1 0.531270 0.853535 0.053713 0.053713
1 0.523457 0.771504 0.053713 0.053713
1 0.595723 0.640645 0.053713 0.053713
1 0.787129 0.558613 0.053713 0.053713
1 0.791035 0.423848 0.053713 0.053713
1 0.167988 0.687520 0.053713 0.053713
1 0.167988 0.642598 0.053713 0.053713
1 0.113301 0.433613 0.053713 0.053713
1 0.228535 0.386738 0.053713 0.053713
1 0.296895 0.349629 0.053713 0.053713
1 0.349629 0.347676 0.053713 0.053713
1 0.423848 0.242207 0.053713 0.053713
1 0.460957 0.265645 0.053713 0.053713
1 0.476582 0.203145 0.053713 0.053713
1 0.597676 0.126973 0.053713 0.053713
1 0.531261 0.020345 0.050593 0.050593
