1 0.152363 0.894551 0.053713 0.053713
1 0.849629 0.410176 0.053713 0.053713
1 0.808613 0.400410 0.053713 0.053713
1 0.796895 0.439473 0.053713 0.053713
1 0.763692 0.404317 0.053713 0.053713
1 0.757832 0.441426 0.053713 0.053713
1 0.917988 0.970723 0.053713 0.053713
1 0.871113 0.947285 0.053713 0.053713
1 0.619160 0.964863 0.053713 0.053713
1 0.871113 0.703145 0.053713 0.053713
1 0.845723 0.546895 0.053713 0.053713
1 0.609395 0.595723 0.053713 0.053713
1 0.582051 0.556660 0.053713 0.053713
1 0.564473 0.453145 0.053713 0.053713
1 0.476582 0.546895 0.053713 0.053713
1 0.232442 0.757832 0.053713 0.053713
1 0.207051 0.722676 0.053713 0.053713
1 0.158223 0.931660 0.053713 0.053713
1 0.664082 0.267598 0.053713 0.053713
1 0.750020 0.144551 0.053713 0.053713
1 0.699238 0.089863 0.053713 0.053713
1 0.662119 0.025679 0.053441 0.053441
1 0.486348 0.154317 0.053713 0.053713
1 0.369160 0.089863 0.053713 0.053713
1 0.296895 0.132832 0.053713 0.053713
1 0.263692 0.359395 0.053713 0.053713
1 0.058613 0.705098 0.053713 0.053713
1 0.042988 0.210957 0.053713 0.053713
1 0.105488 0.128926 0.053713 0.053713
