1 0.119141 0.591797 0.046958 0.046958
1 0.042969 0.267578 0.046958 0.046958
1 0.011785 0.250000 0.036547 0.036547
1 0.012714 0.419922 0.038108 0.038108
1 0.041016 0.972656 0.046958 0.046958
1 0.433594 0.455078 0.046958 0.046958
1 0.503906 0.130859 0.046958 0.046958
1 0.757812 0.263672 0.046958 0.046958
1 0.771484 0.302734 0.046958 0.046958
1 0.587891 0.595703 0.046958 0.046958
1 0.964844 0.714844 0.046958 0.046958
1 0.800781 0.966797 0.046958 0.046958
1 0.695312 0.977639 0.046018 0.046018
1 0.724609 0.992365 0.023114 0.023114
1 0.589844 0.988089 0.033205 0.033205
