1 0.123123 0.421951 0.058971 0.058971
1 0.091816 0.539082 0.062490 0.062490
1 0.697342 0.261795 0.058971 0.058971
1 0.939530 0.841873 0.058971 0.058971
1 0.314474 0.185619 0.060756 0.060756
1 0.351639 0.904373 0.058971 0.058971
1 0.560623 0.685623 0.058971 0.058971
1 0.548905 0.640701 0.058971 0.058971
1 0.369160 0.666035 0.062490 0.062490
1 0.431717 0.628983 0.058971 0.058971
1 0.468826 0.474686 0.058971 0.058971
1 0.121170 0.066483 0.058971 0.058971
1 0.548900 0.084005 0.060756 0.060756
1 0.634842 0.097733 0.058971 0.058971
1 0.656326 0.144608 0.058971 0.058971
1 0.888748 0.121170 0.058971 0.058971
