1 0.875020 0.646504 0.053713 0.053713
1 0.882832 0.421895 0.053713 0.053713
1 0.892598 0.375020 0.053713 0.053713
1 0.970723 0.484395 0.053713 0.053713
1 0.726582 0.408223 0.053713 0.053713
1 0.552754 0.578145 0.053713 0.053713
1 0.431660 0.472676 0.053713 0.053713
1 0.443379 0.550801 0.053713 0.053713
1 0.267598 0.402363 0.053713 0.053713
1 0.226582 0.419942 0.053713 0.053713
1 0.060567 0.556660 0.053713 0.053713
1 0.207042 0.022683 0.052478 0.052478
1 0.822285 0.882832 0.053713 0.053713
1 0.824238 0.816426 0.053713 0.053713
1 0.789082 0.830098 0.053713 0.053713
1 0.257832 0.966817 0.053713 0.053713
