1 0.014705 0.222656 0.040876 0.040876
1 0.380859 0.865234 0.046958 0.046958
1 0.154297 0.972656 0.046958 0.046958
1 0.449219 0.439453 0.046958 0.046958
1 0.519531 0.359375 0.046958 0.046958
1 0.890625 0.326172 0.046958 0.046958
1 0.916016 0.423828 0.046958 0.046958
1 0.906250 0.250000 0.046958 0.046958
1 0.949219 0.265625 0.046958 0.046958
1 0.720703 0.728516 0.046958 0.046958
1 0.716797 0.892578 0.046958 0.046958
1 0.943359 0.968750 0.046958 0.046958
1 0.138672 0.031250 0.046958 0.046958
1 0.095703 0.041016 0.046958 0.046958
1 0.111328 0.083984 0.046958 0.046958
1 0.062500 0.513672 0.046958 0.046958
1 0.076172 0.937500 0.046958 0.046958
1 0.162109 0.929688 0.046958 0.046958
