1 0.318379 0.589863 0.053713 0.053713
1 0.283223 0.156270 0.053713 0.053713
1 0.949238 0.048848 0.053713 0.053713
1 0.937517 0.013145 0.041465 0.041465
1 0.634785 0.050801 0.053713 0.053713
1 0.687520 0.027363 0.053713 0.053713
1 0.064473 0.744160 0.053713 0.053713
1 0.185567 0.765645 0.053713 0.053713
1 0.121113 0.960957 0.053713 0.053713
1 0.453145 0.748067 0.053713 0.053713
1 0.990086 0.834016 0.030137 0.030137
1 0.986668 0.787129 0.037917 0.037917
1 0.927754 0.779317 0.053713 0.053713
1 0.869160 0.658223 0.053713 0.053713
1 0.500020 0.560567 0.053713 0.053713
1 0.513692 0.517598 0.053713 0.053713
1 0.324238 0.380879 0.053713 0.053713
