1 0.437520 0.785176 0.053713 0.053713
1 0.806660 0.316426 0.053713 0.053713
1 0.292988 0.689473 0.053713 0.053713
1 0.060567 0.890645 0.053713 0.053713
1 0.335948 0.976499 0.051450 0.051450
1 0.289076 0.016077 0.045859 0.045859
1 0.572285 0.695332 0.053713 0.053713
1 0.824238 0.728535 0.053713 0.053713
1 0.980998 0.884778 0.047165 0.047165
1 0.695332 0.900410 0.053713 0.053713
1 0.673848 0.949238 0.053713 0.053713
1 0.062520 0.166035 0.053713 0.053713
1 0.041035 0.306660 0.053713 0.053713
1 0.441426 0.115254 0.053713 0.053713
