1 0.683613 0.322285 0.053713 0.053713
1 0.109395 0.076192 0.053713 0.053713
1 0.294942 0.054707 0.053713 0.053713
1 0.369160 0.193379 0.053713 0.053713
1 0.435567 0.259785 0.053713 0.053713
1 0.550801 0.203145 0.053713 0.053713
1 0.593770 0.250020 0.053713 0.053713
1 0.677744 0.972408 0.053441 0.053441
1 0.789082 0.849629 0.053713 0.053713
1 0.841817 0.734395 0.053713 0.053713
1 0.693379 0.679707 0.053713 0.053713
1 0.345713 0.972408 0.053441 0.053441
1 0.408223 0.574238 0.053713 0.053713
1 0.010464 0.839865 0.036213 0.036213
1 0.093770 0.613301 0.053713 0.053713
1 0.089863 0.451192 0.053713 0.053713
1 0.121113 0.421895 0.053713 0.053713
1 0.652363 0.367207 0.053713 0.053713
