1 0.222676 0.718770 0.053713 0.053713
1 0.521504 0.546895 0.053713 0.053713
1 0.736348 0.410176 0.053713 0.053713
1 0.560567 0.232442 0.053713 0.053713
1 0.347676 0.304707 0.053713 0.053713
1 0.589863 0.904317 0.053713 0.053713
1 0.722676 0.804707 0.053713 0.053713
1 0.875020 0.943379 0.053713 0.053713
1 0.990912 0.890661 0.027964 0.027964
1 0.929709 0.987534 0.036079 0.036079
1 0.010464 0.087912 0.036213 0.036213
1 0.460957 0.888692 0.053713 0.053713
1 0.431660 0.736348 0.053713 0.053713
1 0.507832 0.947285 0.053713 0.053713
1 0.408223 0.709004 0.053713 0.053713
1 0.517598 0.671895 0.053713 0.053713
