1 0.105545 0.720780 0.058971 0.058971
1 0.095780 0.367264 0.058971 0.058971
1 0.148514 0.253983 0.058971 0.058971
1 0.046951 0.939530 0.058971 0.058971
1 0.523514 0.130936 0.058971 0.058971
1 0.519608 0.919998 0.058971 0.058971
1 0.486405 0.630936 0.058971 0.058971
1 0.359451 0.310623 0.058971 0.058971
1 0.353592 0.349686 0.058971 0.058971
1 0.314530 0.902420 0.058971 0.058971
1 0.279373 0.861405 0.058971 0.058971
1 0.234451 0.877030 0.058971 0.058971
1 0.187576 0.914139 0.058971 0.058971
1 0.199295 0.947342 0.058971 0.058971
1 0.550858 0.164139 0.058971 0.058971
