1 0.519552 0.146556 0.060756 0.060756
1 0.646505 0.855541 0.060756 0.060756
1 0.789083 0.738353 0.060756 0.060756
1 0.597677 0.630931 0.060756 0.060756
1 0.091817 0.750072 0.060756 0.060756
1 0.050802 0.736400 0.060756 0.060756
1 0.318380 0.429759 0.060756 0.060756
1 0.244161 0.361400 0.060756 0.060756
1 0.757833 0.451244 0.060756 0.060756
1 0.964864 0.472728 0.060756 0.060756
1 0.808614 0.191478 0.060756 0.060756
1 0.931661 0.111400 0.060756 0.060756
1 0.703146 0.125072 0.060756 0.060756
1 0.695333 0.078197 0.060756 0.060756
1 0.367200 0.022170 0.055623 0.055623
