1 0.750020 0.261738 0.053713 0.053713
1 0.853535 0.382832 0.053713 0.053713
1 0.650410 0.761738 0.053713 0.053713
1 0.857442 0.779317 0.053713 0.053713
1 0.644551 0.589863 0.053713 0.053713
1 0.580098 0.568379 0.053713 0.053713
1 0.548848 0.599629 0.053713 0.053713
1 0.164082 0.115254 0.053713 0.053713
1 0.064473 0.361348 0.053713 0.053713
1 0.472676 0.726582 0.053713 0.053713
1 0.388692 0.765645 0.053713 0.053713
1 0.210957 0.929707 0.053713 0.053713
1 0.148457 0.830098 0.053713 0.053713
1 0.441426 0.298848 0.053713 0.053713
1 0.412129 0.271504 0.053713 0.053713
1 0.267598 0.070332 0.053713 0.053713
1 0.294942 0.062520 0.053713 0.053713
1 0.310567 0.093770 0.053713 0.053713
1 0.380879 0.095723 0.053713 0.053713
1 0.539082 0.084004 0.053713 0.053713
1 0.335957 0.169942 0.053713 0.053713
1 0.621113 0.304707 0.053713 0.053713
1 0.935567 0.164082 0.053713 0.053713
