1 0.195312 0.261719 0.046958 0.046958
1 0.152337 0.341894 0.074248 0.074248
1 0.793059 0.015651 0.038299 0.038299
1 0.542969 0.140625 0.046958 0.046958
1 0.427734 0.421875 0.046958 0.046958
1 0.441406 0.611328 0.046958 0.046958
1 0.589844 0.484375 0.046958 0.046958
1 0.582031 0.603516 0.046958 0.046958
1 0.650391 0.593750 0.046958 0.046958
1 0.621094 0.511719 0.046958 0.046958
1 0.097656 0.662109 0.046958 0.046958
1 0.052734 0.609375 0.046958 0.046958
1 0.020408 0.873047 0.046018 0.046018
1 0.095703 0.937500 0.046958 0.046958
1 0.673828 0.091797 0.046958 0.046958
1 0.714844 0.074219 0.046958 0.046958
1 0.976211 0.037109 0.046595 0.046595
1 0.708851 0.013672 0.035809 0.035809
