1 0.523458 0.072338 0.060756 0.060756
1 0.304708 0.580150 0.060756 0.060756
1 0.132833 0.502025 0.060756 0.060756
1 0.087911 0.478588 0.060756 0.060756
1 0.012442 0.433666 0.043018 0.043018
1 0.490255 0.548900 0.060756 0.060756
1 0.716817 0.568431 0.060756 0.060756
1 0.412130 0.275463 0.060756 0.060756
1 0.138692 0.230541 0.060756 0.060756
1 0.074239 0.150463 0.060756 0.060756
1 0.285177 0.197338 0.060756 0.060756
1 0.349630 0.062572 0.060756 0.060756
1 0.302755 0.669994 0.060756 0.060756
1 0.531260 0.029691 0.060436 0.060436
1 0.810557 0.029691 0.060436 0.060436
1 0.981902 0.664116 0.049624 0.049624
1 0.964864 0.693431 0.060756 0.060756
1 0.710958 0.839916 0.060756 0.060756
1 0.111342 0.979085 0.051920 0.051920
1 0.099630 0.939525 0.060756 0.060756
1 0.136739 0.925853 0.060756 0.060756
1 0.130880 0.701244 0.060756 0.060756
1 0.248067 0.709056 0.060756 0.060756
1 0.226583 0.662181 0.060756 0.060756
1 0.334005 0.707103 0.060756 0.060756
