1 0.845703 0.016841 0.043243 0.043243
1 0.462891 0.888672 0.046958 0.046958
1 0.078125 0.779297 0.046958 0.046958
1 0.824219 0.974609 0.046958 0.046958
1 0.890625 0.908203 0.046958 0.046958
1 0.986262 0.884766 0.036547 0.036547
1 0.339844 0.851562 0.046958 0.046958
1 0.121094 0.599609 0.046958 0.046958
1 0.142578 0.638672 0.046958 0.046958
1 0.158203 0.601562 0.046958 0.046958
1 0.148438 0.560547 0.046958 0.046958
1 0.123047 0.570312 0.046958 0.046958
1 0.087891 0.566406 0.046958 0.046958
1 0.050781 0.525391 0.046958 0.046958
1 0.042969 0.470703 0.046958 0.046958
1 0.257812 0.412109 0.046958 0.046958
1 0.363281 0.527344 0.046958 0.046958
1 0.373047 0.488281 0.046958 0.046958
1 0.628906 0.447266 0.046958 0.046958
1 0.816406 0.494141 0.046958 0.046958
1 0.808594 0.080078 0.046958 0.046958
1 0.859375 0.054688 0.046958 0.046958
