1 0.548842 0.982024 0.045859 0.045859
1 0.871113 0.804707 0.053713 0.053713
1 0.580098 0.691426 0.053713 0.053713
1 0.017100 0.837903 0.047165 0.047165
1 0.973891 0.742198 0.052939 0.052939
1 0.640656 0.990086 0.030137 0.030137
1 0.175801 0.791035 0.053713 0.053713
1 0.111348 0.849629 0.053713 0.053713
1 0.054707 0.818379 0.053713 0.053713
1 0.119151 0.973891 0.052939 0.052939
1 0.016077 0.068373 0.045859 0.045859
1 0.419942 0.130879 0.053713 0.053713
1 0.423848 0.175801 0.053713 0.053713
1 0.335957 0.355488 0.053713 0.053713
1 0.353535 0.662129 0.053713 0.053713
