1 0.302861 0.908435 0.019022 0.019022
1 0.189580 0.978747 0.019022 0.019022
1 0.140752 0.965075 0.019022 0.019022
1 0.111455 0.945544 0.019022 0.019022
1 0.089970 0.937732 0.019022 0.019022
1 0.082158 0.892810 0.019022 0.019022
1 0.019658 0.906482 0.019022 0.019022
1 0.039189 0.877185 0.019022 0.019022
1 0.308720 0.855700 0.019022 0.019022
1 0.283330 0.840075 0.019022 0.019022
1 0.279424 0.816638 0.019022 0.019022
1 0.644658 0.877185 0.019022 0.019022
1 0.629033 0.787341 0.019022 0.019022
1 0.496220 0.861560 0.019022 0.019022
1 0.312627 0.728747 0.019022 0.019022
1 0.279424 0.693591 0.019022 0.019022
1 0.216924 0.717028 0.019022 0.019022
1 0.236455 0.656482 0.019022 0.019022
1 0.287236 0.654528 0.019022 0.019022
1 0.324345 0.644763 0.019022 0.019022
1 0.505986 0.732653 0.019022 0.019022
1 0.509892 0.722888 0.019022 0.019022
1 0.316533 0.623278 0.019022 0.019022
1 0.388799 0.703357 0.019022 0.019022
1 0.425908 0.695544 0.019022 0.019022
1 0.427861 0.633044 0.019022 0.019022
1 0.529424 0.629138 0.019022 0.019022
1 0.482549 0.586169 0.019022 0.019022
1 0.636845 0.595935 0.019022 0.019022
1 0.623174 0.558825 0.019022 0.019022
1 0.728642 0.535388 0.019022 0.019022
1 0.781377 0.787341 0.019022 0.019022
1 0.687627 0.920153 0.019022 0.019022
1 0.843877 0.951403 0.019022 0.019022
1 0.845830 0.937732 0.019022 0.019022
1 0.851689 0.918200 0.019022 0.019022
1 0.888799 0.931872 0.019022 0.019022
1 0.927861 0.871325 0.019022 0.019022
1 0.933720 0.804919 0.019022 0.019022
1 0.916142 0.705310 0.019022 0.019022
1 0.955205 0.703357 0.019022 0.019022
1 0.853642 0.572497 0.019022 0.019022
1 0.839970 0.527575 0.019022 0.019022
1 0.838017 0.519763 0.019022 0.019022
1 0.845830 0.517810 0.019022 0.019022
1 0.863408 0.509997 0.019022 0.019022
1 0.847783 0.435778 0.019022 0.019022
1 0.937627 0.447497 0.019022 0.019022
1 0.795049 0.388903 0.019022 0.019022
1 0.396611 0.549060 0.019022 0.019022
1 0.408330 0.590075 0.019022 0.019022
1 0.447392 0.525622 0.019022 0.019022
1 0.447392 0.513903 0.019022 0.019022
1 0.576299 0.445544 0.019022 0.019022
1 0.638799 0.429919 0.019022 0.019022
1 0.728642 0.222888 0.019022 0.019022
1 0.834111 0.304919 0.019022 0.019022
1 0.882939 0.320544 0.019022 0.019022
1 0.972783 0.281482 0.019022 0.019022
1 0.984502 0.185778 0.019022 0.019022
1 0.986455 0.058825 0.019022 0.019022
1 0.808720 0.090075 0.019022 0.019022
1 0.865361 0.080310 0.019022 0.019022
1 0.853642 0.025622 0.019022 0.019022
1 0.730595 0.031482 0.019022 0.019022
1 0.685674 0.017810 0.019022 0.019022
1 0.607549 0.019763 0.019022 0.019022
1 0.585938 0.007092 0.017904 0.017904
1 0.660283 0.259997 0.019022 0.019022
1 0.646611 0.217028 0.019022 0.019022
1 0.566533 0.271716 0.019022 0.019022
1 0.529424 0.236560 0.019022 0.019022
1 0.586064 0.064685 0.019022 0.019022
1 0.568486 0.119372 0.019022 0.019022
1 0.466924 0.142810 0.019022 0.019022
1 0.443486 0.125232 0.019022 0.019022
1 0.437627 0.166247 0.019022 0.019022
1 0.410283 0.162341 0.019022 0.019022
1 0.416142 0.275622 0.019022 0.019022
1 0.451299 0.312732 0.019022 0.019022
1 0.472783 0.449450 0.019022 0.019022
1 0.457158 0.418200 0.019022 0.019022
1 0.443486 0.420153 0.019022 0.019022
1 0.427861 0.383044 0.019022 0.019022
1 0.363408 0.412341 0.019022 0.019022
1 0.330205 0.468982 0.019022 0.019022
1 0.363408 0.558825 0.019022 0.019022
1 0.359502 0.545153 0.019022 0.019022
1 0.300908 0.551013 0.019022 0.019022
1 0.263799 0.576403 0.019022 0.019022
1 0.226689 0.603747 0.019022 0.019022
1 0.136845 0.648669 0.019022 0.019022
1 0.119267 0.773669 0.019022 0.019022
1 0.099736 0.758044 0.019022 0.019022
1 0.056767 0.742419 0.019022 0.019022
1 0.088017 0.732653 0.019022 0.019022
1 0.101689 0.718982 0.019022 0.019022
1 0.070439 0.693591 0.019022 0.019022
1 0.068486 0.681872 0.019022 0.019022
1 0.052861 0.681872 0.019022 0.019022
1 0.019658 0.676013 0.019022 0.019022
1 0.048955 0.629138 0.019022 0.019022
1 0.008386 0.584136 0.018570 0.018570
1 0.142705 0.584216 0.019022 0.019022
1 0.197392 0.556872 0.019022 0.019022
1 0.140752 0.506091 0.019022 0.019022
1 0.240361 0.515857 0.019022 0.019022
1 0.254033 0.441638 0.019022 0.019022
1 0.220830 0.435778 0.019022 0.019022
1 0.183720 0.390857 0.019022 0.019022
1 0.007126 0.527404 0.017768 0.017768
1 0.048955 0.431872 0.019022 0.019022
1 0.064580 0.408435 0.019022 0.019022
1 0.074345 0.371325 0.019022 0.019022
1 0.064580 0.365466 0.019022 0.019022
1 0.072392 0.343982 0.019022 0.019022
1 0.121220 0.328357 0.019022 0.019022
1 0.136845 0.332263 0.019022 0.019022
1 0.197392 0.217028 0.019022 0.019022
1 0.224736 0.154528 0.019022 0.019022
1 0.271611 0.183825 0.019022 0.019022
1 0.259892 0.134997 0.019022 0.019022
1 0.326299 0.125232 0.019022 0.019022
1 0.289189 0.117419 0.019022 0.019022
1 0.373174 0.072497 0.019022 0.019022
1 0.332158 0.076403 0.019022 0.019022
1 0.291142 0.066638 0.019022 0.019022
1 0.230595 0.013903 0.019022 0.019022
1 0.392705 0.943591 0.019022 0.019022
1 0.332158 0.931872 0.019022 0.019022
