1 0.341797 0.738281 0.022475 0.022475
1 0.734375 0.357422 0.022475 0.022475
1 0.726562 0.375000 0.022475 0.022475
1 0.744141 0.371094 0.022475 0.022475
1 0.898438 0.322266 0.022475 0.022475
1 0.810547 0.378906 0.022475 0.022475
1 0.902344 0.410156 0.022475 0.022475
1 0.894531 0.423828 0.022475 0.022475
1 0.867188 0.447266 0.022475 0.022475
1 0.814453 0.505859 0.022475 0.022475
1 0.779297 0.548828 0.022475 0.022475
1 0.773438 0.564453 0.022475 0.022475
1 0.769531 0.621094 0.022475 0.022475
1 0.722656 0.419922 0.022475 0.022475
1 0.435547 0.382812 0.022475 0.022475
1 0.400391 0.320312 0.022475 0.022475
1 0.179688 0.369141 0.022475 0.022475
1 0.144531 0.008803 0.021367 0.021367
1 0.146484 0.052734 0.022475 0.022475
1 0.148438 0.080078 0.022475 0.022475
1 0.078125 0.173828 0.022475 0.022475
1 0.181641 0.152344 0.022475 0.022475
1 0.193359 0.138672 0.022475 0.022475
1 0.181641 0.236328 0.022475 0.022475
1 0.187500 0.255859 0.022475 0.022475
1 0.527344 0.187500 0.022475 0.022475
1 0.552734 0.244141 0.022475 0.022475
1 0.541016 0.251953 0.022475 0.022475
1 0.513672 0.283203 0.022475 0.022475
1 0.490234 0.267578 0.022475 0.022475
1 0.507812 0.349609 0.022475 0.022475
1 0.365234 0.115234 0.022475 0.022475
1 0.498047 0.142578 0.022475 0.022475
1 0.421875 0.167969 0.022475 0.022475
1 0.333984 0.142578 0.022475 0.022475
1 0.539062 0.113281 0.022475 0.022475
1 0.736328 0.302734 0.022475 0.022475
1 0.324219 0.248047 0.022475 0.022475
1 0.335938 0.261719 0.022475 0.022475
1 0.033203 0.287109 0.022475 0.022475
1 0.150391 0.199219 0.022475 0.022475
1 0.119141 0.244141 0.022475 0.022475
1 0.089844 0.367188 0.022475 0.022475
1 0.072266 0.408203 0.022475 0.022475
1 0.113281 0.449219 0.022475 0.022475
1 0.234375 0.373047 0.022475 0.022475
1 0.291016 0.423828 0.022475 0.022475
1 0.314453 0.419922 0.022475 0.022475
1 0.570312 0.396484 0.022475 0.022475
1 0.572266 0.486328 0.022475 0.022475
1 0.583984 0.568359 0.022475 0.022475
1 0.615234 0.593750 0.022475 0.022475
1 0.548828 0.570312 0.022475 0.022475
1 0.552734 0.683594 0.022475 0.022475
1 0.246094 0.521484 0.022475 0.022475
1 0.169922 0.509766 0.022475 0.022475
1 0.167969 0.531250 0.022475 0.022475
1 0.150391 0.525391 0.022475 0.022475
1 0.140625 0.550781 0.022475 0.022475
1 0.097656 0.505859 0.022475 0.022475
1 0.085938 0.515625 0.022475 0.022475
1 0.089844 0.568359 0.022475 0.022475
1 0.113281 0.578125 0.022475 0.022475
1 0.179688 0.595703 0.022475 0.022475
1 0.238281 0.625000 0.022475 0.022475
1 0.248047 0.642578 0.022475 0.022475
1 0.226562 0.646484 0.022475 0.022475
1 0.210938 0.679688 0.022475 0.022475
1 0.248047 0.707031 0.022475 0.022475
1 0.279297 0.685547 0.022475 0.022475
1 0.410156 0.671875 0.022475 0.022475
1 0.208984 0.732422 0.022475 0.022475
1 0.111328 0.755859 0.022475 0.022475
1 0.144531 0.796875 0.022475 0.022475
1 0.005625 0.796875 0.017631 0.017631
1 0.006615 0.810547 0.019086 0.019086
1 0.015625 0.830078 0.022475 0.022475
1 0.046875 0.810547 0.022475 0.022475
1 0.058594 0.828125 0.022475 0.022475
1 0.068359 0.894531 0.022475 0.022475
1 0.010081 0.976562 0.022149 0.022149
1 0.203125 0.935547 0.022475 0.022475
1 0.232422 0.912109 0.022475 0.022475
1 0.251953 0.902344 0.022475 0.022475
1 0.337891 0.910156 0.022475 0.022475
1 0.349609 0.921875 0.022475 0.022475
1 0.343750 0.873047 0.022475 0.022475
1 0.324219 0.835938 0.022475 0.022475
1 0.253906 0.865234 0.022475 0.022475
1 0.203125 0.822266 0.022475 0.022475
1 0.123047 0.949219 0.022475 0.022475
1 0.417969 0.917969 0.022475 0.022475
1 0.406250 0.937500 0.022475 0.022475
1 0.398438 0.953125 0.022475 0.022475
1 0.425781 0.974609 0.022475 0.022475
1 0.439453 0.994124 0.013938 0.013938
1 0.451172 0.847656 0.022475 0.022475
1 0.447266 0.697266 0.022475 0.022475
1 0.302734 0.609375 0.022475 0.022475
1 0.519531 0.746094 0.022475 0.022475
1 0.546875 0.820312 0.022475 0.022475
1 0.560547 0.851562 0.022475 0.022475
1 0.537109 0.853516 0.022475 0.022475
1 0.542969 0.964844 0.022475 0.022475
1 0.591797 0.917969 0.022475 0.022475
1 0.632812 0.855469 0.022475 0.022475
1 0.646484 0.900391 0.022475 0.022475
1 0.658203 0.925781 0.022475 0.022475
1 0.710938 0.919922 0.022475 0.022475
1 0.746094 0.914062 0.022475 0.022475
1 0.748047 0.871094 0.022475 0.022475
1 0.722656 0.859375 0.022475 0.022475
1 0.798828 0.796875 0.022475 0.022475
1 0.753906 0.945312 0.022475 0.022475
1 0.785156 0.710938 0.022475 0.022475
1 0.876953 0.941406 0.022475 0.022475
1 0.939453 0.845703 0.022475 0.022475
1 0.904297 0.777344 0.022475 0.022475
1 0.880859 0.683594 0.022475 0.022475
1 0.626953 0.759766 0.022475 0.022475
1 0.765625 0.947266 0.022475 0.022475
1 0.771484 0.964844 0.022475 0.022475
1 0.468750 0.613281 0.022475 0.022475
1 0.505859 0.451172 0.022475 0.022475
1 0.425781 0.226562 0.022475 0.022475
1 0.873047 0.294922 0.022475 0.022475
1 0.210938 0.392578 0.022475 0.022475
1 0.953125 0.199219 0.030378 0.030378
1 0.984142 0.232422 0.030137 0.030137
1 0.634766 0.363281 0.030378 0.030378
1 0.832031 0.427734 0.030378 0.030378
1 0.921875 0.445312 0.030378 0.030378
1 0.988723 0.431641 0.026076 0.026076
1 0.988723 0.392578 0.026076 0.026076
1 0.806641 0.712891 0.030378 0.030378
1 0.812500 0.673828 0.030378 0.030378
1 0.863281 0.669922 0.030378 0.030378
1 0.884766 0.638672 0.030378 0.030378
1 0.902344 0.615234 0.030378 0.030378
1 0.902344 0.591797 0.030378 0.030378
1 0.919922 0.533203 0.030378 0.030378
1 0.968750 0.574219 0.030378 0.030378
1 0.931641 0.640625 0.030378 0.030378
1 0.916016 0.742188 0.030378 0.030378
1 0.927734 0.722656 0.030378 0.030378
1 0.964844 0.693359 0.030378 0.030378
1 0.968750 0.710938 0.030378 0.030378
1 0.970703 0.738281 0.030378 0.030378
1 0.845703 0.828125 0.030378 0.030378
1 0.984142 0.820312 0.030137 0.030137
1 0.898438 0.853516 0.030378 0.030378
1 0.910156 0.902344 0.030378 0.030378
1 0.949219 0.931641 0.030378 0.030378
1 0.968750 0.968750 0.030378 0.030378
1 0.617188 0.570312 0.030378 0.030378
1 0.628906 0.404297 0.030378 0.030378
1 0.683594 0.398438 0.030378 0.030378
1 0.697266 0.250000 0.030378 0.030378
1 0.468750 0.355469 0.030378 0.030378
1 0.369141 0.349609 0.030378 0.030378
1 0.505859 0.308594 0.030378 0.030378
1 0.529297 0.347656 0.030378 0.030378
1 0.621094 0.511719 0.030378 0.030378
1 0.492188 0.535156 0.030378 0.030378
1 0.019531 0.443359 0.030378 0.030378
1 0.341797 0.441406 0.030378 0.030378
1 0.347656 0.384766 0.030378 0.030378
1 0.353516 0.416016 0.030378 0.030378
1 0.335938 0.343750 0.030378 0.030378
1 0.609375 0.250000 0.030378 0.030378
1 0.275391 0.201172 0.030378 0.030378
1 0.285156 0.185547 0.030378 0.030378
1 0.097656 0.142578 0.030378 0.030378
1 0.115234 0.128906 0.030378 0.030378
1 0.386719 0.080078 0.030378 0.030378
1 0.435547 0.134766 0.030378 0.030378
1 0.333984 0.173828 0.030378 0.030378
1 0.294922 0.078125 0.030378 0.030378
1 0.332031 0.080078 0.030378 0.030378
1 0.421875 0.044922 0.030378 0.030378
1 0.328125 0.023438 0.030378 0.030378
1 0.503906 0.054688 0.030378 0.030378
1 0.566406 0.033203 0.030378 0.030378
1 0.642578 0.095703 0.030378 0.030378
1 0.607422 0.138672 0.030378 0.030378
1 0.658203 0.152344 0.030378 0.030378
1 0.740234 0.158203 0.030378 0.030378
1 0.777344 0.023438 0.030378 0.030378
1 0.900391 0.012604 0.029403 0.029403
1 0.955078 0.042969 0.030378 0.030378
1 0.949219 0.066406 0.030378 0.030378
1 0.991598 0.105469 0.021481 0.021481
1 0.947266 0.177734 0.030378 0.030378
1 0.861328 0.228516 0.030378 0.030378
1 0.917969 0.183594 0.030378 0.030378
