1 0.707031 0.689453 0.022475 0.022475
1 0.785156 0.699219 0.022475 0.022475
1 0.861328 0.599609 0.022475 0.022475
1 0.863281 0.623047 0.022475 0.022475
1 0.875000 0.638672 0.022475 0.022475
1 0.751953 0.388672 0.022475 0.022475
1 0.810547 0.429688 0.022475 0.022475
1 0.863281 0.462891 0.022475 0.022475
1 0.878906 0.416016 0.022475 0.022475
1 0.914062 0.398438 0.022475 0.022475
1 0.900391 0.431641 0.022475 0.022475
1 0.166016 0.171875 0.022475 0.022475
1 0.375000 0.195312 0.022475 0.022475
1 0.382812 0.197266 0.022475 0.022475
1 0.347656 0.275391 0.022475 0.022475
1 0.343750 0.322266 0.022475 0.022475
1 0.312500 0.314453 0.022475 0.022475
1 0.164062 0.292969 0.022475 0.022475
1 0.156250 0.312500 0.022475 0.022475
1 0.189453 0.380859 0.022475 0.022475
1 0.128906 0.351562 0.022475 0.022475
1 0.134766 0.373047 0.022475 0.022475
1 0.087891 0.396484 0.022475 0.022475
1 0.105469 0.421875 0.022475 0.022475
1 0.089844 0.431641 0.022475 0.022475
1 0.117188 0.455078 0.022475 0.022475
1 0.162109 0.412109 0.022475 0.022475
1 0.017578 0.445312 0.022475 0.022475
1 0.015625 0.533203 0.022475 0.022475
1 0.066406 0.578125 0.022475 0.022475
1 0.025391 0.638672 0.022475 0.022475
1 0.162109 0.470703 0.022475 0.022475
1 0.179688 0.455078 0.022475 0.022475
1 0.207031 0.457031 0.022475 0.022475
1 0.214844 0.447266 0.022475 0.022475
1 0.208984 0.470703 0.022475 0.022475
1 0.207031 0.488281 0.022475 0.022475
1 0.183594 0.494141 0.022475 0.022475
1 0.240234 0.453125 0.022475 0.022475
1 0.240234 0.466797 0.022475 0.022475
1 0.138672 0.552734 0.022475 0.022475
1 0.062500 0.699219 0.022475 0.022475
1 0.064453 0.712891 0.022475 0.022475
1 0.066406 0.732422 0.022475 0.022475
1 0.023438 0.726562 0.022475 0.022475
1 0.017578 0.740234 0.022475 0.022475
1 0.107422 0.755859 0.022475 0.022475
1 0.166016 0.755859 0.022475 0.022475
1 0.208984 0.740234 0.022475 0.022475
1 0.261719 0.734375 0.022475 0.022475
1 0.203125 0.693359 0.022475 0.022475
1 0.111328 0.812500 0.022475 0.022475
1 0.082031 0.820312 0.022475 0.022475
1 0.044922 0.841797 0.022475 0.022475
1 0.037109 0.855469 0.022475 0.022475
1 0.010081 0.902344 0.022149 0.022149
1 0.048828 0.933594 0.022475 0.022475
1 0.064453 0.972656 0.022475 0.022475
1 0.154297 0.927734 0.022475 0.022475
1 0.183594 0.892578 0.022475 0.022475
1 0.148438 0.880859 0.022475 0.022475
1 0.214844 0.914062 0.022475 0.022475
1 0.226562 0.991432 0.019086 0.019086
1 0.359375 0.927734 0.022475 0.022475
1 0.417969 0.935547 0.022475 0.022475
1 0.421875 0.984375 0.022475 0.022475
1 0.367188 0.830078 0.022475 0.022475
1 0.376953 0.808594 0.022475 0.022475
1 0.341797 0.800781 0.022475 0.022475
1 0.330078 0.761719 0.022475 0.022475
1 0.304688 0.640625 0.022475 0.022475
1 0.304688 0.552734 0.022475 0.022475
1 0.302734 0.488281 0.022475 0.022475
1 0.304688 0.378906 0.022475 0.022475
1 0.455078 0.318359 0.022475 0.022475
1 0.501953 0.107422 0.022475 0.022475
1 0.470703 0.154297 0.022475 0.022475
1 0.486328 0.117188 0.022475 0.022475
1 0.511719 0.142578 0.022475 0.022475
1 0.517578 0.123047 0.022475 0.022475
1 0.535156 0.144531 0.022475 0.022475
1 0.623047 0.103516 0.022475 0.022475
1 0.625000 0.125000 0.022475 0.022475
1 0.615234 0.132812 0.022475 0.022475
1 0.607422 0.154297 0.022475 0.022475
1 0.595703 0.166016 0.022475 0.022475
1 0.585938 0.156250 0.022475 0.022475
1 0.642578 0.173828 0.022475 0.022475
1 0.664062 0.095703 0.022475 0.022475
1 0.677734 0.115234 0.022475 0.022475
1 0.685547 0.123047 0.022475 0.022475
1 0.681641 0.146484 0.022475 0.022475
1 0.730469 0.044922 0.022475 0.022475
1 0.738281 0.070312 0.022475 0.022475
1 0.750000 0.080078 0.022475 0.022475
1 0.775391 0.107422 0.022475 0.022475
1 0.775391 0.056641 0.022475 0.022475
1 0.789062 0.052734 0.022475 0.022475
1 0.796875 0.080078 0.022475 0.022475
1 0.853516 0.011719 0.022475 0.022475
1 0.863281 0.031250 0.022475 0.022475
1 0.876953 0.037109 0.022475 0.022475
1 0.929688 0.058594 0.022475 0.022475
1 0.974609 0.080078 0.022475 0.022475
1 0.917969 0.154297 0.022475 0.022475
1 0.960938 0.171875 0.022475 0.022475
1 0.914062 0.187500 0.022475 0.022475
1 0.894531 0.191406 0.022475 0.022475
1 0.925781 0.210938 0.022475 0.022475
1 0.982422 0.222656 0.022475 0.022475
1 0.980469 0.255859 0.022475 0.022475
1 0.955078 0.287109 0.022475 0.022475
1 0.539062 0.232422 0.022475 0.022475
1 0.574219 0.242188 0.022475 0.022475
1 0.619141 0.263672 0.022475 0.022475
1 0.755859 0.166016 0.022475 0.022475
1 0.755859 0.230469 0.022475 0.022475
1 0.806641 0.240234 0.022475 0.022475
1 0.564453 0.345703 0.022475 0.022475
1 0.412109 0.400391 0.022475 0.022475
1 0.361328 0.480469 0.022475 0.022475
1 0.382812 0.480469 0.022475 0.022475
1 0.361328 0.498047 0.022475 0.022475
1 0.355469 0.519531 0.022475 0.022475
1 0.414062 0.492188 0.022475 0.022475
1 0.384766 0.550781 0.022475 0.022475
1 0.371094 0.556641 0.022475 0.022475
1 0.359375 0.554688 0.022475 0.022475
1 0.496094 0.404297 0.022475 0.022475
1 0.527344 0.416016 0.022475 0.022475
1 0.513672 0.541016 0.022475 0.022475
1 0.492188 0.546875 0.022475 0.022475
1 0.453125 0.619141 0.022475 0.022475
1 0.451172 0.636719 0.022475 0.022475
1 0.443359 0.681641 0.022475 0.022475
1 0.347656 0.693359 0.022475 0.022475
1 0.398438 0.718750 0.022475 0.022475
1 0.441406 0.742188 0.022475 0.022475
1 0.501953 0.640625 0.022475 0.022475
1 0.490234 0.687500 0.022475 0.022475
1 0.496094 0.730469 0.022475 0.022475
1 0.507812 0.732422 0.022475 0.022475
1 0.515625 0.722656 0.022475 0.022475
1 0.480469 0.875000 0.022475 0.022475
1 0.544922 0.910156 0.022475 0.022475
1 0.560547 0.792969 0.022475 0.022475
1 0.570312 0.837891 0.022475 0.022475
1 0.582031 0.978516 0.022475 0.022475
1 0.613281 0.972656 0.022475 0.022475
1 0.626953 0.972656 0.022475 0.022475
1 0.605469 0.949219 0.022475 0.022475
1 0.619141 0.935547 0.022475 0.022475
1 0.632812 0.929688 0.022475 0.022475
1 0.642578 0.884766 0.022475 0.022475
1 0.648438 0.863281 0.022475 0.022475
1 0.683594 0.841797 0.022475 0.022475
1 0.714844 0.833984 0.022475 0.022475
1 0.707031 0.906250 0.022475 0.022475
1 0.763672 0.873047 0.022475 0.022475
1 0.781250 0.957031 0.022475 0.022475
1 0.841797 0.925781 0.022475 0.022475
1 0.876953 0.925781 0.022475 0.022475
1 0.900391 0.964844 0.022475 0.022475
1 0.921875 0.982422 0.022475 0.022475
1 0.919922 0.906250 0.022475 0.022475
1 0.945312 0.857422 0.022475 0.022475
1 0.951172 0.781250 0.022475 0.022475
1 0.828125 0.798828 0.022475 0.022475
1 0.726562 0.755859 0.022475 0.022475
1 0.640625 0.687500 0.022475 0.022475
1 0.658203 0.695312 0.022475 0.022475
1 0.638672 0.660156 0.022475 0.022475
1 0.574219 0.687500 0.022475 0.022475
1 0.554688 0.664062 0.022475 0.022475
1 0.550781 0.632812 0.022475 0.022475
1 0.796875 0.306641 0.022475 0.022475
1 0.812500 0.312500 0.022475 0.022475
1 0.871094 0.324219 0.022475 0.022475
1 0.939453 0.349609 0.022475 0.022475
1 0.951172 0.357422 0.022475 0.022475
1 0.970703 0.441406 0.022475 0.022475
1 0.978516 0.544922 0.022475 0.022475
1 0.987965 0.546875 0.022149 0.022149
1 0.859375 0.572266 0.022475 0.022475
1 0.728516 0.355469 0.022475 0.022475
1 0.722656 0.359375 0.022475 0.022475
1 0.667969 0.380859 0.022475 0.022475
1 0.642578 0.404297 0.022475 0.022475
1 0.662109 0.421875 0.022475 0.022475
1 0.654297 0.486328 0.022475 0.022475
1 0.630859 0.486328 0.022475 0.022475
1 0.613281 0.496094 0.022475 0.022475
1 0.597656 0.492188 0.022475 0.022475
1 0.625000 0.535156 0.022475 0.022475
1 0.611328 0.544922 0.022475 0.022475
1 0.583984 0.566406 0.022475 0.022475
1 0.683594 0.507812 0.022475 0.022475
1 0.767578 0.548828 0.022475 0.022475
1 0.757812 0.552734 0.022475 0.022475
1 0.761719 0.562500 0.022475 0.022475
1 0.755859 0.638672 0.022475 0.022475
1 0.724609 0.664062 0.022475 0.022475
1 0.732422 0.707031 0.022475 0.022475
1 0.052734 0.044922 0.022475 0.022475
1 0.046875 0.062500 0.022475 0.022475
1 0.091797 0.105469 0.022475 0.022475
1 0.111328 0.095703 0.022475 0.022475
1 0.125000 0.095703 0.022475 0.022475
1 0.097656 0.179688 0.022475 0.022475
1 0.046875 0.181641 0.022475 0.022475
1 0.015625 0.181641 0.022475 0.022475
1 0.052734 0.197266 0.022475 0.022475
1 0.082031 0.230469 0.022475 0.022475
1 0.111328 0.261719 0.022475 0.022475
1 0.181641 0.267578 0.022475 0.022475
1 0.195312 0.261719 0.022475 0.022475
1 0.195312 0.275391 0.022475 0.022475
1 0.220703 0.257812 0.022475 0.022475
1 0.251953 0.083984 0.022475 0.022475
1 0.261719 0.103516 0.022475 0.022475
1 0.316406 0.054688 0.022475 0.022475
1 0.388672 0.008803 0.021367 0.021367
1 0.427734 0.006615 0.019086 0.019086
1 0.390625 0.066406 0.022475 0.022475
1 0.445312 0.048828 0.022475 0.022475
1 0.457031 0.052734 0.022475 0.022475
1 0.552734 0.017578 0.022475 0.022475
