1 0.273564 0.177966 0.019022 0.019022
1 0.289189 0.170153 0.019022 0.019022
1 0.306767 0.170153 0.019022 0.019022
1 0.349736 0.181872 0.019022 0.019022
1 0.322392 0.181872 0.019022 0.019022
1 0.330205 0.203357 0.019022 0.019022
1 0.343877 0.217028 0.019022 0.019022
1 0.326299 0.240466 0.019022 0.019022
1 0.341924 0.240466 0.019022 0.019022
1 0.302861 0.259997 0.019022 0.019022
1 0.324345 0.259997 0.019022 0.019022
1 0.355595 0.211169 0.019022 0.019022
1 0.377080 0.203357 0.019022 0.019022
1 0.394658 0.205310 0.019022 0.019022
1 0.384892 0.168200 0.019022 0.019022
1 0.400517 0.156482 0.019022 0.019022
1 0.338017 0.154528 0.019022 0.019022
1 0.347783 0.152575 0.019022 0.019022
1 0.351689 0.138903 0.019022 0.019022
1 0.365361 0.142810 0.019022 0.019022
1 0.380986 0.138903 0.019022 0.019022
1 0.394658 0.134997 0.019022 0.019022
1 0.271611 0.138903 0.019022 0.019022
1 0.203252 0.111560 0.019022 0.019022
1 0.242314 0.037341 0.019022 0.019022
1 0.255986 0.021716 0.019022 0.019022
1 0.207158 0.045153 0.019022 0.019022
1 0.295049 0.060778 0.019022 0.019022
1 0.298955 0.142810 0.019022 0.019022
1 0.318486 0.123278 0.019022 0.019022
1 0.332158 0.111560 0.019022 0.019022
1 0.379033 0.113513 0.019022 0.019022
1 0.396611 0.103747 0.019022 0.019022
1 0.390752 0.228747 0.019022 0.019022
1 0.382939 0.254138 0.019022 0.019022
1 0.351689 0.275622 0.019022 0.019022
1 0.365361 0.283435 0.019022 0.019022
1 0.379033 0.283435 0.019022 0.019022
1 0.394658 0.299060 0.019022 0.019022
1 0.408330 0.283435 0.019022 0.019022
1 0.408330 0.263903 0.019022 0.019022
1 0.400517 0.244372 0.019022 0.019022
1 0.414189 0.226794 0.019022 0.019022
1 0.427861 0.295153 0.019022 0.019022
1 0.425908 0.277575 0.019022 0.019022
1 0.423955 0.252185 0.019022 0.019022
1 0.447392 0.295153 0.019022 0.019022
1 0.017705 0.400622 0.019022 0.019022
1 0.031377 0.699450 0.019022 0.019022
1 0.021611 0.756091 0.019022 0.019022
1 0.008386 0.789214 0.018570 0.018570
1 0.008386 0.808745 0.018570 0.018570
1 0.031377 0.797107 0.019022 0.019022
1 0.033330 0.842028 0.019022 0.019022
1 0.017705 0.865466 0.019022 0.019022
1 0.027470 0.875232 0.019022 0.019022
1 0.011845 0.879138 0.019022 0.019022
1 0.037236 0.900622 0.019022 0.019022
1 0.008386 0.912261 0.018570 0.018570
1 0.029424 0.924060 0.019022 0.019022
1 0.029424 0.945544 0.019022 0.019022
1 0.048955 0.924060 0.019022 0.019022
1 0.064580 0.933825 0.019022 0.019022
1 0.052861 0.953357 0.019022 0.019022
1 0.043095 0.968982 0.019022 0.019022
1 0.011845 0.984607 0.019022 0.019022
1 0.072392 0.963122 0.019022 0.019022
1 0.048955 0.986560 0.019022 0.019022
1 0.060679 0.990111 0.018635 0.018635
1 0.074389 0.992340 0.016418 0.016418
1 0.109502 0.959216 0.019022 0.019022
1 0.123174 0.947497 0.019022 0.019022
1 0.119267 0.933825 0.019022 0.019022
1 0.058720 0.886950 0.019022 0.019022
1 0.078252 0.908435 0.019022 0.019022
1 0.086064 0.894763 0.019022 0.019022
1 0.095830 0.881091 0.019022 0.019022
1 0.101689 0.906482 0.019022 0.019022
1 0.111455 0.890857 0.019022 0.019022
1 0.121220 0.875232 0.019022 0.019022
1 0.150517 0.873278 0.019022 0.019022
1 0.158330 0.888903 0.019022 0.019022
1 0.142705 0.886950 0.019022 0.019022
1 0.132939 0.900622 0.019022 0.019022
1 0.156377 0.920153 0.019022 0.019022
1 0.136845 0.961169 0.019022 0.019022
1 0.130986 0.976794 0.019022 0.019022
1 0.140795 0.992340 0.016418 0.016418
1 0.156377 0.963122 0.019022 0.019022
1 0.162236 0.986560 0.019022 0.019022
1 0.168095 0.943591 0.019022 0.019022
1 0.166142 0.931872 0.019022 0.019022
1 0.179814 0.929919 0.019022 0.019022
1 0.179814 0.916247 0.019022 0.019022
1 0.181767 0.892810 0.019022 0.019022
1 0.189580 0.904528 0.019022 0.019022
1 0.203252 0.900622 0.019022 0.019022
1 0.203252 0.927966 0.019022 0.019022
1 0.191533 0.955310 0.019022 0.019022
1 0.181767 0.982653 0.019022 0.019022
1 0.201299 0.972888 0.019022 0.019022
1 0.213017 0.978747 0.019022 0.019022
1 0.226689 0.984607 0.019022 0.019022
1 0.238408 0.976794 0.019022 0.019022
1 0.230595 0.945544 0.019022 0.019022
1 0.218877 0.918200 0.019022 0.019022
1 0.226689 0.902575 0.019022 0.019022
1 0.228642 0.883044 0.019022 0.019022
1 0.252080 0.879138 0.019022 0.019022
1 0.242314 0.896716 0.019022 0.019022
1 0.252080 0.904528 0.019022 0.019022
1 0.265752 0.918200 0.019022 0.019022
1 0.244267 0.927966 0.019022 0.019022
1 0.255986 0.933825 0.019022 0.019022
1 0.267705 0.953357 0.019022 0.019022
1 0.275517 0.896716 0.019022 0.019022
1 0.291142 0.873278 0.019022 0.019022
1 0.304814 0.873278 0.019022 0.019022
1 0.302861 0.843982 0.019022 0.019022
1 0.320439 0.830310 0.019022 0.019022
1 0.316533 0.863513 0.019022 0.019022
1 0.328252 0.849841 0.019022 0.019022
1 0.336064 0.836169 0.019022 0.019022
1 0.287236 0.922107 0.019022 0.019022
1 0.308720 0.912341 0.019022 0.019022
1 0.310674 0.892810 0.019022 0.019022
1 0.273564 0.980700 0.019022 0.019022
1 0.285283 0.968982 0.019022 0.019022
1 0.302861 0.967028 0.019022 0.019022
1 0.293095 0.943591 0.019022 0.019022
1 0.304814 0.931872 0.019022 0.019022
1 0.322392 0.929919 0.019022 0.019022
1 0.316533 0.949450 0.019022 0.019022
1 0.328252 0.939685 0.019022 0.019022
1 0.347783 0.937732 0.019022 0.019022
1 0.318486 0.968982 0.019022 0.019022
1 0.336064 0.961169 0.019022 0.019022
1 0.332158 0.982653 0.019022 0.019022
1 0.349741 0.990111 0.018635 0.018635
1 0.365361 0.974841 0.019022 0.019022
1 0.334111 0.908435 0.019022 0.019022
1 0.345830 0.914294 0.019022 0.019022
1 0.341924 0.890857 0.019022 0.019022
1 0.361455 0.879138 0.019022 0.019022
1 0.380986 0.873278 0.019022 0.019022
1 0.388799 0.859607 0.019022 0.019022
1 0.373174 0.849841 0.019022 0.019022
1 0.357549 0.843982 0.019022 0.019022
1 0.375127 0.826403 0.019022 0.019022
1 0.396611 0.816638 0.019022 0.019022
1 0.414189 0.822497 0.019022 0.019022
1 0.404424 0.849841 0.019022 0.019022
1 0.406377 0.869372 0.019022 0.019022
1 0.365361 0.902575 0.019022 0.019022
1 0.367314 0.920153 0.019022 0.019022
1 0.382939 0.908435 0.019022 0.019022
1 0.394658 0.894763 0.019022 0.019022
1 0.404424 0.914294 0.019022 0.019022
1 0.379033 0.943591 0.019022 0.019022
1 0.390752 0.935778 0.019022 0.019022
1 0.386845 0.963122 0.019022 0.019022
1 0.408330 0.957263 0.019022 0.019022
1 0.422002 0.943591 0.019022 0.019022
1 0.392705 0.982653 0.019022 0.019022
1 0.406377 0.978747 0.019022 0.019022
1 0.422002 0.986560 0.019022 0.019022
1 0.447392 0.968982 0.019022 0.019022
1 0.453252 0.943591 0.019022 0.019022
1 0.439580 0.924060 0.019022 0.019022
1 0.427861 0.908435 0.019022 0.019022
1 0.408330 0.896716 0.019022 0.019022
1 0.464970 0.927966 0.019022 0.019022
1 0.455205 0.912341 0.019022 0.019022
1 0.486455 0.974841 0.019022 0.019022
1 0.490361 0.947497 0.019022 0.019022
1 0.484502 0.912341 0.019022 0.019022
1 0.498174 0.924060 0.019022 0.019022
1 0.513799 0.920153 0.019022 0.019022
1 0.509892 0.906482 0.019022 0.019022
1 0.533330 0.926013 0.019022 0.019022
1 0.523564 0.947497 0.019022 0.019022
1 0.545049 0.953357 0.019022 0.019022
1 0.562627 0.953357 0.019022 0.019022
1 0.525517 0.980700 0.019022 0.019022
1 0.537256 0.991314 0.017700 0.017700
1 0.556767 0.976794 0.019022 0.019022
1 0.588017 0.957263 0.019022 0.019022
1 0.607549 0.943591 0.019022 0.019022
1 0.605595 0.984607 0.019022 0.019022
1 0.414189 0.881091 0.019022 0.019022
1 0.429814 0.884997 0.019022 0.019022
1 0.427861 0.861560 0.019022 0.019022
1 0.435674 0.847888 0.019022 0.019022
1 0.447392 0.873278 0.019022 0.019022
1 0.445439 0.888903 0.019022 0.019022
1 0.468877 0.865466 0.019022 0.019022
1 0.486455 0.863513 0.019022 0.019022
1 0.466924 0.890857 0.019022 0.019022
1 0.488408 0.890857 0.019022 0.019022
1 0.513799 0.857653 0.019022 0.019022
1 0.400517 0.705310 0.019022 0.019022
1 0.402470 0.668200 0.019022 0.019022
1 0.420049 0.654528 0.019022 0.019022
1 0.427861 0.666247 0.019022 0.019022
1 0.449345 0.654528 0.019022 0.019022
1 0.470830 0.658435 0.019022 0.019022
1 0.414189 0.693591 0.019022 0.019022
1 0.427861 0.689685 0.019022 0.019022
1 0.451299 0.693591 0.019022 0.019022
1 0.470830 0.683825 0.019022 0.019022
1 0.422002 0.718982 0.019022 0.019022
1 0.437627 0.718982 0.019022 0.019022
1 0.443486 0.736560 0.019022 0.019022
1 0.463017 0.758044 0.019022 0.019022
1 0.418095 0.779528 0.019022 0.019022
1 0.435674 0.771716 0.019022 0.019022
1 0.455205 0.791247 0.019022 0.019022
1 0.451299 0.812732 0.019022 0.019022
1 0.466924 0.806872 0.019022 0.019022
1 0.480595 0.816638 0.019022 0.019022
1 0.488408 0.830310 0.019022 0.019022
1 0.505986 0.830310 0.019022 0.019022
1 0.513799 0.810778 0.019022 0.019022
1 0.490361 0.791247 0.019022 0.019022
1 0.468877 0.703357 0.019022 0.019022
1 0.480595 0.715075 0.019022 0.019022
1 0.480595 0.738513 0.019022 0.019022
1 0.500127 0.758044 0.019022 0.019022
1 0.515752 0.765857 0.019022 0.019022
1 0.539189 0.781482 0.019022 0.019022
1 0.543095 0.810778 0.019022 0.019022
1 0.525517 0.890857 0.019022 0.019022
1 0.541142 0.871325 0.019022 0.019022
1 0.543095 0.902575 0.019022 0.019022
1 0.566533 0.906482 0.019022 0.019022
1 0.586064 0.924060 0.019022 0.019022
1 0.613408 0.906482 0.019022 0.019022
1 0.595830 0.884997 0.019022 0.019022
1 0.568486 0.869372 0.019022 0.019022
1 0.648564 0.904528 0.019022 0.019022
1 0.623174 0.931872 0.019022 0.019022
1 0.638799 0.924060 0.019022 0.019022
1 0.660283 0.965075 0.019022 0.019022
1 0.697392 0.967028 0.019022 0.019022
1 0.662241 0.990111 0.018635 0.018635
1 0.679814 0.982653 0.019022 0.019022
1 0.634936 0.992340 0.016418 0.016418
1 0.720830 0.980700 0.019022 0.019022
1 0.683860 0.994131 0.013131 0.013131
1 0.734502 0.967028 0.019022 0.019022
1 0.699345 0.941638 0.019022 0.019022
1 0.722783 0.951403 0.019022 0.019022
1 0.757939 0.972888 0.019022 0.019022
1 0.781377 0.951403 0.019022 0.019022
1 0.797002 0.939685 0.019022 0.019022
1 0.672002 0.904528 0.019022 0.019022
1 0.691533 0.918200 0.019022 0.019022
1 0.705205 0.916247 0.019022 0.019022
1 0.730595 0.900622 0.019022 0.019022
1 0.746220 0.886950 0.019022 0.019022
1 0.767705 0.898669 0.019022 0.019022
1 0.740361 0.926013 0.019022 0.019022
1 0.738408 0.947497 0.019022 0.019022
1 0.752080 0.949450 0.019022 0.019022
1 0.759892 0.935778 0.019022 0.019022
1 0.757939 0.922107 0.019022 0.019022
1 0.507939 0.732653 0.019022 0.019022
1 0.519658 0.744372 0.019022 0.019022
1 0.535283 0.744372 0.019022 0.019022
1 0.498174 0.685778 0.019022 0.019022
1 0.507939 0.703357 0.019022 0.019022
1 0.517705 0.717028 0.019022 0.019022
1 0.523564 0.672107 0.019022 0.019022
1 0.527470 0.697497 0.019022 0.019022
1 0.541142 0.689685 0.019022 0.019022
1 0.552861 0.713122 0.019022 0.019022
1 0.558720 0.730700 0.019022 0.019022
1 0.558720 0.767810 0.019022 0.019022
1 0.570439 0.758044 0.019022 0.019022
1 0.572392 0.779528 0.019022 0.019022
1 0.564580 0.814685 0.019022 0.019022
1 0.566533 0.836169 0.019022 0.019022
1 0.586064 0.842028 0.019022 0.019022
1 0.584111 0.802966 0.019022 0.019022
1 0.589970 0.861560 0.019022 0.019022
1 0.603642 0.863513 0.019022 0.019022
1 0.591924 0.752185 0.019022 0.019022
1 0.597783 0.775622 0.019022 0.019022
1 0.613408 0.769763 0.019022 0.019022
1 0.613408 0.787341 0.019022 0.019022
1 0.593877 0.824450 0.019022 0.019022
1 0.603642 0.836169 0.019022 0.019022
1 0.617314 0.840075 0.019022 0.019022
1 0.613408 0.808825 0.019022 0.019022
1 0.621220 0.820544 0.019022 0.019022
1 0.636845 0.822497 0.019022 0.019022
1 0.638799 0.836169 0.019022 0.019022
1 0.629033 0.853747 0.019022 0.019022
1 0.638799 0.863513 0.019022 0.019022
1 0.648564 0.875232 0.019022 0.019022
1 0.662236 0.875232 0.019022 0.019022
1 0.679814 0.857653 0.019022 0.019022
1 0.611455 0.744372 0.019022 0.019022
1 0.630986 0.750232 0.019022 0.019022
1 0.632939 0.767810 0.019022 0.019022
1 0.636845 0.787341 0.019022 0.019022
1 0.646611 0.802966 0.019022 0.019022
1 0.660283 0.791247 0.019022 0.019022
1 0.672002 0.822497 0.019022 0.019022
1 0.695439 0.834216 0.019022 0.019022
1 0.709111 0.822497 0.019022 0.019022
1 0.699345 0.871325 0.019022 0.019022
1 0.722783 0.873278 0.019022 0.019022
1 0.716924 0.849841 0.019022 0.019022
1 0.738408 0.845935 0.019022 0.019022
1 0.754033 0.857653 0.019022 0.019022
1 0.564580 0.674060 0.019022 0.019022
1 0.568486 0.689685 0.019022 0.019022
1 0.580205 0.697497 0.019022 0.019022
1 0.734502 0.390857 0.019022 0.019022
1 0.720830 0.367419 0.019022 0.019022
1 0.687627 0.392810 0.019022 0.019022
1 0.695439 0.359607 0.019022 0.019022
1 0.654424 0.291247 0.019022 0.019022
1 0.636845 0.304919 0.019022 0.019022
1 0.595830 0.285388 0.019022 0.019022
1 0.576299 0.306872 0.019022 0.019022
1 0.586064 0.320544 0.019022 0.019022
1 0.570439 0.338122 0.019022 0.019022
1 0.560674 0.283435 0.019022 0.019022
1 0.543095 0.295153 0.019022 0.019022
1 0.550908 0.336169 0.019022 0.019022
1 0.543095 0.320544 0.019022 0.019022
1 0.668095 0.340075 0.019022 0.019022
1 0.652470 0.375232 0.019022 0.019022
1 0.629033 0.386950 0.019022 0.019022
1 0.634892 0.367419 0.019022 0.019022
1 0.125127 0.597888 0.019022 0.019022
1 0.781377 0.406482 0.019022 0.019022
1 0.105469 0.376953 0.014947 0.014947
1 0.078125 0.396484 0.014947 0.014947
1 0.119141 0.392578 0.014947 0.014947
1 0.111328 0.410156 0.014947 0.014947
1 0.083984 0.421875 0.014947 0.014947
1 0.062500 0.423828 0.014947 0.014947
1 0.039062 0.425781 0.014947 0.014947
1 0.056641 0.287109 0.014947 0.014947
1 0.042969 0.261719 0.014947 0.014947
1 0.066406 0.267578 0.014947 0.014947
1 0.037109 0.316406 0.014947 0.014947
1 0.052734 0.322266 0.014947 0.014947
1 0.072266 0.337891 0.014947 0.014947
1 0.089844 0.326172 0.014947 0.014947
1 0.093750 0.345703 0.014947 0.014947
1 0.072266 0.365234 0.014947 0.014947
1 0.052734 0.373047 0.014947 0.014947
1 0.044922 0.347656 0.014947 0.014947
1 0.033203 0.357422 0.014947 0.014947
1 0.023438 0.380859 0.014947 0.014947
1 0.107422 0.263672 0.014947 0.014947
1 0.125000 0.275391 0.014947 0.014947
1 0.117188 0.291016 0.014947 0.014947
1 0.148438 0.267578 0.014947 0.014947
1 0.175781 0.259766 0.014947 0.014947
1 0.199219 0.269531 0.014947 0.014947
1 0.119141 0.341797 0.014947 0.014947
1 0.150391 0.326172 0.014947 0.014947
1 0.138672 0.361328 0.014947 0.014947
1 0.150391 0.380859 0.014947 0.014947
1 0.144531 0.394531 0.014947 0.014947
1 0.146484 0.416016 0.014947 0.014947
1 0.158203 0.427734 0.014947 0.014947
1 0.128906 0.445312 0.014947 0.014947
1 0.111328 0.443359 0.014947 0.014947
1 0.085938 0.451172 0.014947 0.014947
1 0.050781 0.449219 0.014947 0.014947
1 0.025391 0.466797 0.014947 0.014947
1 0.062500 0.464844 0.014947 0.014947
1 0.144658 0.676013 0.019022 0.019022
1 0.109502 0.676013 0.019022 0.019022
1 0.103642 0.697497 0.019022 0.019022
1 0.105595 0.713122 0.019022 0.019022
1 0.127080 0.717028 0.019022 0.019022
1 0.150517 0.709216 0.019022 0.019022
1 0.183720 0.685778 0.019022 0.019022
1 0.189580 0.707263 0.019022 0.019022
1 0.191533 0.732653 0.019022 0.019022
1 0.089970 0.662341 0.019022 0.019022
1 0.072392 0.650622 0.019022 0.019022
1 0.058720 0.677966 0.019022 0.019022
1 0.039189 0.660388 0.019022 0.019022
1 0.013799 0.693591 0.019022 0.019022
1 0.009892 0.679919 0.019022 0.019022
1 0.008386 0.666167 0.018570 0.018570
1 0.015752 0.644763 0.019022 0.019022
1 0.009892 0.621325 0.019022 0.019022
1 0.017705 0.607653 0.019022 0.019022
1 0.035283 0.619372 0.019022 0.019022
1 0.045049 0.631091 0.019022 0.019022
1 0.052861 0.599841 0.019022 0.019022
1 0.068486 0.595935 0.019022 0.019022
1 0.091924 0.607653 0.019022 0.019022
1 0.625127 0.355700 0.019022 0.019022
1 0.607549 0.353747 0.019022 0.019022
1 0.603642 0.384997 0.019022 0.019022
1 0.588017 0.410388 0.019022 0.019022
1 0.588017 0.396716 0.019022 0.019022
1 0.588017 0.367419 0.019022 0.019022
1 0.570439 0.373278 0.019022 0.019022
1 0.556767 0.375232 0.019022 0.019022
1 0.562627 0.392810 0.019022 0.019022
1 0.550908 0.408435 0.019022 0.019022
1 0.541142 0.359607 0.019022 0.019022
1 0.533330 0.340075 0.019022 0.019022
1 0.523564 0.324450 0.019022 0.019022
1 0.420049 0.109607 0.019022 0.019022
1 0.441533 0.103747 0.019022 0.019022
1 0.455205 0.119372 0.019022 0.019022
1 0.560674 0.201403 0.019022 0.019022
1 0.558720 0.174060 0.019022 0.019022
1 0.529424 0.238513 0.019022 0.019022
1 0.492314 0.197497 0.019022 0.019022
1 0.486455 0.226794 0.019022 0.019022
1 0.468877 0.217028 0.019022 0.019022
1 0.472783 0.197497 0.019022 0.019022
1 0.449345 0.189685 0.019022 0.019022
1 0.420049 0.193591 0.019022 0.019022
1 0.529424 0.187732 0.019022 0.019022
1 0.509892 0.179919 0.019022 0.019022
1 0.496220 0.172107 0.019022 0.019022
1 0.468877 0.164294 0.019022 0.019022
1 0.441533 0.172107 0.019022 0.019022
1 0.445439 0.144763 0.019022 0.019022
1 0.425908 0.146716 0.019022 0.019022
1 0.509892 0.234607 0.019022 0.019022
1 0.523564 0.271716 0.019022 0.019022
1 0.523564 0.299060 0.019022 0.019022
1 0.507939 0.302966 0.019022 0.019022
1 0.490361 0.275622 0.019022 0.019022
1 0.494267 0.252185 0.019022 0.019022
1 0.472783 0.299060 0.019022 0.019022
1 0.459111 0.283435 0.019022 0.019022
1 0.457158 0.248278 0.019022 0.019022
1 0.847783 0.486560 0.019022 0.019022
1 0.830205 0.467028 0.019022 0.019022
1 0.816533 0.467028 0.019022 0.019022
1 0.771611 0.445544 0.019022 0.019022
1 0.769658 0.463122 0.019022 0.019022
1 0.748174 0.459216 0.019022 0.019022
1 0.726689 0.445544 0.019022 0.019022
1 0.711064 0.424060 0.019022 0.019022
1 0.695439 0.424060 0.019022 0.019022
1 0.707158 0.445544 0.019022 0.019022
1 0.705205 0.457263 0.019022 0.019022
1 0.687627 0.449450 0.019022 0.019022
1 0.673955 0.422107 0.019022 0.019022
1 0.601689 0.424060 0.019022 0.019022
1 0.623174 0.412341 0.019022 0.019022
1 0.640752 0.416247 0.019022 0.019022
1 0.648564 0.426013 0.019022 0.019022
1 0.656377 0.459216 0.019022 0.019022
1 0.673955 0.474841 0.019022 0.019022
1 0.703252 0.478747 0.019022 0.019022
1 0.728642 0.482653 0.019022 0.019022
1 0.746220 0.488513 0.019022 0.019022
1 0.761845 0.492419 0.019022 0.019022
1 0.800908 0.490466 0.019022 0.019022
1 0.816533 0.500232 0.019022 0.019022
1 0.832158 0.508044 0.019022 0.019022
1 0.822392 0.523669 0.019022 0.019022
1 0.804814 0.517810 0.019022 0.019022
1 0.787236 0.504138 0.019022 0.019022
1 0.763799 0.509997 0.019022 0.019022
1 0.771611 0.521716 0.019022 0.019022
1 0.791142 0.533435 0.019022 0.019022
1 0.683720 0.513903 0.019022 0.019022
1 0.722783 0.509997 0.019022 0.019022
1 0.744267 0.515857 0.019022 0.019022
1 0.732549 0.529528 0.019022 0.019022
1 0.724736 0.543200 0.019022 0.019022
1 0.709111 0.549060 0.019022 0.019022
1 0.691533 0.541247 0.019022 0.019022
1 0.683720 0.562732 0.019022 0.019022
1 0.705205 0.572497 0.019022 0.019022
1 0.740361 0.551013 0.019022 0.019022
1 0.754033 0.556872 0.019022 0.019022
1 0.732549 0.574450 0.019022 0.019022
1 0.752080 0.582263 0.019022 0.019022
1 0.777470 0.562732 0.019022 0.019022
1 0.791142 0.551013 0.019022 0.019022
1 0.793095 0.576403 0.019022 0.019022
1 0.810674 0.552966 0.019022 0.019022
1 0.812627 0.566638 0.019022 0.019022
1 0.834111 0.562732 0.019022 0.019022
1 0.851689 0.552966 0.019022 0.019022
1 0.841924 0.541247 0.019022 0.019022
1 0.851689 0.535388 0.019022 0.019022
1 0.880986 0.541247 0.019022 0.019022
1 0.902470 0.539294 0.019022 0.019022
1 0.910283 0.504138 0.019022 0.019022
1 0.978642 0.502185 0.019022 0.019022
1 0.947392 0.506091 0.019022 0.019022
1 0.968877 0.525622 0.019022 0.019022
1 0.978642 0.554919 0.019022 0.019022
1 0.966924 0.578357 0.019022 0.019022
1 0.888799 0.578357 0.019022 0.019022
1 0.843877 0.588122 0.019022 0.019022
1 0.865361 0.593982 0.019022 0.019022
1 0.877080 0.605700 0.019022 0.019022
1 0.834111 0.615466 0.019022 0.019022
1 0.810674 0.623278 0.019022 0.019022
1 0.804814 0.605700 0.019022 0.019022
1 0.789189 0.617419 0.019022 0.019022
1 0.771611 0.609607 0.019022 0.019022
1 0.726689 0.611560 0.019022 0.019022
1 0.716924 0.599841 0.019022 0.019022
1 0.707158 0.617419 0.019022 0.019022
1 0.845830 0.691638 0.019022 0.019022
1 0.742314 0.609607 0.019022 0.019022
1 0.968877 0.623278 0.019022 0.019022
1 0.992123 0.605709 0.016418 0.016418
1 0.970830 0.595935 0.019022 0.019022
1 0.947392 0.613513 0.019022 0.019022
1 0.931767 0.603747 0.019022 0.019022
1 0.972783 0.644763 0.019022 0.019022
1 0.957158 0.642810 0.019022 0.019022
1 0.941533 0.640857 0.019022 0.019022
1 0.989874 0.662299 0.018505 0.018505
1 0.978642 0.677966 0.019022 0.019022
1 0.991039 0.695523 0.017562 0.017562
1 0.963017 0.664294 0.019022 0.019022
1 0.959111 0.681872 0.019022 0.019022
1 0.988408 0.715075 0.019022 0.019022
1 0.968877 0.720935 0.019022 0.019022
1 0.953252 0.718982 0.019022 0.019022
1 0.912236 0.697497 0.019022 0.019022
1 0.892705 0.689685 0.019022 0.019022
1 0.991039 0.742398 0.017562 0.017562
1 0.980595 0.756091 0.019022 0.019022
1 0.991039 0.781460 0.017562 0.017562
1 0.953252 0.752185 0.019022 0.019022
1 0.989874 0.812689 0.018505 0.018505
1 0.978642 0.824450 0.019022 0.019022
1 0.988408 0.843982 0.019022 0.019022
1 0.986455 0.861560 0.019022 0.019022
1 0.963017 0.851794 0.019022 0.019022
1 0.941533 0.859607 0.019022 0.019022
1 0.955205 0.869372 0.019022 0.019022
1 0.963017 0.830310 0.019022 0.019022
1 0.955205 0.804919 0.019022 0.019022
1 0.935674 0.818591 0.019022 0.019022
1 0.933720 0.793200 0.019022 0.019022
1 0.933720 0.847888 0.019022 0.019022
1 0.900517 0.855700 0.019022 0.019022
1 0.918095 0.849841 0.019022 0.019022
1 0.916142 0.812732 0.019022 0.019022
1 0.908330 0.830310 0.019022 0.019022
1 0.902470 0.814685 0.019022 0.019022
1 0.886845 0.818591 0.019022 0.019022
1 0.875127 0.830310 0.019022 0.019022
1 0.875127 0.847888 0.019022 0.019022
1 0.888799 0.857653 0.019022 0.019022
1 0.865361 0.855700 0.019022 0.019022
1 0.849736 0.842028 0.019022 0.019022
1 0.836064 0.842028 0.019022 0.019022
1 0.822392 0.843982 0.019022 0.019022
1 0.812627 0.830310 0.019022 0.019022
1 0.810674 0.851794 0.019022 0.019022
1 0.800908 0.840075 0.019022 0.019022
1 0.798955 0.828357 0.019022 0.019022
1 0.916142 0.869372 0.019022 0.019022
1 0.929814 0.875232 0.019022 0.019022
1 0.947392 0.890857 0.019022 0.019022
1 0.964970 0.886950 0.019022 0.019022
1 0.980595 0.888903 0.019022 0.019022
1 0.989874 0.906439 0.018505 0.018505
1 0.991039 0.920132 0.017562 0.017562
1 0.976689 0.922107 0.019022 0.019022
1 0.963017 0.922107 0.019022 0.019022
1 0.992123 0.945553 0.016418 0.016418
1 0.964970 0.939685 0.019022 0.019022
1 0.970830 0.955310 0.019022 0.019022
1 0.945439 0.927966 0.019022 0.019022
1 0.990897 0.991133 0.016195 0.016195
1 0.974756 0.991314 0.017700 0.017700
1 0.976689 0.976794 0.019022 0.019022
1 0.953252 0.976794 0.019022 0.019022
1 0.955205 0.961169 0.019022 0.019022
1 0.941533 0.951403 0.019022 0.019022
1 0.910283 0.941638 0.019022 0.019022
1 0.916142 0.927966 0.019022 0.019022
1 0.931767 0.904528 0.019022 0.019022
1 0.920049 0.892810 0.019022 0.019022
1 0.906377 0.888903 0.019022 0.019022
1 0.888799 0.896716 0.019022 0.019022
1 0.886845 0.916247 0.019022 0.019022
1 0.886845 0.931872 0.019022 0.019022
1 0.869267 0.943591 0.019022 0.019022
1 0.853642 0.935778 0.019022 0.019022
1 0.908330 0.974841 0.019022 0.019022
1 0.894658 0.963122 0.019022 0.019022
1 0.884892 0.974841 0.019022 0.019022
1 0.880986 0.965075 0.019022 0.019022
1 0.873217 0.992340 0.016418 0.016418
1 0.851689 0.978747 0.019022 0.019022
1 0.838017 0.986560 0.019022 0.019022
1 0.810693 0.991314 0.017700 0.017700
1 0.822392 0.980700 0.019022 0.019022
1 0.802861 0.974841 0.019022 0.019022
1 0.834111 0.947497 0.019022 0.019022
1 0.838017 0.926013 0.019022 0.019022
1 0.867314 0.918200 0.019022 0.019022
1 0.869267 0.900622 0.019022 0.019022
1 0.851689 0.894763 0.019022 0.019022
1 0.839970 0.883044 0.019022 0.019022
1 0.830205 0.904528 0.019022 0.019022
1 0.814580 0.918200 0.019022 0.019022
1 0.812627 0.933825 0.019022 0.019022
1 0.828252 0.865466 0.019022 0.019022
1 0.816533 0.877185 0.019022 0.019022
1 0.812627 0.892810 0.019022 0.019022
1 0.800908 0.898669 0.019022 0.019022
1 0.804814 0.869372 0.019022 0.019022
1 0.787236 0.883044 0.019022 0.019022
1 0.791142 0.869372 0.019022 0.019022
1 0.781377 0.849841 0.019022 0.019022
1 0.775517 0.836169 0.019022 0.019022
1 0.941533 0.736560 0.019022 0.019022
1 0.941533 0.687732 0.019022 0.019022
1 0.943486 0.707263 0.019022 0.019022
1 0.927861 0.709216 0.019022 0.019022
1 0.914189 0.715075 0.019022 0.019022
1 0.927861 0.674060 0.019022 0.019022
1 0.912236 0.650622 0.019022 0.019022
1 0.920049 0.638903 0.019022 0.019022
1 0.908330 0.621325 0.019022 0.019022
1 0.904424 0.636950 0.019022 0.019022
1 0.886845 0.638903 0.019022 0.019022
1 0.873174 0.631091 0.019022 0.019022
1 0.843877 0.631091 0.019022 0.019022
1 0.851689 0.644763 0.019022 0.019022
1 0.906377 0.756091 0.019022 0.019022
1 0.892705 0.713122 0.019022 0.019022
1 0.884892 0.701403 0.019022 0.019022
1 0.875127 0.681872 0.019022 0.019022
1 0.871220 0.664294 0.019022 0.019022
1 0.865361 0.693591 0.019022 0.019022
1 0.859502 0.676013 0.019022 0.019022
1 0.873174 0.713122 0.019022 0.019022
1 0.892705 0.730700 0.019022 0.019022
1 0.882939 0.746325 0.019022 0.019022
1 0.869267 0.756091 0.019022 0.019022
1 0.851689 0.754138 0.019022 0.019022
1 0.869267 0.726794 0.019022 0.019022
1 0.857549 0.713122 0.019022 0.019022
1 0.839970 0.724841 0.019022 0.019022
1 0.822392 0.707263 0.019022 0.019022
1 0.824345 0.738513 0.019022 0.019022
1 0.806767 0.728747 0.019022 0.019022
1 0.798955 0.746325 0.019022 0.019022
1 0.814580 0.761950 0.019022 0.019022
1 0.834111 0.771716 0.019022 0.019022
1 0.853642 0.773669 0.019022 0.019022
1 0.892705 0.795153 0.019022 0.019022
1 0.922002 0.773669 0.019022 0.019022
1 0.906377 0.783435 0.019022 0.019022
1 0.882939 0.781482 0.019022 0.019022
1 0.867314 0.793200 0.019022 0.019022
1 0.851689 0.806872 0.019022 0.019022
1 0.836064 0.795153 0.019022 0.019022
1 0.830205 0.806872 0.019022 0.019022
1 0.808720 0.804919 0.019022 0.019022
1 0.785283 0.783435 0.019022 0.019022
1 0.773564 0.799060 0.019022 0.019022
1 0.763799 0.822497 0.019022 0.019022
1 0.744267 0.816638 0.019022 0.019022
1 0.797002 0.642810 0.019022 0.019022
1 0.771611 0.646716 0.019022 0.019022
1 0.752080 0.650622 0.019022 0.019022
1 0.740361 0.633044 0.019022 0.019022
1 0.830205 0.677966 0.019022 0.019022
1 0.826299 0.662341 0.019022 0.019022
1 0.812627 0.681872 0.019022 0.019022
1 0.795049 0.670153 0.019022 0.019022
1 0.797002 0.703357 0.019022 0.019022
1 0.797002 0.687732 0.019022 0.019022
1 0.785283 0.685778 0.019022 0.019022
1 0.779424 0.707263 0.019022 0.019022
1 0.783330 0.726794 0.019022 0.019022
1 0.082158 0.625232 0.019022 0.019022
1 0.775517 0.744372 0.019022 0.019022
1 0.783330 0.758044 0.019022 0.019022
1 0.767705 0.759997 0.019022 0.019022
1 0.759892 0.734607 0.019022 0.019022
1 0.748174 0.728747 0.019022 0.019022
1 0.738408 0.748278 0.019022 0.019022
1 0.726689 0.756091 0.019022 0.019022
1 0.742314 0.779528 0.019022 0.019022
1 0.730595 0.791247 0.019022 0.019022
1 0.720830 0.808825 0.019022 0.019022
1 0.713017 0.795153 0.019022 0.019022
1 0.699345 0.785388 0.019022 0.019022
1 0.759892 0.705310 0.019022 0.019022
1 0.744267 0.703357 0.019022 0.019022
1 0.732549 0.707263 0.019022 0.019022
1 0.720830 0.730700 0.019022 0.019022
1 0.703252 0.744372 0.019022 0.019022
1 0.695439 0.759997 0.019022 0.019022
1 0.691533 0.748278 0.019022 0.019022
1 0.769658 0.681872 0.019022 0.019022
1 0.746220 0.676013 0.019022 0.019022
1 0.726689 0.656482 0.019022 0.019022
1 0.681767 0.603747 0.019022 0.019022
1 0.693486 0.607653 0.019022 0.019022
1 0.693486 0.590075 0.019022 0.019022
1 0.713017 0.638903 0.019022 0.019022
1 0.697392 0.638903 0.019022 0.019022
1 0.679814 0.625232 0.019022 0.019022
1 0.681767 0.652575 0.019022 0.019022
1 0.668095 0.642810 0.019022 0.019022
1 0.720830 0.687732 0.019022 0.019022
1 0.707158 0.701403 0.019022 0.019022
1 0.691533 0.715075 0.019022 0.019022
1 0.679814 0.720935 0.019022 0.019022
1 0.672002 0.761950 0.019022 0.019022
1 0.652470 0.756091 0.019022 0.019022
1 0.673955 0.736560 0.019022 0.019022
1 0.705205 0.683825 0.019022 0.019022
1 0.086064 0.638903 0.019022 0.019022
1 0.123174 0.652575 0.019022 0.019022
1 0.107549 0.642810 0.019022 0.019022
1 0.121220 0.627185 0.019022 0.019022
1 0.142705 0.633044 0.019022 0.019022
1 0.685674 0.685778 0.019022 0.019022
1 0.654424 0.705310 0.019022 0.019022
1 0.668095 0.683825 0.019022 0.019022
1 0.656377 0.670153 0.019022 0.019022
1 0.632939 0.685778 0.019022 0.019022
1 0.595830 0.674060 0.019022 0.019022
1 0.605595 0.687732 0.019022 0.019022
1 0.627080 0.707263 0.019022 0.019022
1 0.636845 0.722888 0.019022 0.019022
1 0.646611 0.734607 0.019022 0.019022
1 0.630986 0.734607 0.019022 0.019022
1 0.619267 0.722888 0.019022 0.019022
1 0.607549 0.717028 0.019022 0.019022
1 0.591924 0.705310 0.019022 0.019022
1 0.578252 0.715075 0.019022 0.019022
1 0.140752 0.613513 0.019022 0.019022
1 0.156377 0.611560 0.019022 0.019022
1 0.164189 0.599841 0.019022 0.019022
1 0.183720 0.607653 0.019022 0.019022
1 0.185674 0.636950 0.019022 0.019022
1 0.175908 0.654528 0.019022 0.019022
1 0.746220 0.410388 0.019022 0.019022
1 0.089844 0.384766 0.014947 0.014947
1 0.437627 0.244372 0.019022 0.019022
1 0.357549 0.334216 0.019022 0.019022
1 0.373174 0.314685 0.019022 0.019022
1 0.353642 0.310778 0.019022 0.019022
1 0.295049 0.320544 0.019022 0.019022
1 0.300908 0.340075 0.019022 0.019022
1 0.318486 0.336169 0.019022 0.019022
1 0.330205 0.322497 0.019022 0.019022
1 0.318486 0.302966 0.019022 0.019022
1 0.304814 0.283435 0.019022 0.019022
1 0.269658 0.287341 0.019022 0.019022
1 0.275517 0.302966 0.019022 0.019022
1 0.261845 0.314685 0.019022 0.019022
1 0.257939 0.332263 0.019022 0.019022
1 0.021484 0.509766 0.014947 0.014947
1 0.035156 0.509766 0.014947 0.014947
1 0.017578 0.531250 0.014947 0.014947
1 0.041142 0.539294 0.019022 0.019022
1 0.027470 0.554919 0.019022 0.019022
1 0.011845 0.547107 0.019022 0.019022
1 0.048955 0.556872 0.019022 0.019022
1 0.062627 0.552966 0.019022 0.019022
1 0.041142 0.572497 0.019022 0.019022
1 0.019658 0.574450 0.019022 0.019022
1 0.056767 0.568591 0.019022 0.019022
1 0.068486 0.576403 0.019022 0.019022
1 0.082158 0.558825 0.019022 0.019022
1 0.099736 0.568591 0.019022 0.019022
1 0.107549 0.535388 0.019022 0.019022
1 0.089970 0.529528 0.019022 0.019022
1 0.078252 0.509997 0.019022 0.019022
1 0.080205 0.480700 0.019022 0.019022
1 0.093877 0.496325 0.019022 0.019022
1 0.105595 0.506091 0.019022 0.019022
1 0.121220 0.537341 0.019022 0.019022
1 0.119267 0.558825 0.019022 0.019022
1 0.136845 0.556872 0.019022 0.019022
1 0.144658 0.580310 0.019022 0.019022
1 0.107549 0.480700 0.019022 0.019022
1 0.127080 0.474841 0.019022 0.019022
1 0.121220 0.490466 0.019022 0.019022
1 0.132939 0.506091 0.019022 0.019022
1 0.136845 0.482653 0.019022 0.019022
1 0.146611 0.498278 0.019022 0.019022
1 0.148564 0.521716 0.019022 0.019022
1 0.166142 0.500232 0.019022 0.019022
1 0.152470 0.467028 0.019022 0.019022
1 0.162236 0.455310 0.019022 0.019022
1 0.179814 0.451403 0.019022 0.019022
1 0.173955 0.478747 0.019022 0.019022
1 0.162236 0.541247 0.019022 0.019022
1 0.177861 0.533435 0.019022 0.019022
1 0.203252 0.527575 0.019022 0.019022
1 0.197392 0.545153 0.019022 0.019022
1 0.158330 0.562732 0.019022 0.019022
1 0.195439 0.470935 0.019022 0.019022
1 0.201299 0.455310 0.019022 0.019022
1 0.214970 0.455310 0.019022 0.019022
1 0.181767 0.426013 0.019022 0.019022
1 0.199345 0.427966 0.019022 0.019022
1 0.175908 0.400622 0.019022 0.019022
1 0.230595 0.447497 0.019022 0.019022
1 0.244267 0.463122 0.019022 0.019022
1 0.224736 0.482653 0.019022 0.019022
1 0.240361 0.500232 0.019022 0.019022
1 0.222783 0.414294 0.019022 0.019022
1 0.248174 0.431872 0.019022 0.019022
1 0.172002 0.574450 0.019022 0.019022
1 0.191533 0.580310 0.019022 0.019022
1 0.195439 0.599841 0.019022 0.019022
1 0.209111 0.590075 0.019022 0.019022
1 0.203252 0.615466 0.019022 0.019022
1 0.216924 0.631091 0.019022 0.019022
1 0.218877 0.666247 0.019022 0.019022
1 0.232549 0.642810 0.019022 0.019022
1 0.240361 0.656482 0.019022 0.019022
1 0.252080 0.677966 0.019022 0.019022
1 0.220830 0.574450 0.019022 0.019022
1 0.232549 0.584216 0.019022 0.019022
1 0.224736 0.558825 0.019022 0.019022
1 0.449345 0.226794 0.019022 0.019022
1 0.259892 0.552966 0.019022 0.019022
1 0.255986 0.572497 0.019022 0.019022
1 0.277470 0.595935 0.019022 0.019022
1 0.242314 0.605700 0.019022 0.019022
1 0.246220 0.625232 0.019022 0.019022
1 0.252080 0.613513 0.019022 0.019022
1 0.265752 0.636950 0.019022 0.019022
1 0.275517 0.676013 0.019022 0.019022
1 0.289189 0.662341 0.019022 0.019022
1 0.298955 0.642810 0.019022 0.019022
1 0.216924 0.711169 0.019022 0.019022
1 0.207158 0.754138 0.019022 0.019022
1 0.078252 0.711169 0.019022 0.019022
1 0.054814 0.724841 0.019022 0.019022
1 0.088017 0.730700 0.019022 0.019022
1 0.086064 0.746325 0.019022 0.019022
1 0.119267 0.742419 0.019022 0.019022
1 0.132939 0.744372 0.019022 0.019022
1 0.158330 0.740466 0.019022 0.019022
1 0.230595 0.697497 0.019022 0.019022
1 0.244267 0.697497 0.019022 0.019022
1 0.234502 0.715075 0.019022 0.019022
1 0.226689 0.728747 0.019022 0.019022
1 0.265752 0.697497 0.019022 0.019022
1 0.275517 0.689685 0.019022 0.019022
1 0.304814 0.707263 0.019022 0.019022
1 0.289189 0.720935 0.019022 0.019022
1 0.257939 0.711169 0.019022 0.019022
1 0.291142 0.740466 0.019022 0.019022
1 0.255986 0.748278 0.019022 0.019022
1 0.246220 0.736560 0.019022 0.019022
1 0.228642 0.750232 0.019022 0.019022
1 0.236455 0.761950 0.019022 0.019022
1 0.213017 0.775622 0.019022 0.019022
1 0.158330 0.763903 0.019022 0.019022
1 0.070439 0.769763 0.019022 0.019022
1 0.127080 0.806872 0.019022 0.019022
1 0.123174 0.828357 0.019022 0.019022
1 0.105595 0.832263 0.019022 0.019022
1 0.088017 0.779528 0.019022 0.019022
1 0.060674 0.793200 0.019022 0.019022
1 0.054814 0.812732 0.019022 0.019022
1 0.070439 0.834216 0.019022 0.019022
1 0.062627 0.859607 0.019022 0.019022
1 0.101689 0.853747 0.019022 0.019022
1 0.140752 0.847888 0.019022 0.019022
1 0.130986 0.787341 0.019022 0.019022
1 0.136845 0.773669 0.019022 0.019022
1 0.160283 0.783435 0.019022 0.019022
1 0.185674 0.787341 0.019022 0.019022
1 0.185674 0.763903 0.019022 0.019022
1 0.170049 0.801013 0.019022 0.019022
1 0.191533 0.818591 0.019022 0.019022
1 0.207158 0.808825 0.019022 0.019022
1 0.224736 0.799060 0.019022 0.019022
1 0.267705 0.771716 0.019022 0.019022
1 0.279424 0.779528 0.019022 0.019022
1 0.277470 0.750232 0.019022 0.019022
1 0.269658 0.722888 0.019022 0.019022
1 0.255986 0.795153 0.019022 0.019022
1 0.254033 0.820544 0.019022 0.019022
1 0.281377 0.814685 0.019022 0.019022
1 0.273564 0.834216 0.019022 0.019022
1 0.224736 0.822497 0.019022 0.019022
1 0.238408 0.849841 0.019022 0.019022
1 0.218877 0.857653 0.019022 0.019022
1 0.162236 0.834216 0.019022 0.019022
1 0.173955 0.838122 0.019022 0.019022
1 0.201299 0.847888 0.019022 0.019022
1 0.189580 0.859607 0.019022 0.019022
1 0.261845 0.517810 0.019022 0.019022
1 0.238408 0.552966 0.019022 0.019022
1 0.285283 0.531482 0.019022 0.019022
1 0.291142 0.509997 0.019022 0.019022
1 0.257939 0.486560 0.019022 0.019022
1 0.279424 0.476794 0.019022 0.019022
1 0.298955 0.484607 0.019022 0.019022
1 0.310674 0.523669 0.019022 0.019022
1 0.322392 0.506091 0.019022 0.019022
1 0.338017 0.517810 0.019022 0.019022
1 0.351689 0.494372 0.019022 0.019022
1 0.334111 0.488513 0.019022 0.019022
1 0.316533 0.564685 0.019022 0.019022
1 0.338017 0.564685 0.019022 0.019022
1 0.339970 0.578357 0.019022 0.019022
1 0.353642 0.580310 0.019022 0.019022
1 0.371220 0.556872 0.019022 0.019022
1 0.379033 0.529528 0.019022 0.019022
1 0.363408 0.521716 0.019022 0.019022
1 0.394658 0.494372 0.019022 0.019022
1 0.398564 0.511950 0.019022 0.019022
1 0.420049 0.490466 0.019022 0.019022
1 0.423955 0.515857 0.019022 0.019022
1 0.298955 0.607653 0.019022 0.019022
1 0.306767 0.617419 0.019022 0.019022
1 0.322392 0.605700 0.019022 0.019022
1 0.322392 0.625232 0.019022 0.019022
1 0.347783 0.599841 0.019022 0.019022
1 0.341924 0.627185 0.019022 0.019022
1 0.318486 0.666247 0.019022 0.019022
1 0.339970 0.646716 0.019022 0.019022
1 0.353642 0.652575 0.019022 0.019022
1 0.330205 0.681872 0.019022 0.019022
1 0.347783 0.683825 0.019022 0.019022
1 0.367314 0.674060 0.019022 0.019022
1 0.379033 0.689685 0.019022 0.019022
1 0.349736 0.707263 0.019022 0.019022
1 0.365361 0.718982 0.019022 0.019022
1 0.336064 0.718982 0.019022 0.019022
1 0.349736 0.732653 0.019022 0.019022
1 0.318486 0.744372 0.019022 0.019022
1 0.347783 0.759997 0.019022 0.019022
1 0.363408 0.767810 0.019022 0.019022
1 0.316533 0.763903 0.019022 0.019022
1 0.330205 0.787341 0.019022 0.019022
1 0.353642 0.795153 0.019022 0.019022
1 0.388799 0.797107 0.019022 0.019022
1 0.412236 0.562732 0.019022 0.019022
1 0.429814 0.552966 0.019022 0.019022
1 0.398564 0.597888 0.019022 0.019022
1 0.402470 0.615466 0.019022 0.019022
1 0.377080 0.636950 0.019022 0.019022
1 0.394658 0.642810 0.019022 0.019022
1 0.386845 0.656482 0.019022 0.019022
1 0.420049 0.597888 0.019022 0.019022
1 0.191533 0.289294 0.019022 0.019022
1 0.179814 0.310778 0.019022 0.019022
1 0.185674 0.332263 0.019022 0.019022
1 0.191533 0.347888 0.019022 0.019022
1 0.166142 0.353747 0.019022 0.019022
1 0.181767 0.377185 0.019022 0.019022
1 0.199345 0.381091 0.019022 0.019022
1 0.209111 0.369372 0.019022 0.019022
1 0.222783 0.359607 0.019022 0.019022
1 0.240361 0.353747 0.019022 0.019022
1 0.254033 0.351794 0.019022 0.019022
1 0.218877 0.345935 0.019022 0.019022
1 0.213017 0.332263 0.019022 0.019022
1 0.228642 0.330310 0.019022 0.019022
1 0.211064 0.310778 0.019022 0.019022
1 0.230595 0.308825 0.019022 0.019022
1 0.244267 0.318591 0.019022 0.019022
1 0.220830 0.392810 0.019022 0.019022
1 0.238408 0.392810 0.019022 0.019022
1 0.242314 0.379138 0.019022 0.019022
1 0.275517 0.353747 0.019022 0.019022
1 0.269658 0.373278 0.019022 0.019022
1 0.295049 0.369372 0.019022 0.019022
1 0.261845 0.404528 0.019022 0.019022
1 0.287236 0.392810 0.019022 0.019022
1 0.302861 0.392810 0.019022 0.019022
1 0.318486 0.388903 0.019022 0.019022
1 0.281377 0.416247 0.019022 0.019022
1 0.308720 0.431872 0.019022 0.019022
1 0.328252 0.431872 0.019022 0.019022
1 0.341924 0.404528 0.019022 0.019022
1 0.302861 0.461169 0.019022 0.019022
1 0.332158 0.468982 0.019022 0.019022
1 0.343877 0.449450 0.019022 0.019022
1 0.357549 0.427966 0.019022 0.019022
1 0.369267 0.453357 0.019022 0.019022
1 0.396611 0.433825 0.019022 0.019022
1 0.339970 0.363513 0.019022 0.019022
1 0.351689 0.347888 0.019022 0.019022
1 0.359502 0.363513 0.019022 0.019022
1 0.380986 0.379138 0.019022 0.019022
1 0.388799 0.359607 0.019022 0.019022
1 0.422002 0.357653 0.019022 0.019022
1 0.418095 0.379138 0.019022 0.019022
1 0.414189 0.396716 0.019022 0.019022
1 0.439580 0.377185 0.019022 0.019022
1 0.439580 0.406482 0.019022 0.019022
1 0.464970 0.396716 0.019022 0.019022
1 0.431767 0.435778 0.019022 0.019022
1 0.443486 0.449450 0.019022 0.019022
1 0.453252 0.435778 0.019022 0.019022
1 0.443486 0.490466 0.019022 0.019022
1 0.459111 0.509997 0.019022 0.019022
1 0.457158 0.525622 0.019022 0.019022
1 0.470830 0.523669 0.019022 0.019022
1 0.453252 0.549060 0.019022 0.019022
1 0.455205 0.564685 0.019022 0.019022
1 0.437627 0.586169 0.019022 0.019022
1 0.427861 0.613513 0.019022 0.019022
1 0.425908 0.638903 0.019022 0.019022
1 0.439580 0.631091 0.019022 0.019022
1 0.459111 0.611560 0.019022 0.019022
1 0.480595 0.611560 0.019022 0.019022
1 0.494267 0.609607 0.019022 0.019022
1 0.468877 0.636950 0.019022 0.019022
1 0.494267 0.640857 0.019022 0.019022
1 0.484502 0.580310 0.019022 0.019022
1 0.484502 0.552966 0.019022 0.019022
1 0.500127 0.560778 0.019022 0.019022
1 0.511845 0.529528 0.019022 0.019022
1 0.478642 0.492419 0.019022 0.019022
1 0.496220 0.506091 0.019022 0.019022
1 0.478642 0.465075 0.019022 0.019022
1 0.496220 0.447497 0.019022 0.019022
1 0.513799 0.467028 0.019022 0.019022
1 0.519658 0.492419 0.019022 0.019022
1 0.527470 0.527575 0.019022 0.019022
1 0.515752 0.551013 0.019022 0.019022
1 0.513799 0.586169 0.019022 0.019022
1 0.523564 0.576403 0.019022 0.019022
1 0.529424 0.560778 0.019022 0.019022
1 0.541142 0.580310 0.019022 0.019022
1 0.548955 0.599841 0.019022 0.019022
1 0.533330 0.619372 0.019022 0.019022
1 0.539189 0.633044 0.019022 0.019022
1 0.525517 0.650622 0.019022 0.019022
1 0.537236 0.662341 0.019022 0.019022
1 0.550908 0.662341 0.019022 0.019022
1 0.556767 0.648669 0.019022 0.019022
1 0.572392 0.648669 0.019022 0.019022
1 0.574345 0.627185 0.019022 0.019022
1 0.597783 0.634997 0.019022 0.019022
1 0.607549 0.619372 0.019022 0.019022
1 0.591924 0.605700 0.019022 0.019022
1 0.621220 0.615466 0.019022 0.019022
1 0.556767 0.556872 0.019022 0.019022
1 0.550908 0.541247 0.019022 0.019022
1 0.548955 0.521716 0.019022 0.019022
1 0.527470 0.467028 0.019022 0.019022
1 0.541142 0.468982 0.019022 0.019022
1 0.560674 0.476794 0.019022 0.019022
1 0.574345 0.496325 0.019022 0.019022
1 0.599736 0.509997 0.019022 0.019022
1 0.591924 0.529528 0.019022 0.019022
1 0.586064 0.549060 0.019022 0.019022
1 0.599736 0.558825 0.019022 0.019022
1 0.584111 0.582263 0.019022 0.019022
1 0.603642 0.588122 0.019022 0.019022
1 0.615361 0.592028 0.019022 0.019022
1 0.630986 0.592028 0.019022 0.019022
1 0.617314 0.568591 0.019022 0.019022
1 0.613408 0.541247 0.019022 0.019022
1 0.632939 0.560778 0.019022 0.019022
1 0.648564 0.570544 0.019022 0.019022
1 0.656377 0.556872 0.019022 0.019022
1 0.668095 0.568591 0.019022 0.019022
1 0.664189 0.582263 0.019022 0.019022
1 0.656377 0.595935 0.019022 0.019022
1 0.644658 0.611560 0.019022 0.019022
1 0.636845 0.629138 0.019022 0.019022
1 0.638799 0.642810 0.019022 0.019022
1 0.648564 0.654528 0.019022 0.019022
1 0.636845 0.664294 0.019022 0.019022
1 0.617314 0.650622 0.019022 0.019022
1 0.607549 0.662341 0.019022 0.019022
1 0.588017 0.658435 0.019022 0.019022
1 0.408330 0.312732 0.019022 0.019022
1 0.437627 0.342028 0.019022 0.019022
1 0.451299 0.349841 0.019022 0.019022
1 0.453252 0.334216 0.019022 0.019022
1 0.480595 0.338122 0.019022 0.019022
1 0.505986 0.357653 0.019022 0.019022
1 0.494267 0.377185 0.019022 0.019022
1 0.517705 0.383044 0.019022 0.019022
1 0.527470 0.373278 0.019022 0.019022
1 0.531377 0.433825 0.019022 0.019022
1 0.543095 0.451403 0.019022 0.019022
1 0.545049 0.431872 0.019022 0.019022
1 0.558720 0.441638 0.019022 0.019022
1 0.589970 0.480700 0.019022 0.019022
1 0.611455 0.478747 0.019022 0.019022
1 0.586064 0.445544 0.019022 0.019022
1 0.599736 0.443591 0.019022 0.019022
1 0.615361 0.457263 0.019022 0.019022
1 0.638799 0.459216 0.019022 0.019022
1 0.634892 0.492419 0.019022 0.019022
1 0.654424 0.490466 0.019022 0.019022
1 0.666142 0.502185 0.019022 0.019022
1 0.023564 0.308825 0.019022 0.019022
1 0.019658 0.281482 0.019022 0.019022
1 0.013799 0.256091 0.019022 0.019022
1 0.021611 0.228747 0.019022 0.019022
1 0.037236 0.213122 0.019022 0.019022
1 0.070439 0.228747 0.019022 0.019022
1 0.066533 0.244372 0.019022 0.019022
1 0.130986 0.242419 0.019022 0.019022
1 0.181767 0.232653 0.019022 0.019022
1 0.199345 0.256091 0.019022 0.019022
1 0.213017 0.287341 0.019022 0.019022
1 0.230595 0.283435 0.019022 0.019022
1 0.240361 0.261950 0.019022 0.019022
1 0.244267 0.240466 0.019022 0.019022
1 0.008386 0.179839 0.018570 0.018570
1 0.025517 0.154528 0.019022 0.019022
1 0.037236 0.133044 0.019022 0.019022
1 0.021611 0.095935 0.019022 0.019022
1 0.021611 0.025622 0.019022 0.019022
1 0.019658 0.054919 0.019022 0.019022
1 0.029424 0.066638 0.019022 0.019022
1 0.052861 0.113513 0.019022 0.019022
1 0.074345 0.133044 0.019022 0.019022
1 0.068486 0.148669 0.019022 0.019022
1 0.054814 0.162341 0.019022 0.019022
1 0.072392 0.189685 0.019022 0.019022
1 0.089970 0.197497 0.019022 0.019022
1 0.093877 0.166247 0.019022 0.019022
1 0.115361 0.170153 0.019022 0.019022
1 0.109502 0.209216 0.019022 0.019022
1 0.134892 0.211169 0.019022 0.019022
1 0.146611 0.197497 0.019022 0.019022
1 0.175908 0.203357 0.019022 0.019022
1 0.199345 0.215075 0.019022 0.019022
1 0.209111 0.193591 0.019022 0.019022
1 0.213017 0.170153 0.019022 0.019022
1 0.187627 0.174060 0.019022 0.019022
1 0.089970 0.142810 0.019022 0.019022
1 0.117314 0.140857 0.019022 0.019022
1 0.127080 0.111560 0.019022 0.019022
1 0.101689 0.097888 0.019022 0.019022
1 0.119267 0.086169 0.019022 0.019022
1 0.064580 0.086169 0.019022 0.019022
1 0.082158 0.056872 0.019022 0.019022
1 0.132939 0.140857 0.019022 0.019022
1 0.175908 0.150622 0.019022 0.019022
1 0.191533 0.156482 0.019022 0.019022
1 0.191533 0.136950 0.019022 0.019022
1 0.207158 0.142810 0.019022 0.019022
1 0.164189 0.119372 0.019022 0.019022
1 0.146611 0.084216 0.019022 0.019022
1 0.142705 0.064685 0.019022 0.019022
1 0.160283 0.056872 0.019022 0.019022
1 0.101689 0.060778 0.019022 0.019022
1 0.179814 0.131091 0.019022 0.019022
1 0.238408 0.201403 0.019022 0.019022
1 0.240361 0.179919 0.019022 0.019022
1 0.238408 0.162341 0.019022 0.019022
1 0.252080 0.222888 0.019022 0.019022
1 0.279424 0.205310 0.019022 0.019022
1 0.271611 0.224841 0.019022 0.019022
1 0.271611 0.238513 0.019022 0.019022
1 0.291142 0.238513 0.019022 0.019022
1 0.275517 0.265857 0.019022 0.019022
1 0.302861 0.213122 0.019022 0.019022
