1 0.445439 0.689685 0.019022 0.019022
1 0.443486 0.724841 0.019022 0.019022
1 0.418095 0.787341 0.019022 0.019022
1 0.422002 0.802966 0.019022 0.019022
1 0.390752 0.816638 0.019022 0.019022
1 0.384892 0.840075 0.019022 0.019022
1 0.386845 0.857653 0.019022 0.019022
1 0.357549 0.881091 0.019022 0.019022
1 0.359502 0.929919 0.019022 0.019022
1 0.357549 0.943591 0.019022 0.019022
1 0.416142 0.847888 0.019022 0.019022
1 0.468877 0.875232 0.019022 0.019022
1 0.461064 0.855700 0.019022 0.019022
1 0.418095 0.890857 0.019022 0.019022
1 0.464970 0.758044 0.019022 0.019022
1 0.513799 0.748278 0.019022 0.019022
1 0.490361 0.785388 0.019022 0.019022
1 0.496220 0.849841 0.019022 0.019022
1 0.496220 0.863513 0.019022 0.019022
1 0.500127 0.886950 0.019022 0.019022
1 0.459111 0.908435 0.019022 0.019022
1 0.388799 0.957263 0.019022 0.019022
1 0.357549 0.980700 0.019022 0.019022
1 0.408349 0.991314 0.017700 0.017700
1 0.445439 0.972888 0.019022 0.019022
1 0.449345 0.955310 0.019022 0.019022
1 0.511845 0.970935 0.019022 0.019022
1 0.496220 0.941638 0.019022 0.019022
1 0.640752 0.980700 0.019022 0.019022
1 0.646611 0.957263 0.019022 0.019022
1 0.668095 0.912341 0.019022 0.019022
1 0.644658 0.922107 0.019022 0.019022
1 0.543095 0.974841 0.019022 0.019022
1 0.543095 0.959216 0.019022 0.019022
1 0.537236 0.912341 0.019022 0.019022
1 0.537236 0.892810 0.019022 0.019022
1 0.545049 0.816638 0.019022 0.019022
1 0.568486 0.832263 0.019022 0.019022
1 0.800908 0.965075 0.019022 0.019022
1 0.777470 0.957263 0.019022 0.019022
1 0.763799 0.970935 0.019022 0.019022
1 0.746220 0.939685 0.019022 0.019022
1 0.763799 0.929919 0.019022 0.019022
1 0.757939 0.900622 0.019022 0.019022
1 0.738408 0.881091 0.019022 0.019022
1 0.714970 0.875232 0.019022 0.019022
1 0.695439 0.912341 0.019022 0.019022
1 0.709111 0.894763 0.019022 0.019022
1 0.677861 0.896716 0.019022 0.019022
1 0.629033 0.871325 0.019022 0.019022
1 0.646611 0.857653 0.019022 0.019022
1 0.951318 0.991314 0.017700 0.017700
1 0.941533 0.974841 0.019022 0.019022
1 0.916142 0.988513 0.019022 0.019022
1 0.902470 0.974841 0.019022 0.019022
1 0.859502 0.945544 0.019022 0.019022
1 0.853642 0.918200 0.019022 0.019022
1 0.822392 0.927966 0.019022 0.019022
1 0.795049 0.890857 0.019022 0.019022
1 0.828252 0.898669 0.019022 0.019022
1 0.863408 0.894763 0.019022 0.019022
1 0.843877 0.881091 0.019022 0.019022
1 0.523564 0.685778 0.019022 0.019022
1 0.564580 0.701403 0.019022 0.019022
1 0.578252 0.754138 0.019022 0.019022
1 0.617314 0.787341 0.019022 0.019022
1 0.591924 0.730700 0.019022 0.019022
1 0.591924 0.707263 0.019022 0.019022
1 0.589970 0.693591 0.019022 0.019022
1 0.623174 0.744372 0.019022 0.019022
1 0.670049 0.791247 0.019022 0.019022
1 0.656377 0.752185 0.019022 0.019022
1 0.677861 0.758044 0.019022 0.019022
1 0.679814 0.736560 0.019022 0.019022
1 0.660283 0.718982 0.019022 0.019022
1 0.630986 0.707263 0.019022 0.019022
1 0.607549 0.654528 0.019022 0.019022
1 0.584111 0.633044 0.019022 0.019022
1 0.568486 0.625232 0.019022 0.019022
1 0.564580 0.607653 0.019022 0.019022
1 0.609502 0.601794 0.019022 0.019022
1 0.630986 0.601794 0.019022 0.019022
1 0.673955 0.646716 0.019022 0.019022
1 0.668095 0.629138 0.019022 0.019022
1 0.761845 0.845935 0.019022 0.019022
1 0.757939 0.861560 0.019022 0.019022
1 0.750127 0.816638 0.019022 0.019022
1 0.836064 0.836169 0.019022 0.019022
1 0.787236 0.832263 0.019022 0.019022
1 0.765752 0.785388 0.019022 0.019022
1 0.929814 0.939685 0.019022 0.019022
1 0.916142 0.914294 0.019022 0.019022
1 0.978642 0.873278 0.019022 0.019022
1 0.951299 0.867419 0.019022 0.019022
1 0.949345 0.851794 0.019022 0.019022
1 0.966924 0.832263 0.019022 0.019022
1 0.972783 0.810778 0.019022 0.019022
1 0.939580 0.802966 0.019022 0.019022
1 0.937627 0.789294 0.019022 0.019022
1 0.865361 0.812732 0.019022 0.019022
1 0.839970 0.789294 0.019022 0.019022
1 0.634892 0.576403 0.019022 0.019022
1 0.666142 0.597888 0.019022 0.019022
1 0.644658 0.543200 0.019022 0.019022
1 0.640752 0.494372 0.019022 0.019022
1 0.658330 0.504138 0.019022 0.019022
1 0.691533 0.506091 0.019022 0.019022
1 0.699345 0.537341 0.019022 0.019022
1 0.713017 0.617419 0.019022 0.019022
1 0.722783 0.568591 0.019022 0.019022
1 0.740361 0.705310 0.019022 0.019022
1 0.754033 0.677966 0.019022 0.019022
1 0.757939 0.648669 0.019022 0.019022
1 0.759892 0.621325 0.019022 0.019022
1 0.746220 0.545153 0.019022 0.019022
1 0.789189 0.691638 0.019022 0.019022
1 0.795049 0.771716 0.019022 0.019022
1 0.886845 0.758044 0.019022 0.019022
1 0.804814 0.734607 0.019022 0.019022
1 0.812627 0.705310 0.019022 0.019022
1 0.847783 0.677966 0.019022 0.019022
1 0.841924 0.644763 0.019022 0.019022
1 0.863408 0.656482 0.019022 0.019022
1 0.871220 0.681872 0.019022 0.019022
1 0.912236 0.683825 0.019022 0.019022
1 0.935674 0.752185 0.019022 0.019022
1 0.933720 0.736560 0.019022 0.019022
1 0.947392 0.744372 0.019022 0.019022
1 0.961064 0.767810 0.019022 0.019022
1 0.982549 0.752185 0.019022 0.019022
1 0.964970 0.720935 0.019022 0.019022
1 0.986455 0.707263 0.019022 0.019022
1 0.908330 0.605700 0.019022 0.019022
1 0.818486 0.498278 0.019022 0.019022
1 0.869267 0.576403 0.019022 0.019022
1 0.970830 0.677966 0.019022 0.019022
1 0.947392 0.644763 0.019022 0.019022
1 0.959111 0.617419 0.019022 0.019022
1 0.978642 0.633044 0.019022 0.019022
1 0.988408 0.613513 0.019022 0.019022
1 0.978642 0.588122 0.019022 0.019022
1 0.957158 0.578357 0.019022 0.019022
1 0.916142 0.539294 0.019022 0.019022
1 0.925908 0.515857 0.019022 0.019022
1 0.800908 0.445544 0.019022 0.019022
1 0.783330 0.420153 0.019022 0.019022
1 0.765752 0.474841 0.019022 0.019022
1 0.765752 0.457263 0.019022 0.019022
1 0.738408 0.453357 0.019022 0.019022
1 0.730595 0.429919 0.019022 0.019022
1 0.711064 0.418200 0.019022 0.019022
1 0.740361 0.408435 0.019022 0.019022
1 0.769658 0.398669 0.019022 0.019022
1 0.826299 0.439685 0.019022 0.019022
1 0.853642 0.443591 0.019022 0.019022
1 0.855595 0.429919 0.019022 0.019022
1 0.841924 0.431872 0.019022 0.019022
1 0.871220 0.500232 0.019022 0.019022
1 0.879033 0.480700 0.019022 0.019022
1 0.884892 0.457263 0.019022 0.019022
1 0.906377 0.500232 0.019022 0.019022
1 0.927861 0.486560 0.019022 0.019022
1 0.972783 0.470935 0.019022 0.019022
1 0.947392 0.433825 0.019022 0.019022
1 0.838017 0.412341 0.019022 0.019022
1 0.742314 0.383044 0.019022 0.019022
1 0.642705 0.398669 0.019022 0.019022
1 0.627080 0.377185 0.019022 0.019022
1 0.648564 0.363513 0.019022 0.019022
1 0.558720 0.375232 0.019022 0.019022
1 0.515752 0.412341 0.019022 0.019022
1 0.480595 0.406482 0.019022 0.019022
1 0.502080 0.383044 0.019022 0.019022
1 0.482549 0.375232 0.019022 0.019022
1 0.464970 0.377185 0.019022 0.019022
1 0.459111 0.390857 0.019022 0.019022
1 0.425908 0.388903 0.019022 0.019022
1 0.433720 0.373278 0.019022 0.019022
1 0.418095 0.351794 0.019022 0.019022
1 0.373174 0.361560 0.019022 0.019022
1 0.369267 0.340075 0.019022 0.019022
1 0.474736 0.340075 0.019022 0.019022
1 0.484502 0.320544 0.019022 0.019022
1 0.570439 0.312732 0.019022 0.019022
1 0.595830 0.316638 0.019022 0.019022
1 0.970830 0.410388 0.019022 0.019022
1 0.951299 0.396716 0.019022 0.019022
1 0.925908 0.404528 0.019022 0.019022
1 0.902470 0.386950 0.019022 0.019022
1 0.877080 0.377185 0.019022 0.019022
1 0.834111 0.361560 0.019022 0.019022
1 0.752080 0.328357 0.019022 0.019022
1 0.722783 0.318591 0.019022 0.019022
1 0.709111 0.334216 0.019022 0.019022
1 0.675908 0.332263 0.019022 0.019022
1 0.673955 0.297107 0.019022 0.019022
1 0.705205 0.285388 0.019022 0.019022
1 0.720830 0.289294 0.019022 0.019022
1 0.740361 0.273669 0.019022 0.019022
1 0.744267 0.256091 0.019022 0.019022
1 0.730595 0.250232 0.019022 0.019022
1 0.730595 0.230700 0.019022 0.019022
1 0.804814 0.308825 0.019022 0.019022
1 0.863408 0.320544 0.019022 0.019022
1 0.976689 0.304919 0.019022 0.019022
1 0.947392 0.306872 0.019022 0.019022
1 0.849736 0.265857 0.019022 0.019022
1 0.910283 0.261950 0.019022 0.019022
1 0.914189 0.248278 0.019022 0.019022
1 0.937627 0.254138 0.019022 0.019022
1 0.993126 0.244428 0.015028 0.015028
1 0.976689 0.217028 0.019022 0.019022
1 0.992123 0.095944 0.016418 0.016418
1 0.984502 0.068591 0.019022 0.019022
1 0.964970 0.054919 0.019022 0.019022
1 0.974736 0.035388 0.019022 0.019022
1 0.992123 0.010006 0.016418 0.016418
1 0.978642 0.111560 0.019022 0.019022
1 0.961064 0.119372 0.019022 0.019022
1 0.963017 0.131091 0.019022 0.019022
1 0.900517 0.119372 0.019022 0.019022
1 0.884892 0.082263 0.019022 0.019022
1 0.900517 0.068591 0.019022 0.019022
1 0.892705 0.039294 0.019022 0.019022
1 0.879033 0.056872 0.019022 0.019022
1 0.879033 0.041247 0.019022 0.019022
1 0.879033 0.220935 0.019022 0.019022
1 0.861455 0.199450 0.019022 0.019022
1 0.861455 0.176013 0.019022 0.019022
1 0.798955 0.209216 0.019022 0.019022
1 0.775517 0.203357 0.019022 0.019022
1 0.757939 0.177966 0.019022 0.019022
1 0.791142 0.142810 0.019022 0.019022
1 0.761845 0.127185 0.019022 0.019022
1 0.787236 0.105700 0.019022 0.019022
1 0.781377 0.078357 0.019022 0.019022
1 0.783330 0.021716 0.019022 0.019022
1 0.769658 0.031482 0.019022 0.019022
1 0.736455 0.064685 0.019022 0.019022
1 0.730595 0.088122 0.019022 0.019022
1 0.703252 0.123278 0.019022 0.019022
1 0.675908 0.156482 0.019022 0.019022
1 0.658330 0.162341 0.019022 0.019022
1 0.613408 0.172107 0.019022 0.019022
1 0.660283 0.205310 0.019022 0.019022
1 0.652470 0.240466 0.019022 0.019022
1 0.615361 0.259997 0.019022 0.019022
1 0.582158 0.244372 0.019022 0.019022
1 0.586064 0.222888 0.019022 0.019022
1 0.570439 0.205310 0.019022 0.019022
1 0.584111 0.189685 0.019022 0.019022
1 0.623174 0.138903 0.019022 0.019022
1 0.675908 0.109607 0.019022 0.019022
1 0.699345 0.088122 0.019022 0.019022
1 0.687500 0.007092 0.017904 0.017904
1 0.656377 0.023669 0.019022 0.019022
1 0.634892 0.025622 0.019022 0.019022
1 0.586064 0.154528 0.019022 0.019022
1 0.617314 0.072497 0.019022 0.019022
1 0.556641 0.008276 0.018830 0.018830
1 0.568486 0.052966 0.019022 0.019022
1 0.529424 0.033435 0.019022 0.019022
1 0.507939 0.052966 0.019022 0.019022
1 0.500127 0.062732 0.019022 0.019022
1 0.507939 0.092028 0.019022 0.019022
1 0.474736 0.125232 0.019022 0.019022
1 0.494267 0.115466 0.019022 0.019022
1 0.482549 0.090075 0.019022 0.019022
1 0.478642 0.070544 0.019022 0.019022
1 0.470830 0.009997 0.019022 0.019022
1 0.449345 0.054919 0.019022 0.019022
1 0.554814 0.242419 0.019022 0.019022
1 0.541142 0.218982 0.019022 0.019022
1 0.515752 0.279528 0.019022 0.019022
1 0.484502 0.217028 0.019022 0.019022
1 0.459111 0.277575 0.019022 0.019022
1 0.445439 0.281482 0.019022 0.019022
1 0.427861 0.281482 0.019022 0.019022
1 0.437627 0.248278 0.019022 0.019022
1 0.423955 0.230700 0.019022 0.019022
1 0.422002 0.185778 0.019022 0.019022
1 0.361455 0.267810 0.019022 0.019022
1 0.371220 0.211169 0.019022 0.019022
1 0.343877 0.213122 0.019022 0.019022
1 0.316533 0.222888 0.019022 0.019022
1 0.275517 0.285388 0.019022 0.019022
1 0.263799 0.295153 0.019022 0.019022
1 0.261845 0.279528 0.019022 0.019022
1 0.269658 0.240466 0.019022 0.019022
1 0.201299 0.281482 0.019022 0.019022
1 0.214970 0.295153 0.019022 0.019022
1 0.209111 0.312732 0.019022 0.019022
1 0.119267 0.398669 0.019022 0.019022
1 0.068486 0.406482 0.019022 0.019022
1 0.066533 0.375232 0.019022 0.019022
1 0.091924 0.347888 0.019022 0.019022
1 0.007126 0.326232 0.017768 0.017768
1 0.017705 0.332263 0.019022 0.019022
1 0.068486 0.304919 0.019022 0.019022
1 0.144658 0.306872 0.019022 0.019022
1 0.162236 0.269763 0.019022 0.019022
1 0.183720 0.232653 0.019022 0.019022
1 0.187627 0.209216 0.019022 0.019022
1 0.080205 0.234607 0.019022 0.019022
1 0.082158 0.215075 0.019022 0.019022
1 0.111455 0.201403 0.019022 0.019022
1 0.142705 0.187732 0.019022 0.019022
1 0.150517 0.170153 0.019022 0.019022
1 0.158330 0.162341 0.019022 0.019022
1 0.244267 0.197497 0.019022 0.019022
1 0.265752 0.203357 0.019022 0.019022
1 0.271611 0.193591 0.019022 0.019022
1 0.304814 0.174060 0.019022 0.019022
1 0.273564 0.156482 0.019022 0.019022
1 0.322392 0.119372 0.019022 0.019022
1 0.265752 0.127185 0.019022 0.019022
1 0.382939 0.054919 0.019022 0.019022
1 0.351689 0.058825 0.019022 0.019022
1 0.322392 0.035388 0.019022 0.019022
1 0.285283 0.060778 0.019022 0.019022
1 0.248047 0.007092 0.017904 0.017904
1 0.232549 0.049060 0.019022 0.019022
1 0.211064 0.062732 0.019022 0.019022
1 0.203252 0.049060 0.019022 0.019022
1 0.168095 0.058825 0.019022 0.019022
1 0.150517 0.052966 0.019022 0.019022
1 0.127080 0.011950 0.019022 0.019022
1 0.175908 0.154528 0.019022 0.019022
1 0.150517 0.109607 0.019022 0.019022
1 0.048955 0.148669 0.019022 0.019022
1 0.060674 0.174060 0.019022 0.019022
1 0.029424 0.195544 0.019022 0.019022
1 0.023564 0.164294 0.019022 0.019022
1 0.015752 0.154528 0.019022 0.019022
1 0.008386 0.132964 0.018570 0.018570
1 0.008386 0.093901 0.018570 0.018570
1 0.099736 0.097888 0.019022 0.019022
1 0.056767 0.072497 0.019022 0.019022
1 0.009892 0.037341 0.019022 0.019022
1 0.140752 0.349841 0.019022 0.019022
1 0.199345 0.736560 0.019022 0.019022
1 0.183720 0.742419 0.019022 0.019022
1 0.232549 0.806872 0.019022 0.019022
1 0.211064 0.773669 0.019022 0.019022
1 0.107549 0.779528 0.019022 0.019022
1 0.054814 0.812732 0.019022 0.019022
1 0.148564 0.937732 0.019022 0.019022
1 0.166142 0.898669 0.019022 0.019022
1 0.084116 0.990111 0.018635 0.018635
1 0.101689 0.933825 0.019022 0.019022
1 0.072392 0.926013 0.019022 0.019022
1 0.070439 0.947497 0.019022 0.019022
1 0.035283 0.974841 0.019022 0.019022
1 0.039233 0.992340 0.016418 0.016418
1 0.011845 0.943591 0.019022 0.019022
1 0.007126 0.923888 0.017768 0.017768
1 0.027470 0.900622 0.019022 0.019022
1 0.047002 0.918200 0.019022 0.019022
1 0.422002 0.699450 0.019022 0.019022
1 0.398564 0.724841 0.019022 0.019022
1 0.379033 0.752185 0.019022 0.019022
1 0.365361 0.752185 0.019022 0.019022
1 0.343877 0.740466 0.019022 0.019022
1 0.345830 0.797107 0.019022 0.019022
1 0.332158 0.838122 0.019022 0.019022
1 0.336064 0.865466 0.019022 0.019022
1 0.318486 0.869372 0.019022 0.019022
1 0.259892 0.933825 0.019022 0.019022
1 0.242314 0.902575 0.019022 0.019022
1 0.267705 0.873278 0.019022 0.019022
1 0.263799 0.845935 0.019022 0.019022
1 0.259892 0.814685 0.019022 0.019022
1 0.269658 0.826403 0.019022 0.019022
1 0.314580 0.738513 0.019022 0.019022
1 0.295049 0.730700 0.019022 0.019022
1 0.273564 0.718982 0.019022 0.019022
1 0.298955 0.674060 0.019022 0.019022
1 0.304814 0.650622 0.019022 0.019022
1 0.332158 0.685778 0.019022 0.019022
1 0.338017 0.701403 0.019022 0.019022
1 0.359502 0.711169 0.019022 0.019022
1 0.384892 0.703357 0.019022 0.019022
1 0.382939 0.644763 0.019022 0.019022
1 0.394658 0.658435 0.019022 0.019022
1 0.418095 0.623278 0.019022 0.019022
1 0.453252 0.625232 0.019022 0.019022
1 0.474736 0.613513 0.019022 0.019022
1 0.379033 0.619372 0.019022 0.019022
1 0.324345 0.613513 0.019022 0.019022
1 0.173955 0.972888 0.019022 0.019022
1 0.179814 0.945544 0.019022 0.019022
1 0.140752 0.976794 0.019022 0.019022
1 0.121220 0.974841 0.019022 0.019022
1 0.134892 0.929919 0.019022 0.019022
1 0.146611 0.888903 0.019022 0.019022
1 0.144658 0.873278 0.019022 0.019022
1 0.175908 0.843982 0.019022 0.019022
1 0.146611 0.836169 0.019022 0.019022
1 0.129033 0.832263 0.019022 0.019022
1 0.119267 0.812732 0.019022 0.019022
1 0.099736 0.834216 0.019022 0.019022
1 0.086064 0.863513 0.019022 0.019022
1 0.076299 0.888903 0.019022 0.019022
1 0.107549 0.900622 0.019022 0.019022
