1 0.234502 0.711169 0.019022 0.019022
1 0.470830 0.400622 0.019022 0.019022
1 0.505986 0.426013 0.019022 0.019022
1 0.521611 0.441638 0.019022 0.019022
1 0.547002 0.353747 0.019022 0.019022
1 0.572392 0.367419 0.019022 0.019022
1 0.601689 0.326403 0.019022 0.019022
1 0.617314 0.338122 0.019022 0.019022
1 0.623174 0.373278 0.019022 0.019022
1 0.644658 0.293200 0.019022 0.019022
1 0.591924 0.306872 0.019022 0.019022
1 0.517705 0.279528 0.019022 0.019022
1 0.490361 0.312732 0.019022 0.019022
1 0.470830 0.281482 0.019022 0.019022
1 0.431767 0.297107 0.019022 0.019022
1 0.379033 0.326403 0.019022 0.019022
1 0.367314 0.361560 0.019022 0.019022
1 0.326299 0.369372 0.019022 0.019022
1 0.349736 0.439685 0.019022 0.019022
1 0.380986 0.574450 0.019022 0.019022
1 0.398564 0.627185 0.019022 0.019022
1 0.517705 0.599841 0.019022 0.019022
1 0.402470 0.709216 0.019022 0.019022
1 0.558720 0.578357 0.019022 0.019022
1 0.654424 0.551013 0.019022 0.019022
1 0.662236 0.533435 0.019022 0.019022
1 0.724736 0.543200 0.019022 0.019022
1 0.701299 0.439685 0.019022 0.019022
1 0.677861 0.406482 0.019022 0.019022
1 0.763799 0.447497 0.019022 0.019022
1 0.800908 0.455310 0.019022 0.019022
1 0.820439 0.509997 0.019022 0.019022
1 0.847783 0.613513 0.019022 0.019022
1 0.648564 0.488513 0.019022 0.019022
1 0.978642 0.592028 0.019022 0.019022
1 0.993126 0.513959 0.015028 0.015028
1 0.984502 0.304919 0.019022 0.019022
1 0.992123 0.285397 0.016418 0.016418
1 0.970830 0.228747 0.019022 0.019022
1 0.963017 0.211169 0.019022 0.019022
1 0.941533 0.138903 0.019022 0.019022
1 0.959111 0.129138 0.019022 0.019022
1 0.935674 0.101794 0.019022 0.019022
1 0.991039 0.125210 0.017562 0.017562
1 0.882939 0.291247 0.019022 0.019022
1 0.894658 0.308825 0.019022 0.019022
1 0.892705 0.343982 0.019022 0.019022
1 0.863408 0.322497 0.019022 0.019022
1 0.775517 0.301013 0.019022 0.019022
1 0.666142 0.224841 0.019022 0.019022
1 0.578252 0.177966 0.019022 0.019022
1 0.556767 0.168200 0.019022 0.019022
1 0.550908 0.068591 0.019022 0.019022
1 0.668095 0.068591 0.019022 0.019022
1 0.701299 0.084216 0.019022 0.019022
1 0.843877 0.142810 0.019022 0.019022
1 0.843877 0.121325 0.019022 0.019022
1 0.839970 0.183825 0.019022 0.019022
1 0.455078 0.005983 0.016784 0.016784
1 0.320439 0.041247 0.019022 0.019022
1 0.347783 0.045153 0.019022 0.019022
1 0.336064 0.129138 0.019022 0.019022
1 0.310674 0.179919 0.019022 0.019022
1 0.326299 0.218982 0.019022 0.019022
1 0.267705 0.142810 0.019022 0.019022
1 0.289189 0.125232 0.019022 0.019022
1 0.267705 0.224841 0.019022 0.019022
1 0.224736 0.189685 0.019022 0.019022
1 0.199345 0.222888 0.019022 0.019022
1 0.154424 0.230700 0.019022 0.019022
1 0.554814 0.607653 0.019022 0.019022
1 0.236455 0.312732 0.019022 0.019022
1 0.152470 0.383044 0.019022 0.019022
1 0.183720 0.443591 0.019022 0.019022
1 0.211064 0.426013 0.019022 0.019022
1 0.252080 0.455310 0.019022 0.019022
1 0.306767 0.601794 0.019022 0.019022
1 0.185674 0.554919 0.019022 0.019022
1 0.172002 0.525622 0.019022 0.019022
1 0.084111 0.625232 0.019022 0.019022
1 0.007126 0.619201 0.017768 0.017768
1 0.029424 0.474841 0.019022 0.019022
1 0.027470 0.414294 0.019022 0.019022
1 0.093877 0.254138 0.019022 0.019022
1 0.107549 0.238513 0.019022 0.019022
1 0.099736 0.195544 0.019022 0.019022
1 0.084111 0.195544 0.019022 0.019022
1 0.066533 0.138903 0.019022 0.019022
1 0.009892 0.183825 0.019022 0.019022
1 0.127080 0.080310 0.019022 0.019022
1 0.181767 0.058825 0.019022 0.019022
1 0.306641 0.008276 0.018830 0.018830
1 0.332158 0.638903 0.019022 0.019022
1 0.638799 0.677966 0.019022 0.019022
1 0.589970 0.699450 0.019022 0.019022
1 0.562627 0.676013 0.019022 0.019022
1 0.547002 0.683825 0.019022 0.019022
1 0.519658 0.674060 0.019022 0.019022
1 0.478642 0.724841 0.019022 0.019022
1 0.548955 0.744372 0.019022 0.019022
1 0.566533 0.779528 0.019022 0.019022
1 0.652470 0.754138 0.019022 0.019022
1 0.750127 0.724841 0.019022 0.019022
1 0.775517 0.717028 0.019022 0.019022
1 0.925908 0.677966 0.019022 0.019022
1 0.955205 0.713122 0.019022 0.019022
1 0.824345 0.801013 0.019022 0.019022
1 0.828252 0.820544 0.019022 0.019022
1 0.781377 0.771716 0.019022 0.019022
1 0.773564 0.804919 0.019022 0.019022
1 0.779424 0.824450 0.019022 0.019022
1 0.748174 0.814685 0.019022 0.019022
1 0.728642 0.769763 0.019022 0.019022
1 0.718877 0.791247 0.019022 0.019022
1 0.914189 0.826403 0.019022 0.019022
1 0.902470 0.851794 0.019022 0.019022
1 0.916142 0.920153 0.019022 0.019022
1 0.939580 0.918200 0.019022 0.019022
1 0.984502 0.916247 0.019022 0.019022
1 0.863408 0.970935 0.019022 0.019022
1 0.832158 0.957263 0.019022 0.019022
1 0.798955 0.972888 0.019022 0.019022
1 0.785283 0.957263 0.019022 0.019022
1 0.769658 0.875232 0.019022 0.019022
1 0.711064 0.908435 0.019022 0.019022
1 0.763799 0.988513 0.019022 0.019022
1 0.652470 0.855700 0.019022 0.019022
1 0.601689 0.808825 0.019022 0.019022
1 0.630986 0.929919 0.019022 0.019022
1 0.597783 0.957263 0.019022 0.019022
1 0.619267 0.982653 0.019022 0.019022
1 0.654424 0.976794 0.019022 0.019022
1 0.494267 0.824450 0.019022 0.019022
1 0.500127 0.797107 0.019022 0.019022
1 0.437627 0.957263 0.019022 0.019022
1 0.494267 0.865466 0.019022 0.019022
1 0.382939 0.941638 0.019022 0.019022
1 0.377080 0.824450 0.019022 0.019022
1 0.349736 0.744372 0.019022 0.019022
1 0.349736 0.720935 0.019022 0.019022
1 0.302861 0.717028 0.019022 0.019022
1 0.283330 0.758044 0.019022 0.019022
1 0.312627 0.836169 0.019022 0.019022
1 0.232549 0.801013 0.019022 0.019022
1 0.220830 0.867419 0.019022 0.019022
1 0.207158 0.883044 0.019022 0.019022
1 0.187627 0.927966 0.019022 0.019022
1 0.134892 0.945544 0.019022 0.019022
1 0.052861 0.949450 0.019022 0.019022
1 0.039189 0.949450 0.019022 0.019022
1 0.011845 0.968982 0.019022 0.019022
1 0.045049 0.918200 0.019022 0.019022
1 0.039189 0.855700 0.019022 0.019022
1 0.008386 0.773589 0.018570 0.018570
1 0.031377 0.711169 0.019022 0.019022
1 0.091924 0.754138 0.019022 0.019022
1 0.086064 0.791247 0.019022 0.019022
1 0.121220 0.808825 0.019022 0.019022
1 0.185674 0.734607 0.019022 0.019022
1 0.117314 0.724841 0.019022 0.019022
1 0.164189 0.689685 0.019022 0.019022
1 0.193486 0.660388 0.019022 0.019022
1 0.236455 0.640857 0.019022 0.019022
1 0.298955 0.650622 0.019022 0.019022
