1 0.277344 0.470703 0.022475 0.022475
1 0.048828 0.004745 0.015892 0.015892
1 0.033203 0.011719 0.022475 0.022475
1 0.046875 0.029297 0.022475 0.022475
1 0.025391 0.039062 0.022475 0.022475
1 0.031250 0.056641 0.022475 0.022475
1 0.011719 0.066406 0.022475 0.022475
1 0.005625 0.107422 0.017631 0.017631
1 0.019531 0.093750 0.022475 0.022475
1 0.027344 0.080078 0.022475 0.022475
1 0.046875 0.085938 0.022475 0.022475
1 0.050781 0.105469 0.022475 0.022475
1 0.062500 0.119141 0.022475 0.022475
1 0.041016 0.121094 0.022475 0.022475
1 0.027344 0.130859 0.022475 0.022475
1 0.006615 0.130859 0.019086 0.019086
1 0.005625 0.156250 0.017631 0.017631
1 0.019531 0.154297 0.022475 0.022475
1 0.035156 0.152344 0.022475 0.022475
1 0.031250 0.173828 0.022475 0.022475
1 0.006615 0.212891 0.019086 0.019086
1 0.023438 0.214844 0.022475 0.022475
1 0.041016 0.228516 0.022475 0.022475
1 0.056641 0.224609 0.022475 0.022475
1 0.064453 0.207031 0.022475 0.022475
1 0.050781 0.207031 0.022475 0.022475
1 0.042969 0.187500 0.022475 0.022475
1 0.052734 0.179688 0.022475 0.022475
1 0.076172 0.167969 0.022475 0.022475
1 0.058594 0.146484 0.022475 0.022475
1 0.070312 0.144531 0.022475 0.022475
1 0.074219 0.105469 0.022475 0.022475
1 0.066406 0.080078 0.022475 0.022475
1 0.058594 0.035156 0.022475 0.022475
1 0.072266 0.025391 0.022475 0.022475
1 0.087891 0.013672 0.022475 0.022475
1 0.058594 0.010081 0.022149 0.022149
1 0.027344 0.251953 0.022475 0.022475
1 0.050781 0.251953 0.022475 0.022475
1 0.021484 0.287109 0.022475 0.022475
1 0.004745 0.308594 0.015892 0.015892
1 0.010081 0.316406 0.022149 0.022149
1 0.011719 0.330078 0.022475 0.022475
1 0.025391 0.308594 0.022475 0.022475
1 0.050781 0.316406 0.022475 0.022475
1 0.083984 0.322266 0.022475 0.022475
1 0.074219 0.308594 0.022475 0.022475
1 0.060547 0.294922 0.022475 0.022475
1 0.050781 0.279297 0.022475 0.022475
1 0.072266 0.273438 0.022475 0.022475
1 0.093750 0.287109 0.022475 0.022475
1 0.101562 0.275391 0.022475 0.022475
1 0.089844 0.261719 0.022475 0.022475
1 0.070312 0.251953 0.022475 0.022475
1 0.076172 0.238281 0.022475 0.022475
1 0.078125 0.222656 0.022475 0.022475
1 0.085938 0.230469 0.022475 0.022475
1 0.103516 0.246094 0.022475 0.022475
1 0.119141 0.253906 0.022475 0.022475
1 0.123047 0.224609 0.022475 0.022475
1 0.142578 0.228516 0.022475 0.022475
1 0.140625 0.201172 0.022475 0.022475
1 0.113281 0.191406 0.022475 0.022475
1 0.093750 0.181641 0.022475 0.022475
1 0.085938 0.199219 0.022475 0.022475
1 0.103516 0.169922 0.022475 0.022475
1 0.105469 0.150391 0.022475 0.022475
1 0.093750 0.138672 0.022475 0.022475
1 0.125000 0.146484 0.022475 0.022475
1 0.146484 0.142578 0.022475 0.022475
1 0.128906 0.167969 0.022475 0.022475
1 0.150391 0.179688 0.022475 0.022475
1 0.156250 0.158203 0.022475 0.022475
1 0.177734 0.142578 0.022475 0.022475
1 0.175781 0.169922 0.022475 0.022475
1 0.171875 0.179688 0.022475 0.022475
1 0.193359 0.181641 0.022475 0.022475
1 0.111328 0.125000 0.022475 0.022475
1 0.132812 0.109375 0.022475 0.022475
1 0.101562 0.107422 0.022475 0.022475
1 0.082031 0.091797 0.022475 0.022475
1 0.083984 0.076172 0.022475 0.022475
1 0.078125 0.054688 0.022475 0.022475
1 0.093750 0.033203 0.022475 0.022475
1 0.101562 0.062500 0.022475 0.022475
1 0.113281 0.052734 0.022475 0.022475
1 0.119141 0.087891 0.022475 0.022475
1 0.125000 0.008803 0.021367 0.021367
1 0.146484 0.010081 0.022149 0.022149
1 0.167969 0.008803 0.021367 0.021367
1 0.138672 0.031250 0.022475 0.022475
1 0.164062 0.054688 0.022475 0.022475
1 0.189453 0.031250 0.022475 0.022475
1 0.201172 0.019531 0.022475 0.022475
1 0.238281 0.005625 0.017631 0.017631
1 0.255859 0.005625 0.017631 0.017631
1 0.246094 0.017578 0.022475 0.022475
1 0.251953 0.033203 0.022475 0.022475
1 0.271484 0.013672 0.022475 0.022475
1 0.277344 0.033203 0.022475 0.022475
1 0.296875 0.039062 0.022475 0.022475
1 0.316406 0.021484 0.022475 0.022475
1 0.357422 0.005625 0.017631 0.017631
1 0.361328 0.021484 0.022475 0.022475
1 0.375000 0.005625 0.017631 0.017631
1 0.410156 0.007675 0.020319 0.020319
1 0.458984 0.005625 0.017631 0.017631
1 0.500000 0.005625 0.017631 0.017631
1 0.488281 0.013672 0.022475 0.022475
1 0.507812 0.023438 0.022475 0.022475
1 0.541016 0.008803 0.021367 0.021367
1 0.560547 0.019531 0.022475 0.022475
1 0.580078 0.010081 0.022149 0.022149
1 0.601562 0.008803 0.021367 0.021367
1 0.605469 0.023438 0.022475 0.022475
1 0.589844 0.031250 0.022475 0.022475
1 0.623047 0.007675 0.020319 0.020319
1 0.632812 0.021484 0.022475 0.022475
1 0.646484 0.017578 0.022475 0.022475
1 0.664062 0.011719 0.022475 0.022475
1 0.687500 0.007675 0.020319 0.020319
1 0.699219 0.019531 0.022475 0.022475
1 0.697266 0.035156 0.022475 0.022475
1 0.689453 0.054688 0.022475 0.022475
1 0.666016 0.042969 0.022475 0.022475
1 0.646484 0.048828 0.022475 0.022475
1 0.619141 0.041016 0.022475 0.022475
1 0.580078 0.052734 0.022475 0.022475
1 0.554688 0.046875 0.022475 0.022475
1 0.527344 0.042969 0.022475 0.022475
1 0.511719 0.052734 0.022475 0.022475
1 0.496094 0.054688 0.022475 0.022475
1 0.490234 0.035156 0.022475 0.022475
1 0.488281 0.070312 0.022475 0.022475
1 0.505859 0.074219 0.022475 0.022475
1 0.521484 0.074219 0.022475 0.022475
1 0.107422 0.335938 0.022475 0.022475
1 0.119141 0.320312 0.022475 0.022475
1 0.132812 0.306641 0.022475 0.022475
1 0.148438 0.324219 0.022475 0.022475
1 0.158203 0.306641 0.022475 0.022475
1 0.185547 0.326172 0.022475 0.022475
1 0.201172 0.308594 0.022475 0.022475
1 0.185547 0.302734 0.022475 0.022475
1 0.164062 0.273438 0.022475 0.022475
1 0.162109 0.261719 0.022475 0.022475
1 0.187500 0.267578 0.022475 0.022475
1 0.216797 0.269531 0.022475 0.022475
1 0.175781 0.244141 0.022475 0.022475
1 0.191406 0.238281 0.022475 0.022475
1 0.177734 0.224609 0.022475 0.022475
1 0.207031 0.210938 0.022475 0.022475
1 0.222656 0.230469 0.022475 0.022475
1 0.210938 0.246094 0.022475 0.022475
1 0.232422 0.246094 0.022475 0.022475
1 0.150391 0.083984 0.022475 0.022475
1 0.169922 0.076172 0.022475 0.022475
1 0.164062 0.099609 0.022475 0.022475
1 0.179688 0.091797 0.022475 0.022475
1 0.197266 0.097656 0.022475 0.022475
1 0.183594 0.113281 0.022475 0.022475
1 0.205078 0.113281 0.022475 0.022475
1 0.218750 0.119141 0.022475 0.022475
1 0.203125 0.130859 0.022475 0.022475
1 0.210938 0.158203 0.022475 0.022475
1 0.191406 0.062500 0.022475 0.022475
1 0.201172 0.064453 0.022475 0.022475
1 0.212891 0.074219 0.022475 0.022475
1 0.218750 0.058594 0.022475 0.022475
1 0.232422 0.060547 0.022475 0.022475
1 0.224609 0.080078 0.022475 0.022475
1 0.253906 0.064453 0.022475 0.022475
1 0.326172 0.042969 0.022475 0.022475
1 0.339844 0.041016 0.022475 0.022475
1 0.306641 0.054688 0.022475 0.022475
1 0.294922 0.058594 0.022475 0.022475
1 0.271484 0.052734 0.022475 0.022475
1 0.273438 0.072266 0.022475 0.022475
1 0.251953 0.083984 0.022475 0.022475
1 0.216797 0.095703 0.022475 0.022475
1 0.244141 0.103516 0.022475 0.022475
1 0.226562 0.173828 0.022475 0.022475
1 0.242188 0.191406 0.022475 0.022475
1 0.259766 0.177734 0.022475 0.022475
1 0.279297 0.189453 0.022475 0.022475
1 0.238281 0.142578 0.022475 0.022475
1 0.253906 0.138672 0.022475 0.022475
1 0.273438 0.134766 0.022475 0.022475
1 0.296875 0.134766 0.022475 0.022475
1 0.265625 0.111328 0.022475 0.022475
1 0.277344 0.212891 0.022475 0.022475
1 0.279297 0.236328 0.022475 0.022475
1 0.285156 0.257812 0.022475 0.022475
1 0.244141 0.263672 0.022475 0.022475
1 0.238281 0.279297 0.022475 0.022475
1 0.255859 0.271484 0.022475 0.022475
1 0.267578 0.287109 0.022475 0.022475
1 0.269531 0.308594 0.022475 0.022475
1 0.257812 0.326172 0.022475 0.022475
1 0.244141 0.300781 0.022475 0.022475
1 0.226562 0.306641 0.022475 0.022475
1 0.285156 0.285156 0.022475 0.022475
1 0.298828 0.267578 0.022475 0.022475
1 0.314453 0.289062 0.022475 0.022475
1 0.294922 0.306641 0.022475 0.022475
1 0.285156 0.332031 0.022475 0.022475
1 0.285156 0.166016 0.022475 0.022475
1 0.300781 0.152344 0.022475 0.022475
1 0.292969 0.101562 0.022475 0.022475
1 0.316406 0.070312 0.022475 0.022475
1 0.316406 0.087891 0.022475 0.022475
1 0.333984 0.072266 0.022475 0.022475
1 0.353516 0.068359 0.022475 0.022475
1 0.316406 0.111328 0.022475 0.022475
1 0.339844 0.121094 0.022475 0.022475
1 0.339844 0.138672 0.022475 0.022475
1 0.369141 0.050781 0.022475 0.022475
1 0.398438 0.031250 0.022475 0.022475
1 0.408203 0.042969 0.022475 0.022475
1 0.388672 0.054688 0.022475 0.022475
1 0.425781 0.050781 0.022475 0.022475
1 0.433594 0.072266 0.022475 0.022475
1 0.419922 0.021484 0.022475 0.022475
1 0.439453 0.017578 0.022475 0.022475
1 0.460938 0.025391 0.022475 0.022475
1 0.404297 0.085938 0.022475 0.022475
1 0.466797 0.078125 0.022475 0.022475
1 0.386719 0.109375 0.022475 0.022475
1 0.314453 0.166016 0.022475 0.022475
1 0.318359 0.187500 0.022475 0.022475
1 0.312500 0.210938 0.022475 0.022475
1 0.302734 0.232422 0.022475 0.022475
1 0.320312 0.242188 0.022475 0.022475
1 0.335938 0.210938 0.022475 0.022475
1 0.355469 0.212891 0.022475 0.022475
1 0.353516 0.228516 0.022475 0.022475
1 0.343750 0.242188 0.022475 0.022475
1 0.337891 0.263672 0.022475 0.022475
1 0.341797 0.287109 0.022475 0.022475
1 0.341797 0.167969 0.022475 0.022475
1 0.367188 0.123047 0.022475 0.022475
1 0.384766 0.144531 0.022475 0.022475
1 0.384766 0.164062 0.022475 0.022475
1 0.373047 0.173828 0.022475 0.022475
1 0.367188 0.191406 0.022475 0.022475
1 0.392578 0.193359 0.022475 0.022475
1 0.417969 0.167969 0.022475 0.022475
1 0.429688 0.130859 0.022475 0.022475
1 0.431641 0.109375 0.022475 0.022475
1 0.394531 0.218750 0.022475 0.022475
1 0.382812 0.238281 0.022475 0.022475
1 0.386719 0.255859 0.022475 0.022475
1 0.365234 0.257812 0.022475 0.022475
1 0.367188 0.271484 0.022475 0.022475
1 0.365234 0.291016 0.022475 0.022475
1 0.378906 0.283203 0.022475 0.022475
1 0.392578 0.292969 0.022475 0.022475
1 0.361328 0.312500 0.022475 0.022475
1 0.341797 0.324219 0.022475 0.022475
1 0.357422 0.328125 0.022475 0.022475
1 0.388672 0.316406 0.022475 0.022475
1 0.423828 0.320312 0.022475 0.022475
1 0.443359 0.328125 0.022475 0.022475
1 0.470703 0.316406 0.022475 0.022475
1 0.416016 0.291016 0.022475 0.022475
1 0.437500 0.289062 0.022475 0.022475
1 0.445312 0.273438 0.022475 0.022475
1 0.400391 0.271484 0.022475 0.022475
1 0.417969 0.269531 0.022475 0.022475
1 0.416016 0.257812 0.022475 0.022475
1 0.421875 0.242188 0.022475 0.022475
1 0.421875 0.205078 0.022475 0.022475
1 0.437500 0.208984 0.022475 0.022475
1 0.439453 0.228516 0.022475 0.022475
1 0.451172 0.216797 0.022475 0.022475
1 0.458984 0.205078 0.022475 0.022475
1 0.457031 0.181641 0.022475 0.022475
1 0.464844 0.166016 0.022475 0.022475
1 0.486328 0.169922 0.022475 0.022475
1 0.486328 0.150391 0.022475 0.022475
1 0.466797 0.144531 0.022475 0.022475
1 0.484375 0.134766 0.022475 0.022475
1 0.501953 0.097656 0.022475 0.022475
1 0.511719 0.121094 0.022475 0.022475
1 0.523438 0.123047 0.022475 0.022475
1 0.521484 0.103516 0.022475 0.022475
1 0.529297 0.085938 0.022475 0.022475
1 0.541016 0.089844 0.022475 0.022475
1 0.554688 0.072266 0.022475 0.022475
1 0.576172 0.082031 0.022475 0.022475
1 0.599609 0.070312 0.022475 0.022475
1 0.628906 0.070312 0.022475 0.022475
1 0.664062 0.072266 0.022475 0.022475
1 0.699219 0.080078 0.022475 0.022475
1 0.642578 0.083984 0.022475 0.022475
1 0.642578 0.101562 0.022475 0.022475
1 0.617188 0.091797 0.022475 0.022475
1 0.601562 0.103516 0.022475 0.022475
1 0.593750 0.121094 0.022475 0.022475
1 0.607422 0.130859 0.022475 0.022475
1 0.564453 0.103516 0.022475 0.022475
1 0.574219 0.117188 0.022475 0.022475
1 0.550781 0.117188 0.022475 0.022475
1 0.558594 0.134766 0.022475 0.022475
1 0.542969 0.134766 0.022475 0.022475
1 0.525391 0.136719 0.022475 0.022475
1 0.548828 0.152344 0.022475 0.022475
1 0.507812 0.160156 0.022475 0.022475
1 0.529297 0.173828 0.022475 0.022475
1 0.564453 0.187500 0.022475 0.022475
1 0.585938 0.173828 0.022475 0.022475
1 0.582031 0.158203 0.022475 0.022475
1 0.623047 0.166016 0.022475 0.022475
1 0.626953 0.144531 0.022475 0.022475
1 0.650391 0.126953 0.022475 0.022475
1 0.646484 0.150391 0.022475 0.022475
1 0.480469 0.191406 0.022475 0.022475
1 0.498047 0.199219 0.022475 0.022475
1 0.521484 0.201172 0.022475 0.022475
1 0.498047 0.218750 0.022475 0.022475
1 0.474609 0.226562 0.022475 0.022475
1 0.460938 0.244141 0.022475 0.022475
1 0.484375 0.240234 0.022475 0.022475
1 0.482422 0.259766 0.022475 0.022475
1 0.501953 0.250000 0.022475 0.022475
1 0.515625 0.302734 0.022475 0.022475
1 0.521484 0.326172 0.022475 0.022475
1 0.533203 0.285156 0.022475 0.022475
1 0.525391 0.263672 0.022475 0.022475
1 0.539062 0.255859 0.022475 0.022475
1 0.515625 0.234375 0.022475 0.022475
1 0.535156 0.222656 0.022475 0.022475
1 0.552734 0.242188 0.022475 0.022475
1 0.560547 0.212891 0.022475 0.022475
1 0.574219 0.246094 0.022475 0.022475
1 0.556641 0.281250 0.022475 0.022475
1 0.583984 0.214844 0.022475 0.022475
1 0.603516 0.214844 0.022475 0.022475
1 0.605469 0.193359 0.022475 0.022475
1 0.638672 0.187500 0.022475 0.022475
1 0.628906 0.222656 0.022475 0.022475
1 0.640625 0.248047 0.022475 0.022475
1 0.628906 0.263672 0.022475 0.022475
1 0.654297 0.277344 0.022475 0.022475
1 0.580078 0.271484 0.022475 0.022475
1 0.570312 0.298828 0.022475 0.022475
1 0.605469 0.285156 0.022475 0.022475
1 0.591797 0.320312 0.022475 0.022475
1 0.626953 0.312500 0.022475 0.022475
1 0.646484 0.328125 0.022475 0.022475
1 0.664062 0.099609 0.022475 0.022475
1 0.714844 0.017578 0.022475 0.022475
1 0.734375 0.019531 0.022475 0.022475
1 0.734375 0.007675 0.020319 0.020319
1 0.771484 0.006615 0.019086 0.019086
1 0.757812 0.017578 0.022475 0.022475
1 0.771484 0.025391 0.022475 0.022475
1 0.804688 0.003923 0.013938 0.013938
1 0.830078 0.008803 0.021367 0.021367
1 0.849609 0.011719 0.022475 0.022475
1 0.900391 0.013672 0.022475 0.022475
1 0.912109 0.007675 0.020319 0.020319
1 0.939453 0.003923 0.013938 0.013938
1 0.978516 0.005625 0.017631 0.017631
1 0.931641 0.023438 0.022475 0.022475
1 0.953125 0.021484 0.022475 0.022475
1 0.966797 0.029297 0.022475 0.022475
1 0.974609 0.058594 0.022475 0.022475
1 0.953125 0.048828 0.022475 0.022475
1 0.931641 0.042969 0.022475 0.022475
1 0.945312 0.064453 0.022475 0.022475
1 0.949219 0.083984 0.022475 0.022475
1 0.964844 0.085938 0.022475 0.022475
1 0.976562 0.093750 0.022475 0.022475
1 0.989244 0.132812 0.021367 0.021367
1 0.982422 0.150391 0.022475 0.022475
1 0.982422 0.175781 0.022475 0.022475
1 0.976562 0.193359 0.022475 0.022475
1 0.992421 0.210938 0.017631 0.017631
1 0.990372 0.244141 0.020319 0.020319
1 0.987965 0.291016 0.022149 0.022149
1 0.991432 0.326172 0.019086 0.019086
1 0.962891 0.318359 0.022475 0.022475
1 0.990372 0.353516 0.020319 0.020319
1 0.980469 0.363281 0.022475 0.022475
1 0.958984 0.361328 0.022475 0.022475
1 0.927734 0.357422 0.022475 0.022475
1 0.935547 0.332031 0.022475 0.022475
1 0.935547 0.306641 0.022475 0.022475
1 0.923828 0.291016 0.022475 0.022475
1 0.941406 0.269531 0.022475 0.022475
1 0.957031 0.265625 0.022475 0.022475
1 0.953125 0.246094 0.022475 0.022475
1 0.968750 0.232422 0.022475 0.022475
1 0.929688 0.251953 0.022475 0.022475
1 0.943359 0.228516 0.022475 0.022475
1 0.953125 0.207031 0.022475 0.022475
1 0.949219 0.173828 0.022475 0.022475
1 0.958984 0.144531 0.022475 0.022475
1 0.949219 0.113281 0.022475 0.022475
1 0.933594 0.093750 0.022475 0.022475
1 0.931641 0.105469 0.022475 0.022475
1 0.937500 0.125000 0.022475 0.022475
1 0.916016 0.113281 0.022475 0.022475
1 0.916016 0.132812 0.022475 0.022475
1 0.935547 0.156250 0.022475 0.022475
1 0.896484 0.035156 0.022475 0.022475
1 0.886719 0.048828 0.022475 0.022475
1 0.884766 0.068359 0.022475 0.022475
1 0.890625 0.082031 0.022475 0.022475
1 0.910156 0.082031 0.022475 0.022475
1 0.904297 0.097656 0.022475 0.022475
1 0.894531 0.115234 0.022475 0.022475
1 0.890625 0.146484 0.022475 0.022475
1 0.835938 0.031250 0.022475 0.022475
1 0.855469 0.031250 0.022475 0.022475
1 0.851562 0.050781 0.022475 0.022475
1 0.839844 0.054688 0.022475 0.022475
1 0.839844 0.076172 0.022475 0.022475
1 0.851562 0.091797 0.022475 0.022475
1 0.867188 0.087891 0.022475 0.022475
1 0.732422 0.041016 0.022475 0.022475
1 0.761719 0.037109 0.022475 0.022475
1 0.781250 0.044922 0.022475 0.022475
1 0.806641 0.035156 0.022475 0.022475
1 0.816406 0.054688 0.022475 0.022475
1 0.818359 0.072266 0.022475 0.022475
1 0.794922 0.064453 0.022475 0.022475
1 0.771484 0.058594 0.022475 0.022475
1 0.755859 0.064453 0.022475 0.022475
1 0.720703 0.070312 0.022475 0.022475
1 0.724609 0.087891 0.022475 0.022475
1 0.687500 0.109375 0.022475 0.022475
1 0.671875 0.121094 0.022475 0.022475
1 0.675781 0.138672 0.022475 0.022475
1 0.691406 0.140625 0.022475 0.022475
1 0.701172 0.130859 0.022475 0.022475
1 0.707031 0.119141 0.022475 0.022475
1 0.716797 0.103516 0.022475 0.022475
1 0.662109 0.150391 0.022475 0.022475
1 0.673828 0.166016 0.022475 0.022475
1 0.671875 0.179688 0.022475 0.022475
1 0.660156 0.205078 0.022475 0.022475
1 0.687500 0.167969 0.022475 0.022475
1 0.705078 0.152344 0.022475 0.022475
1 0.714844 0.138672 0.022475 0.022475
1 0.707031 0.173828 0.022475 0.022475
1 0.687500 0.195312 0.022475 0.022475
1 0.716797 0.191406 0.022475 0.022475
1 0.662109 0.226562 0.022475 0.022475
1 0.658203 0.248047 0.022475 0.022475
1 0.671875 0.242188 0.022475 0.022475
1 0.677734 0.255859 0.022475 0.022475
1 0.693359 0.250000 0.022475 0.022475
1 0.683594 0.230469 0.022475 0.022475
1 0.699219 0.224609 0.022475 0.022475
1 0.718750 0.222656 0.022475 0.022475
1 0.687500 0.279297 0.022475 0.022475
1 0.703125 0.263672 0.022475 0.022475
1 0.669922 0.324219 0.022475 0.022475
1 0.691406 0.318359 0.022475 0.022475
1 0.716797 0.306641 0.022475 0.022475
1 0.724609 0.275391 0.022475 0.022475
1 0.722656 0.251953 0.022475 0.022475
1 0.740234 0.253906 0.022475 0.022475
1 0.753906 0.248047 0.022475 0.022475
1 0.738281 0.226562 0.022475 0.022475
1 0.755859 0.224609 0.022475 0.022475
1 0.763672 0.205078 0.022475 0.022475
1 0.751953 0.095703 0.022475 0.022475
1 0.732422 0.121094 0.022475 0.022475
1 0.746094 0.121094 0.022475 0.022475
1 0.763672 0.123047 0.022475 0.022475
1 0.738281 0.140625 0.022475 0.022475
1 0.740234 0.162109 0.022475 0.022475
1 0.777344 0.089844 0.022475 0.022475
1 0.781250 0.103516 0.022475 0.022475
1 0.792969 0.113281 0.022475 0.022475
1 0.800781 0.123047 0.022475 0.022475
1 0.783203 0.126953 0.022475 0.022475
1 0.783203 0.142578 0.022475 0.022475
1 0.783203 0.158203 0.022475 0.022475
1 0.781250 0.175781 0.022475 0.022475
1 0.775391 0.189453 0.022475 0.022475
1 0.751953 0.189453 0.022475 0.022475
1 0.783203 0.205078 0.022475 0.022475
1 0.812500 0.093750 0.022475 0.022475
1 0.826172 0.111328 0.022475 0.022475
1 0.833984 0.125000 0.022475 0.022475
1 0.859375 0.119141 0.022475 0.022475
1 0.869141 0.150391 0.022475 0.022475
1 0.853516 0.142578 0.022475 0.022475
1 0.837891 0.152344 0.022475 0.022475
1 0.816406 0.138672 0.022475 0.022475
1 0.804688 0.183594 0.022475 0.022475
1 0.822266 0.181641 0.022475 0.022475
1 0.904297 0.160156 0.022475 0.022475
1 0.916016 0.177734 0.022475 0.022475
1 0.933594 0.193359 0.022475 0.022475
1 0.888672 0.177734 0.022475 0.022475
1 0.880859 0.191406 0.022475 0.022475
1 0.843750 0.177734 0.022475 0.022475
1 0.849609 0.199219 0.022475 0.022475
1 0.863281 0.199219 0.022475 0.022475
1 0.869141 0.214844 0.022475 0.022475
1 0.886719 0.214844 0.022475 0.022475
1 0.847656 0.212891 0.022475 0.022475
1 0.849609 0.234375 0.022475 0.022475
1 0.871094 0.228516 0.022475 0.022475
1 0.882812 0.242188 0.022475 0.022475
1 0.882812 0.257812 0.022475 0.022475
1 0.908203 0.203125 0.022475 0.022475
1 0.917969 0.218750 0.022475 0.022475
1 0.914062 0.238281 0.022475 0.022475
1 0.902344 0.271484 0.022475 0.022475
1 0.892578 0.312500 0.022475 0.022475
1 0.806641 0.205078 0.022475 0.022475
1 0.822266 0.212891 0.022475 0.022475
1 0.820312 0.228516 0.022475 0.022475
1 0.818359 0.248047 0.022475 0.022475
1 0.802734 0.230469 0.022475 0.022475
1 0.796875 0.250000 0.022475 0.022475
1 0.804688 0.275391 0.022475 0.022475
1 0.832031 0.273438 0.022475 0.022475
1 0.839844 0.259766 0.022475 0.022475
1 0.857422 0.285156 0.022475 0.022475
1 0.761719 0.261719 0.022475 0.022475
1 0.777344 0.273438 0.022475 0.022475
1 0.773438 0.291016 0.022475 0.022475
1 0.755859 0.281250 0.022475 0.022475
1 0.742188 0.291016 0.022475 0.022475
1 0.751953 0.304688 0.022475 0.022475
1 0.753906 0.322266 0.022475 0.022475
1 0.775391 0.314453 0.022475 0.022475
1 0.791016 0.310547 0.022475 0.022475
1 0.810547 0.320312 0.022475 0.022475
1 0.820312 0.302734 0.022475 0.022475
1 0.843750 0.330078 0.022475 0.022475
1 0.859375 0.343750 0.022475 0.022475
1 0.871094 0.359375 0.022475 0.022475
1 0.900391 0.365234 0.022475 0.022475
1 0.792969 0.341797 0.022475 0.022475
1 0.830078 0.341797 0.022475 0.022475
1 0.810547 0.355469 0.022475 0.022475
1 0.779297 0.355469 0.022475 0.022475
1 0.767578 0.341797 0.022475 0.022475
1 0.746094 0.345703 0.022475 0.022475
1 0.744141 0.365234 0.022475 0.022475
1 0.722656 0.359375 0.022475 0.022475
1 0.716797 0.339844 0.022475 0.022475
1 0.695312 0.341797 0.022475 0.022475
1 0.652344 0.363281 0.022475 0.022475
1 0.619141 0.353516 0.022475 0.022475
1 0.595703 0.347656 0.022475 0.022475
1 0.537109 0.337891 0.022475 0.022475
1 0.500000 0.333984 0.022475 0.022475
1 0.478516 0.333984 0.022475 0.022475
1 0.457031 0.335938 0.022475 0.022475
1 0.421875 0.339844 0.022475 0.022475
1 0.435547 0.359375 0.022475 0.022475
1 0.455078 0.359375 0.022475 0.022475
1 0.373047 0.339844 0.022475 0.022475
1 0.388672 0.359375 0.022475 0.022475
1 0.371094 0.367188 0.022475 0.022475
1 0.357422 0.357422 0.022475 0.022475
1 0.345703 0.347656 0.022475 0.022475
1 0.316406 0.332031 0.022475 0.022475
1 0.300781 0.341797 0.022475 0.022475
1 0.324219 0.347656 0.022475 0.022475
1 0.292969 0.359375 0.022475 0.022475
1 0.580078 0.367188 0.022475 0.022475
1 0.992421 0.384766 0.017631 0.017631
1 0.989244 0.404297 0.021367 0.021367
1 0.972656 0.392578 0.022475 0.022475
1 0.960938 0.410156 0.022475 0.022475
1 0.976562 0.416016 0.022475 0.022475
1 0.976562 0.435547 0.022475 0.022475
1 0.957031 0.445312 0.022475 0.022475
1 0.994949 0.427734 0.011868 0.011868
1 0.994124 0.449219 0.013938 0.013938
1 0.978516 0.453125 0.022475 0.022475
1 0.990372 0.466797 0.020319 0.020319
1 0.953125 0.470703 0.022475 0.022475
1 0.953125 0.490234 0.022475 0.022475
1 0.976562 0.486328 0.022475 0.022475
1 0.972656 0.509766 0.022475 0.022475
1 0.986328 0.501953 0.022475 0.022475
1 0.994124 0.507812 0.013938 0.013938
1 0.991432 0.525391 0.019086 0.019086
1 0.992421 0.554688 0.017631 0.017631
1 0.980469 0.546875 0.022475 0.022475
1 0.980469 0.566406 0.022475 0.022475
1 0.994124 0.574219 0.013938 0.013938
1 0.989244 0.585938 0.021367 0.021367
1 0.980469 0.597656 0.022475 0.022475
1 0.991432 0.605469 0.019086 0.019086
1 0.987965 0.642578 0.022149 0.022149
1 0.993302 0.677734 0.015892 0.015892
1 0.982422 0.666016 0.022475 0.022475
1 0.970703 0.658203 0.022475 0.022475
1 0.980469 0.683594 0.022475 0.022475
1 0.993302 0.732422 0.015892 0.015892
1 0.984375 0.714844 0.022475 0.022475
1 0.970703 0.710938 0.022475 0.022475
1 0.958984 0.720703 0.022475 0.022475
1 0.941406 0.722656 0.022475 0.022475
1 0.978516 0.740234 0.022475 0.022475
1 0.935547 0.384766 0.022475 0.022475
1 0.923828 0.400391 0.022475 0.022475
1 0.919922 0.425781 0.022475 0.022475
1 0.925781 0.441406 0.022475 0.022475
1 0.947266 0.427734 0.022475 0.022475
1 0.931641 0.462891 0.022475 0.022475
1 0.917969 0.457031 0.022475 0.022475
1 0.898438 0.451172 0.022475 0.022475
1 0.882812 0.462891 0.022475 0.022475
1 0.878906 0.449219 0.022475 0.022475
1 0.886719 0.431641 0.022475 0.022475
1 0.900391 0.427734 0.022475 0.022475
1 0.890625 0.412109 0.022475 0.022475
1 0.902344 0.394531 0.022475 0.022475
1 0.886719 0.382812 0.022475 0.022475
1 0.871094 0.396484 0.022475 0.022475
1 0.853516 0.378906 0.022475 0.022475
1 0.820312 0.375000 0.022475 0.022475
1 0.832031 0.386719 0.022475 0.022475
1 0.796875 0.359375 0.022475 0.022475
1 0.783203 0.371094 0.022475 0.022475
1 0.777344 0.382812 0.022475 0.022475
1 0.777344 0.408203 0.022475 0.022475
1 0.755859 0.396484 0.022475 0.022475
1 0.808594 0.390625 0.022475 0.022475
1 0.851562 0.408203 0.022475 0.022475
1 0.865234 0.431641 0.022475 0.022475
1 0.824219 0.406250 0.022475 0.022475
1 0.800781 0.412109 0.022475 0.022475
1 0.810547 0.423828 0.022475 0.022475
1 0.808594 0.439453 0.022475 0.022475
1 0.822266 0.447266 0.022475 0.022475
1 0.832031 0.421875 0.022475 0.022475
1 0.845703 0.447266 0.022475 0.022475
1 0.867188 0.468750 0.022475 0.022475
1 0.853516 0.472656 0.022475 0.022475
1 0.833984 0.464844 0.022475 0.022475
1 0.835938 0.488281 0.022475 0.022475
1 0.824219 0.484375 0.022475 0.022475
1 0.810547 0.464844 0.022475 0.022475
1 0.810547 0.490234 0.022475 0.022475
1 0.796875 0.480469 0.022475 0.022475
1 0.781250 0.486328 0.022475 0.022475
1 0.779297 0.503906 0.022475 0.022475
1 0.798828 0.464844 0.022475 0.022475
1 0.779297 0.458984 0.022475 0.022475
1 0.757812 0.449219 0.022475 0.022475
1 0.769531 0.441406 0.022475 0.022475
1 0.779297 0.431641 0.022475 0.022475
1 0.753906 0.468750 0.022475 0.022475
1 0.769531 0.470703 0.022475 0.022475
1 0.931641 0.501953 0.022475 0.022475
1 0.955078 0.529297 0.022475 0.022475
1 0.955078 0.556641 0.022475 0.022475
1 0.960938 0.576172 0.022475 0.022475
1 0.949219 0.591797 0.022475 0.022475
1 0.941406 0.609375 0.022475 0.022475
1 0.964844 0.621094 0.022475 0.022475
1 0.949219 0.630859 0.022475 0.022475
1 0.935547 0.658203 0.022475 0.022475
1 0.929688 0.675781 0.022475 0.022475
1 0.947266 0.685547 0.022475 0.022475
1 0.929688 0.708984 0.022475 0.022475
1 0.914062 0.724609 0.022475 0.022475
1 0.892578 0.716797 0.022475 0.022475
1 0.802734 0.533203 0.022475 0.022475
1 0.806641 0.517578 0.022475 0.022475
1 0.824219 0.521484 0.022475 0.022475
1 0.832031 0.503906 0.022475 0.022475
1 0.847656 0.507812 0.022475 0.022475
1 0.857422 0.527344 0.022475 0.022475
1 0.839844 0.539062 0.022475 0.022475
1 0.869141 0.498047 0.022475 0.022475
1 0.882812 0.509766 0.022475 0.022475
1 0.902344 0.500000 0.022475 0.022475
1 0.896484 0.533203 0.022475 0.022475
1 0.900391 0.517578 0.022475 0.022475
1 0.916016 0.525391 0.022475 0.022475
1 0.933594 0.535156 0.022475 0.022475
1 0.916016 0.542969 0.022475 0.022475
1 0.904297 0.552734 0.022475 0.022475
1 0.888672 0.550781 0.022475 0.022475
1 0.904297 0.566406 0.022475 0.022475
1 0.890625 0.570312 0.022475 0.022475
1 0.902344 0.583984 0.022475 0.022475
1 0.916016 0.576172 0.022475 0.022475
1 0.921875 0.560547 0.022475 0.022475
1 0.939453 0.566406 0.022475 0.022475
1 0.937500 0.583984 0.022475 0.022475
1 0.919922 0.636719 0.022475 0.022475
1 0.914062 0.609375 0.022475 0.022475
1 0.875000 0.535156 0.022475 0.022475
1 0.863281 0.548828 0.022475 0.022475
1 0.888672 0.609375 0.022475 0.022475
1 0.882812 0.634766 0.022475 0.022475
1 0.888672 0.648438 0.022475 0.022475
1 0.902344 0.638672 0.022475 0.022475
1 0.876953 0.666016 0.022475 0.022475
1 0.865234 0.646484 0.022475 0.022475
1 0.875000 0.685547 0.022475 0.022475
1 0.890625 0.699219 0.022475 0.022475
1 0.904297 0.685547 0.022475 0.022475
1 0.910156 0.667969 0.022475 0.022475
1 0.851562 0.595703 0.022475 0.022475
1 0.871094 0.615234 0.022475 0.022475
1 0.843750 0.625000 0.022475 0.022475
1 0.871094 0.726562 0.022475 0.022475
1 0.859375 0.699219 0.022475 0.022475
1 0.849609 0.681641 0.022475 0.022475
1 0.845703 0.666016 0.022475 0.022475
1 0.826172 0.656250 0.022475 0.022475
1 0.814453 0.652344 0.022475 0.022475
1 0.835938 0.640625 0.022475 0.022475
1 0.810547 0.628906 0.022475 0.022475
1 0.808594 0.607422 0.022475 0.022475
1 0.818359 0.580078 0.022475 0.022475
1 0.833984 0.580078 0.022475 0.022475
1 0.828125 0.560547 0.022475 0.022475
1 0.787109 0.548828 0.022475 0.022475
1 0.832031 0.708984 0.022475 0.022475
1 0.847656 0.718750 0.022475 0.022475
1 0.847656 0.734375 0.022475 0.022475
1 0.835938 0.744141 0.022475 0.022475
1 0.830078 0.685547 0.022475 0.022475
1 0.814453 0.673828 0.022475 0.022475
1 0.800781 0.667969 0.022475 0.022475
1 0.789062 0.662109 0.022475 0.022475
1 0.794922 0.685547 0.022475 0.022475
1 0.787109 0.701172 0.022475 0.022475
1 0.779297 0.716797 0.022475 0.022475
1 0.800781 0.724609 0.022475 0.022475
1 0.775391 0.736328 0.022475 0.022475
1 0.773438 0.677734 0.022475 0.022475
1 0.757812 0.691406 0.022475 0.022475
1 0.777344 0.644531 0.022475 0.022475
1 0.779297 0.625000 0.022475 0.022475
1 0.785156 0.609375 0.022475 0.022475
1 0.761719 0.597656 0.022475 0.022475
1 0.753906 0.609375 0.022475 0.022475
1 0.746094 0.576172 0.022475 0.022475
1 0.765625 0.525391 0.022475 0.022475
1 0.759766 0.498047 0.022475 0.022475
1 0.742188 0.486328 0.022475 0.022475
1 0.742188 0.507812 0.022475 0.022475
1 0.724609 0.421875 0.022475 0.022475
1 0.699219 0.371094 0.022475 0.022475
1 0.683594 0.375000 0.022475 0.022475
1 0.693359 0.394531 0.022475 0.022475
1 0.710938 0.398438 0.022475 0.022475
1 0.671875 0.396484 0.022475 0.022475
1 0.683594 0.414062 0.022475 0.022475
1 0.685547 0.437500 0.022475 0.022475
1 0.699219 0.423828 0.022475 0.022475
1 0.707031 0.445312 0.022475 0.022475
1 0.724609 0.458984 0.022475 0.022475
1 0.710938 0.472656 0.022475 0.022475
1 0.722656 0.486328 0.022475 0.022475
1 0.691406 0.470703 0.022475 0.022475
1 0.681641 0.457031 0.022475 0.022475
1 0.677734 0.478516 0.022475 0.022475
1 0.666016 0.492188 0.022475 0.022475
1 0.699219 0.503906 0.022475 0.022475
1 0.726562 0.519531 0.022475 0.022475
1 0.726562 0.541016 0.022475 0.022475
1 0.701172 0.564453 0.022475 0.022475
1 0.716797 0.578125 0.022475 0.022475
1 0.701172 0.601562 0.022475 0.022475
1 0.705078 0.625000 0.022475 0.022475
1 0.724609 0.623047 0.022475 0.022475
1 0.748047 0.636719 0.022475 0.022475
1 0.757812 0.660156 0.022475 0.022475
1 0.736328 0.650391 0.022475 0.022475
1 0.730469 0.669922 0.022475 0.022475
1 0.742188 0.695312 0.022475 0.022475
1 0.751953 0.714844 0.022475 0.022475
1 0.728516 0.726562 0.022475 0.022475
1 0.722656 0.748047 0.022475 0.022475
1 0.714844 0.716797 0.022475 0.022475
1 0.710938 0.697266 0.022475 0.022475
1 0.708984 0.669922 0.022475 0.022475
1 0.691406 0.669922 0.022475 0.022475
1 0.677734 0.658203 0.022475 0.022475
1 0.687500 0.628906 0.022475 0.022475
1 0.666016 0.628906 0.022475 0.022475
1 0.652344 0.625000 0.022475 0.022475
1 0.679688 0.695312 0.022475 0.022475
1 0.677734 0.710938 0.022475 0.022475
1 0.667969 0.724609 0.022475 0.022475
1 0.681641 0.732422 0.022475 0.022475
1 0.695312 0.730469 0.022475 0.022475
1 0.703125 0.742188 0.022475 0.022475
1 0.705078 0.531250 0.022475 0.022475
1 0.685547 0.531250 0.022475 0.022475
1 0.689453 0.548828 0.022475 0.022475
1 0.671875 0.544922 0.022475 0.022475
1 0.666016 0.572266 0.022475 0.022475
1 0.644531 0.550781 0.022475 0.022475
1 0.656250 0.503906 0.022475 0.022475
1 0.660156 0.521484 0.022475 0.022475
1 0.646484 0.597656 0.022475 0.022475
1 0.642578 0.650391 0.022475 0.022475
1 0.654297 0.675781 0.022475 0.022475
1 0.642578 0.693359 0.022475 0.022475
1 0.644531 0.716797 0.022475 0.022475
1 0.617188 0.738281 0.022475 0.022475
1 0.613281 0.720703 0.022475 0.022475
1 0.619141 0.697266 0.022475 0.022475
1 0.626953 0.679688 0.022475 0.022475
1 0.613281 0.658203 0.022475 0.022475
1 0.591797 0.667969 0.022475 0.022475
1 0.595703 0.703125 0.022475 0.022475
1 0.587891 0.726562 0.022475 0.022475
1 0.572266 0.695312 0.022475 0.022475
1 0.550781 0.697266 0.022475 0.022475
1 0.548828 0.679688 0.022475 0.022475
1 0.568359 0.664062 0.022475 0.022475
1 0.550781 0.652344 0.022475 0.022475
1 0.570312 0.628906 0.022475 0.022475
1 0.589844 0.644531 0.022475 0.022475
1 0.591797 0.619141 0.022475 0.022475
1 0.607422 0.626953 0.022475 0.022475
1 0.621094 0.611328 0.022475 0.022475
1 0.626953 0.587891 0.022475 0.022475
1 0.623047 0.560547 0.022475 0.022475
1 0.615234 0.539062 0.022475 0.022475
1 0.628906 0.521484 0.022475 0.022475
1 0.638672 0.505859 0.022475 0.022475
1 0.623047 0.494141 0.022475 0.022475
1 0.632812 0.464844 0.022475 0.022475
1 0.652344 0.464844 0.022475 0.022475
1 0.667969 0.417969 0.022475 0.022475
1 0.644531 0.402344 0.022475 0.022475
1 0.646484 0.384766 0.022475 0.022475
1 0.613281 0.369141 0.022475 0.022475
1 0.619141 0.390625 0.022475 0.022475
1 0.585938 0.394531 0.022475 0.022475
1 0.585938 0.417969 0.022475 0.022475
1 0.595703 0.425781 0.022475 0.022475
1 0.611328 0.423828 0.022475 0.022475
1 0.628906 0.437500 0.022475 0.022475
1 0.642578 0.421875 0.022475 0.022475
1 0.613281 0.447266 0.022475 0.022475
1 0.585938 0.441406 0.022475 0.022475
1 0.597656 0.458984 0.022475 0.022475
1 0.599609 0.470703 0.022475 0.022475
1 0.574219 0.478516 0.022475 0.022475
1 0.595703 0.505859 0.022475 0.022475
1 0.589844 0.527344 0.022475 0.022475
1 0.597656 0.554688 0.022475 0.022475
1 0.576172 0.562500 0.022475 0.022475
1 0.589844 0.570312 0.022475 0.022475
1 0.607422 0.582031 0.022475 0.022475
1 0.595703 0.589844 0.022475 0.022475
1 0.580078 0.583984 0.022475 0.022475
1 0.585938 0.601562 0.022475 0.022475
1 0.564453 0.609375 0.022475 0.022475
1 0.564453 0.525391 0.022475 0.022475
1 0.572266 0.542969 0.022475 0.022475
1 0.562500 0.550781 0.022475 0.022475
1 0.531250 0.558594 0.022475 0.022475
1 0.535156 0.542969 0.022475 0.022475
1 0.552734 0.572266 0.022475 0.022475
1 0.564453 0.587891 0.022475 0.022475
1 0.548828 0.597656 0.022475 0.022475
1 0.539062 0.615234 0.022475 0.022475
1 0.521484 0.603516 0.022475 0.022475
1 0.541016 0.634766 0.022475 0.022475
1 0.519531 0.642578 0.022475 0.022475
1 0.505859 0.630859 0.022475 0.022475
1 0.496094 0.625000 0.022475 0.022475
1 0.544922 0.556641 0.022475 0.022475
1 0.566406 0.738281 0.022475 0.022475
1 0.531250 0.371094 0.022475 0.022475
1 0.546875 0.378906 0.022475 0.022475
1 0.562500 0.384766 0.022475 0.022475
1 0.564453 0.398438 0.022475 0.022475
1 0.558594 0.414062 0.022475 0.022475
1 0.544922 0.394531 0.022475 0.022475
1 0.531250 0.404297 0.022475 0.022475
1 0.535156 0.421875 0.022475 0.022475
1 0.541016 0.439453 0.022475 0.022475
1 0.552734 0.431641 0.022475 0.022475
1 0.562500 0.453125 0.022475 0.022475
1 0.539062 0.457031 0.022475 0.022475
1 0.552734 0.468750 0.022475 0.022475
1 0.546875 0.482422 0.022475 0.022475
1 0.539062 0.501953 0.022475 0.022475
1 0.527344 0.480469 0.022475 0.022475
1 0.476562 0.371094 0.022475 0.022475
1 0.515625 0.382812 0.022475 0.022475
1 0.498047 0.394531 0.022475 0.022475
1 0.484375 0.404297 0.022475 0.022475
1 0.498047 0.416016 0.022475 0.022475
1 0.515625 0.423828 0.022475 0.022475
1 0.519531 0.449219 0.022475 0.022475
1 0.453125 0.376953 0.022475 0.022475
1 0.437500 0.384766 0.022475 0.022475
1 0.417969 0.378906 0.022475 0.022475
1 0.414062 0.404297 0.022475 0.022475
1 0.419922 0.417969 0.022475 0.022475
1 0.416016 0.439453 0.022475 0.022475
1 0.437500 0.429688 0.022475 0.022475
1 0.449219 0.414062 0.022475 0.022475
1 0.458984 0.427734 0.022475 0.022475
1 0.498047 0.453125 0.022475 0.022475
1 0.480469 0.449219 0.022475 0.022475
1 0.462891 0.455078 0.022475 0.022475
1 0.478516 0.466797 0.022475 0.022475
1 0.498047 0.472656 0.022475 0.022475
1 0.511719 0.496094 0.022475 0.022475
1 0.519531 0.511719 0.022475 0.022475
1 0.531250 0.525391 0.022475 0.022475
1 0.515625 0.537109 0.022475 0.022475
1 0.507812 0.568359 0.022475 0.022475
1 0.496094 0.498047 0.022475 0.022475
1 0.474609 0.490234 0.022475 0.022475
1 0.457031 0.476562 0.022475 0.022475
1 0.441406 0.451172 0.022475 0.022475
1 0.439453 0.470703 0.022475 0.022475
1 0.406250 0.462891 0.022475 0.022475
1 0.445312 0.492188 0.022475 0.022475
1 0.486328 0.511719 0.022475 0.022475
1 0.490234 0.537109 0.022475 0.022475
1 0.490234 0.550781 0.022475 0.022475
1 0.492188 0.570312 0.022475 0.022475
1 0.492188 0.597656 0.022475 0.022475
1 0.478516 0.531250 0.022475 0.022475
1 0.466797 0.513672 0.022475 0.022475
1 0.458984 0.527344 0.022475 0.022475
1 0.457031 0.546875 0.022475 0.022475
1 0.472656 0.548828 0.022475 0.022475
1 0.462891 0.558594 0.022475 0.022475
1 0.466797 0.578125 0.022475 0.022475
1 0.455078 0.589844 0.022475 0.022475
1 0.466797 0.607422 0.022475 0.022475
1 0.482422 0.650391 0.022475 0.022475
1 0.507812 0.658203 0.022475 0.022475
1 0.501953 0.673828 0.022475 0.022475
1 0.486328 0.671875 0.022475 0.022475
1 0.470703 0.693359 0.022475 0.022475
1 0.523438 0.695312 0.022475 0.022475
1 0.541016 0.705078 0.022475 0.022475
1 0.517578 0.718750 0.022475 0.022475
1 0.505859 0.705078 0.022475 0.022475
1 0.511719 0.732422 0.022475 0.022475
1 0.490234 0.744141 0.022475 0.022475
1 0.484375 0.716797 0.022475 0.022475
1 0.464844 0.714844 0.022475 0.022475
1 0.441406 0.710938 0.022475 0.022475
1 0.451172 0.732422 0.022475 0.022475
1 0.414062 0.703125 0.022475 0.022475
1 0.398438 0.707031 0.022475 0.022475
1 0.435547 0.687500 0.022475 0.022475
1 0.447266 0.654297 0.022475 0.022475
1 0.421875 0.652344 0.022475 0.022475
1 0.398438 0.646484 0.022475 0.022475
1 0.417969 0.626953 0.022475 0.022475
1 0.427734 0.613281 0.022475 0.022475
1 0.406250 0.617188 0.022475 0.022475
1 0.437500 0.574219 0.022475 0.022475
1 0.445312 0.513672 0.022475 0.022475
1 0.433594 0.535156 0.022475 0.022475
1 0.433594 0.550781 0.022475 0.022475
1 0.419922 0.548828 0.022475 0.022475
1 0.410156 0.566406 0.022475 0.022475
1 0.427734 0.587891 0.022475 0.022475
1 0.412109 0.585938 0.022475 0.022475
1 0.396484 0.582031 0.022475 0.022475
1 0.412109 0.531250 0.022475 0.022475
1 0.425781 0.517578 0.022475 0.022475
1 0.406250 0.511719 0.022475 0.022475
1 0.417969 0.498047 0.022475 0.022475
1 0.402344 0.492188 0.022475 0.022475
1 0.384766 0.509766 0.022475 0.022475
1 0.357422 0.380859 0.022475 0.022475
1 0.357422 0.412109 0.022475 0.022475
1 0.376953 0.408203 0.022475 0.022475
1 0.386719 0.419922 0.022475 0.022475
1 0.382812 0.435547 0.022475 0.022475
1 0.361328 0.431641 0.022475 0.022475
1 0.365234 0.455078 0.022475 0.022475
1 0.347656 0.458984 0.022475 0.022475
1 0.361328 0.488281 0.022475 0.022475
1 0.365234 0.509766 0.022475 0.022475
1 0.351562 0.529297 0.022475 0.022475
1 0.400391 0.542969 0.022475 0.022475
1 0.384766 0.550781 0.022475 0.022475
1 0.378906 0.537109 0.022475 0.022475
1 0.363281 0.560547 0.022475 0.022475
1 0.369141 0.580078 0.022475 0.022475
1 0.380859 0.589844 0.022475 0.022475
1 0.355469 0.599609 0.022475 0.022475
1 0.341797 0.580078 0.022475 0.022475
1 0.380859 0.611328 0.022475 0.022475
1 0.373047 0.626953 0.022475 0.022475
1 0.353516 0.628906 0.022475 0.022475
1 0.343750 0.654297 0.022475 0.022475
1 0.371094 0.652344 0.022475 0.022475
1 0.363281 0.722656 0.022475 0.022475
1 0.417969 0.736328 0.022475 0.022475
1 0.400391 0.740234 0.022475 0.022475
1 0.382812 0.744141 0.022475 0.022475
1 0.363281 0.742188 0.022475 0.022475
1 0.957031 0.746094 0.022475 0.022475
1 0.019531 0.353516 0.022475 0.022475
1 0.033203 0.341797 0.022475 0.022475
1 0.048828 0.345703 0.022475 0.022475
1 0.068359 0.333984 0.022475 0.022475
1 0.042969 0.371094 0.022475 0.022475
1 0.062500 0.384766 0.022475 0.022475
1 0.042969 0.392578 0.022475 0.022475
1 0.033203 0.412109 0.022475 0.022475
1 0.008803 0.429688 0.021367 0.021367
1 0.019531 0.447266 0.022475 0.022475
1 0.004745 0.457031 0.015892 0.015892
1 0.041016 0.451172 0.022475 0.022475
1 0.021484 0.464844 0.022475 0.022475
1 0.013672 0.478516 0.022475 0.022475
1 0.029297 0.486328 0.022475 0.022475
1 0.007675 0.507812 0.020319 0.020319
1 0.058594 0.460938 0.022475 0.022475
1 0.044922 0.478516 0.022475 0.022475
1 0.044922 0.501953 0.022475 0.022475
1 0.037109 0.513672 0.022475 0.022475
1 0.044922 0.523438 0.022475 0.022475
1 0.023438 0.531250 0.022475 0.022475
1 0.008803 0.550781 0.021367 0.021367
1 0.015625 0.566406 0.022475 0.022475
1 0.031250 0.568359 0.022475 0.022475
1 0.029297 0.552734 0.022475 0.022475
1 0.042969 0.550781 0.022475 0.022475
1 0.060547 0.556641 0.022475 0.022475
1 0.005625 0.585938 0.017631 0.017631
1 0.027344 0.593750 0.022475 0.022475
1 0.010081 0.613281 0.022149 0.022149
1 0.005625 0.636719 0.017631 0.017631
1 0.007675 0.650391 0.020319 0.020319
1 0.005625 0.669922 0.017631 0.017631
1 0.019531 0.675781 0.022475 0.022475
1 0.023438 0.724609 0.022475 0.022475
1 0.052734 0.724609 0.022475 0.022475
1 0.046875 0.705078 0.022475 0.022475
1 0.060547 0.707031 0.022475 0.022475
1 0.093750 0.710938 0.022475 0.022475
1 0.117188 0.718750 0.022475 0.022475
1 0.103516 0.687500 0.022475 0.022475
1 0.087891 0.669922 0.022475 0.022475
1 0.068359 0.683594 0.022475 0.022475
1 0.039062 0.669922 0.022475 0.022475
1 0.042969 0.652344 0.022475 0.022475
1 0.060547 0.650391 0.022475 0.022475
1 0.021484 0.628906 0.022475 0.022475
1 0.044922 0.617188 0.022475 0.022475
1 0.056641 0.613281 0.022475 0.022475
1 0.050781 0.593750 0.022475 0.022475
1 0.048828 0.574219 0.022475 0.022475
1 0.064453 0.583984 0.022475 0.022475
1 0.076172 0.603516 0.022475 0.022475
1 0.083984 0.619141 0.022475 0.022475
1 0.083984 0.445312 0.022475 0.022475
1 0.066406 0.628906 0.022475 0.022475
1 0.089844 0.339844 0.022475 0.022475
1 0.093750 0.355469 0.022475 0.022475
1 0.113281 0.353516 0.022475 0.022475
1 0.099609 0.367188 0.022475 0.022475
1 0.107422 0.378906 0.022475 0.022475
1 0.138672 0.343750 0.022475 0.022475
1 0.132812 0.363281 0.022475 0.022475
1 0.136719 0.380859 0.022475 0.022475
1 0.156250 0.351562 0.022475 0.022475
1 0.177734 0.357422 0.022475 0.022475
1 0.199219 0.363281 0.022475 0.022475
1 0.218750 0.341797 0.022475 0.022475
1 0.236328 0.353516 0.022475 0.022475
1 0.253906 0.345703 0.022475 0.022475
1 0.259766 0.369141 0.022475 0.022475
1 0.269531 0.359375 0.022475 0.022475
1 0.279297 0.373047 0.022475 0.022475
1 0.300781 0.386719 0.022475 0.022475
1 0.318359 0.382812 0.022475 0.022475
1 0.328125 0.371094 0.022475 0.022475
1 0.335938 0.386719 0.022475 0.022475
1 0.337891 0.406250 0.022475 0.022475
1 0.330078 0.423828 0.022475 0.022475
1 0.322266 0.443359 0.022475 0.022475
1 0.306641 0.458984 0.022475 0.022475
1 0.292969 0.431641 0.022475 0.022475
1 0.310547 0.416016 0.022475 0.022475
1 0.285156 0.410156 0.022475 0.022475
1 0.267578 0.408203 0.022475 0.022475
1 0.242188 0.396484 0.022475 0.022475
1 0.240234 0.373047 0.022475 0.022475
1 0.220703 0.380859 0.022475 0.022475
1 0.224609 0.406250 0.022475 0.022475
1 0.191406 0.390625 0.022475 0.022475
1 0.199219 0.406250 0.022475 0.022475
1 0.160156 0.376953 0.022475 0.022475
1 0.152344 0.408203 0.022475 0.022475
1 0.175781 0.414062 0.022475 0.022475
1 0.123047 0.396484 0.022475 0.022475
1 0.082031 0.410156 0.022475 0.022475
1 0.103516 0.412109 0.022475 0.022475
1 0.103516 0.435547 0.022475 0.022475
1 0.119141 0.427734 0.022475 0.022475
1 0.138672 0.421875 0.022475 0.022475
1 0.085938 0.484375 0.022475 0.022475
1 0.105469 0.492188 0.022475 0.022475
1 0.119141 0.509766 0.022475 0.022475
1 0.072266 0.507812 0.022475 0.022475
1 0.121094 0.531250 0.022475 0.022475
1 0.097656 0.523438 0.022475 0.022475
1 0.085938 0.537109 0.022475 0.022475
1 0.109375 0.550781 0.022475 0.022475
1 0.097656 0.560547 0.022475 0.022475
1 0.076172 0.566406 0.022475 0.022475
1 0.099609 0.582031 0.022475 0.022475
1 0.113281 0.593750 0.022475 0.022475
1 0.125000 0.587891 0.022475 0.022475
1 0.117188 0.570312 0.022475 0.022475
1 0.236328 0.433594 0.022475 0.022475
1 0.222656 0.435547 0.022475 0.022475
1 0.203125 0.429688 0.022475 0.022475
1 0.185547 0.433594 0.022475 0.022475
1 0.164062 0.439453 0.022475 0.022475
1 0.136719 0.447266 0.022475 0.022475
1 0.128906 0.470703 0.022475 0.022475
1 0.152344 0.472656 0.022475 0.022475
1 0.208984 0.457031 0.022475 0.022475
1 0.185547 0.468750 0.022475 0.022475
1 0.208984 0.482422 0.022475 0.022475
1 0.183594 0.500000 0.022475 0.022475
1 0.152344 0.492188 0.022475 0.022475
1 0.144531 0.503906 0.022475 0.022475
1 0.156250 0.513672 0.022475 0.022475
1 0.132812 0.541016 0.022475 0.022475
1 0.130859 0.558594 0.022475 0.022475
1 0.150391 0.539062 0.022475 0.022475
1 0.150391 0.562500 0.022475 0.022475
1 0.167969 0.550781 0.022475 0.022475
1 0.183594 0.541016 0.022475 0.022475
1 0.187500 0.562500 0.022475 0.022475
1 0.169922 0.570312 0.022475 0.022475
1 0.181641 0.587891 0.022475 0.022475
1 0.156250 0.595703 0.022475 0.022475
1 0.162109 0.615234 0.022475 0.022475
1 0.107422 0.619141 0.022475 0.022475
1 0.126953 0.615234 0.022475 0.022475
1 0.150391 0.630859 0.022475 0.022475
1 0.128906 0.646484 0.022475 0.022475
1 0.142578 0.666016 0.022475 0.022475
1 0.148438 0.687500 0.022475 0.022475
1 0.166016 0.687500 0.022475 0.022475
1 0.193359 0.708984 0.022475 0.022475
1 0.169922 0.712891 0.022475 0.022475
1 0.203125 0.677734 0.022475 0.022475
1 0.167969 0.658203 0.022475 0.022475
1 0.171875 0.638672 0.022475 0.022475
1 0.193359 0.619141 0.022475 0.022475
1 0.207031 0.625000 0.022475 0.022475
1 0.222656 0.636719 0.022475 0.022475
1 0.205078 0.648438 0.022475 0.022475
1 0.222656 0.617188 0.022475 0.022475
1 0.238281 0.617188 0.022475 0.022475
1 0.257812 0.632812 0.022475 0.022475
1 0.259766 0.605469 0.022475 0.022475
1 0.275391 0.595703 0.022475 0.022475
1 0.248047 0.583984 0.022475 0.022475
1 0.234375 0.599609 0.022475 0.022475
1 0.208984 0.593750 0.022475 0.022475
1 0.226562 0.580078 0.022475 0.022475
1 0.203125 0.564453 0.022475 0.022475
1 0.214844 0.531250 0.022475 0.022475
1 0.222656 0.513672 0.022475 0.022475
1 0.246094 0.484375 0.022475 0.022475
1 0.257812 0.494141 0.022475 0.022475
1 0.250000 0.453125 0.022475 0.022475
1 0.259766 0.464844 0.022475 0.022475
1 0.308594 0.490234 0.022475 0.022475
1 0.306641 0.503906 0.022475 0.022475
1 0.306641 0.525391 0.022475 0.022475
1 0.326172 0.523438 0.022475 0.022475
1 0.326172 0.541016 0.022475 0.022475
1 0.322266 0.558594 0.022475 0.022475
1 0.234375 0.542969 0.022475 0.022475
1 0.265625 0.511719 0.022475 0.022475
1 0.306641 0.554688 0.022475 0.022475
1 0.318359 0.576172 0.022475 0.022475
1 0.324219 0.597656 0.022475 0.022475
1 0.306641 0.609375 0.022475 0.022475
1 0.285156 0.617188 0.022475 0.022475
1 0.248047 0.562500 0.022475 0.022475
1 0.261719 0.554688 0.022475 0.022475
1 0.261719 0.572266 0.022475 0.022475
1 0.275391 0.548828 0.022475 0.022475
1 0.289062 0.556641 0.022475 0.022475
1 0.316406 0.628906 0.022475 0.022475
1 0.328125 0.646484 0.022475 0.022475
1 0.314453 0.654297 0.022475 0.022475
1 0.296875 0.664062 0.022475 0.022475
1 0.320312 0.679688 0.022475 0.022475
1 0.337891 0.675781 0.022475 0.022475
1 0.341797 0.685547 0.022475 0.022475
1 0.300781 0.697266 0.022475 0.022475
1 0.283203 0.673828 0.022475 0.022475
1 0.255859 0.675781 0.022475 0.022475
1 0.242188 0.671875 0.022475 0.022475
1 0.244141 0.644531 0.022475 0.022475
1 0.232422 0.681641 0.022475 0.022475
1 0.265625 0.697266 0.022475 0.022475
1 0.244141 0.697266 0.022475 0.022475
1 0.242188 0.712891 0.022475 0.022475
1 0.224609 0.708984 0.022475 0.022475
1 0.281250 0.712891 0.022475 0.022475
1 0.263672 0.722656 0.022475 0.022475
1 0.017578 0.742188 0.022475 0.022475
1 0.015625 0.755859 0.022475 0.022475
1 0.006615 0.775391 0.019086 0.019086
1 0.004745 0.800781 0.015892 0.015892
1 0.019531 0.792969 0.022475 0.022475
1 0.035156 0.771484 0.022475 0.022475
1 0.042969 0.753906 0.022475 0.022475
1 0.074219 0.750000 0.022475 0.022475
1 0.082031 0.783203 0.022475 0.022475
1 0.042969 0.794922 0.022475 0.022475
1 0.056641 0.800781 0.022475 0.022475
1 0.066406 0.820312 0.022475 0.022475
1 0.074219 0.839844 0.022475 0.022475
1 0.041016 0.816406 0.022475 0.022475
1 0.010081 0.820312 0.022149 0.022149
1 0.008803 0.835938 0.021367 0.021367
1 0.008803 0.853516 0.021367 0.021367
1 0.010081 0.880859 0.022149 0.022149
1 0.006615 0.908203 0.019086 0.019086
1 0.023438 0.925781 0.022475 0.022475
1 0.004745 0.964844 0.015892 0.015892
1 0.008972 0.992188 0.016639 0.016639
1 0.025391 0.976562 0.022475 0.022475
1 0.039062 0.994124 0.013938 0.013938
1 0.064453 0.994124 0.013938 0.013938
1 0.074219 0.978516 0.022475 0.022475
1 0.089844 0.953125 0.022475 0.022475
1 0.066406 0.958984 0.022475 0.022475
1 0.058594 0.941406 0.022475 0.022475
1 0.054688 0.925781 0.022475 0.022475
1 0.064453 0.914062 0.022475 0.022475
1 0.074219 0.927734 0.022475 0.022475
1 0.085938 0.927734 0.022475 0.022475
1 0.039062 0.902344 0.022475 0.022475
1 0.039062 0.867188 0.022475 0.022475
1 0.041016 0.839844 0.022475 0.022475
1 0.056641 0.845703 0.022475 0.022475
1 0.064453 0.861328 0.022475 0.022475
1 0.083984 0.867188 0.022475 0.022475
1 0.089844 0.882812 0.022475 0.022475
1 0.103516 0.875000 0.022475 0.022475
1 0.111328 0.884766 0.022475 0.022475
1 0.101562 0.906250 0.022475 0.022475
1 0.103516 0.980469 0.022475 0.022475
1 0.091797 0.744141 0.022475 0.022475
1 0.111328 0.761719 0.022475 0.022475
1 0.132812 0.732422 0.022475 0.022475
1 0.140625 0.751953 0.022475 0.022475
1 0.171875 0.732422 0.022475 0.022475
1 0.193359 0.757812 0.022475 0.022475
1 0.177734 0.767578 0.022475 0.022475
1 0.156250 0.775391 0.022475 0.022475
1 0.148438 0.792969 0.022475 0.022475
1 0.181641 0.781250 0.022475 0.022475
1 0.187500 0.798828 0.022475 0.022475
1 0.142578 0.814453 0.022475 0.022475
1 0.093750 0.806641 0.022475 0.022475
1 0.097656 0.837891 0.022475 0.022475
1 0.117188 0.806641 0.022475 0.022475
1 0.125000 0.824219 0.022475 0.022475
1 0.123047 0.843750 0.022475 0.022475
1 0.123047 0.871094 0.022475 0.022475
1 0.134766 0.884766 0.022475 0.022475
1 0.130859 0.914062 0.022475 0.022475
1 0.130859 0.931641 0.022475 0.022475
1 0.150391 0.927734 0.022475 0.022475
1 0.117188 0.964844 0.022475 0.022475
1 0.125000 0.984375 0.022475 0.022475
1 0.128906 0.993302 0.015892 0.015892
1 0.132812 0.960938 0.022475 0.022475
1 0.156250 0.964844 0.022475 0.022475
1 0.150391 0.987965 0.022149 0.022149
1 0.160156 0.947266 0.022475 0.022475
1 0.173828 0.986328 0.022475 0.022475
1 0.181641 0.966797 0.022475 0.022475
1 0.181641 0.943359 0.022475 0.022475
1 0.203125 0.947266 0.022475 0.022475
1 0.216797 0.972656 0.022475 0.022475
1 0.224609 0.947266 0.022475 0.022475
1 0.158203 0.896484 0.022475 0.022475
1 0.167969 0.904297 0.022475 0.022475
1 0.183594 0.902344 0.022475 0.022475
1 0.173828 0.882812 0.022475 0.022475
1 0.205078 0.898438 0.022475 0.022475
1 0.199219 0.878906 0.022475 0.022475
1 0.148438 0.853516 0.022475 0.022475
1 0.156250 0.832031 0.022475 0.022475
1 0.171875 0.845703 0.022475 0.022475
1 0.177734 0.828125 0.022475 0.022475
1 0.193359 0.818359 0.022475 0.022475
1 0.214844 0.824219 0.022475 0.022475
1 0.199219 0.849609 0.022475 0.022475
1 0.224609 0.726562 0.022475 0.022475
1 0.248047 0.746094 0.022475 0.022475
1 0.230469 0.759766 0.022475 0.022475
1 0.228516 0.775391 0.022475 0.022475
1 0.232422 0.791016 0.022475 0.022475
1 0.250000 0.769531 0.022475 0.022475
1 0.253906 0.798828 0.022475 0.022475
1 0.244141 0.808594 0.022475 0.022475
1 0.230469 0.845703 0.022475 0.022475
1 0.218750 0.867188 0.022475 0.022475
1 0.248047 0.876953 0.022475 0.022475
1 0.238281 0.896484 0.022475 0.022475
1 0.222656 0.917969 0.022475 0.022475
1 0.251953 0.916016 0.022475 0.022475
1 0.248047 0.945312 0.022475 0.022475
1 0.250000 0.964844 0.022475 0.022475
1 0.238281 0.986328 0.022475 0.022475
1 0.257812 0.984375 0.022475 0.022475
1 0.279297 0.989244 0.021367 0.021367
1 0.277344 0.970703 0.022475 0.022475
1 0.275391 0.947266 0.022475 0.022475
1 0.296875 0.916016 0.022475 0.022475
1 0.302734 0.898438 0.022475 0.022475
1 0.283203 0.914062 0.022475 0.022475
1 0.269531 0.904297 0.022475 0.022475
1 0.269531 0.888672 0.022475 0.022475
1 0.277344 0.878906 0.022475 0.022475
1 0.275391 0.859375 0.022475 0.022475
1 0.285156 0.845703 0.022475 0.022475
1 0.263672 0.851562 0.022475 0.022475
1 0.248047 0.857422 0.022475 0.022475
1 0.257812 0.835938 0.022475 0.022475
1 0.263672 0.824219 0.022475 0.022475
1 0.273438 0.812500 0.022475 0.022475
1 0.306641 0.728516 0.022475 0.022475
1 0.279297 0.738281 0.022475 0.022475
1 0.298828 0.748047 0.022475 0.022475
1 0.347656 0.730469 0.022475 0.022475
1 0.332031 0.740234 0.022475 0.022475
1 0.335938 0.759766 0.022475 0.022475
1 0.333984 0.781250 0.022475 0.022475
1 0.306641 0.765625 0.022475 0.022475
1 0.281250 0.781250 0.022475 0.022475
1 0.296875 0.789062 0.022475 0.022475
1 0.314453 0.791016 0.022475 0.022475
1 0.308594 0.808594 0.022475 0.022475
1 0.310547 0.832031 0.022475 0.022475
1 0.328125 0.835938 0.022475 0.022475
1 0.341797 0.816406 0.022475 0.022475
1 0.351562 0.832031 0.022475 0.022475
1 0.359375 0.849609 0.022475 0.022475
1 0.375000 0.853516 0.022475 0.022475
1 0.343750 0.851562 0.022475 0.022475
1 0.345703 0.869141 0.022475 0.022475
1 0.326172 0.878906 0.022475 0.022475
1 0.339844 0.884766 0.022475 0.022475
1 0.355469 0.884766 0.022475 0.022475
1 0.324219 0.916016 0.022475 0.022475
1 0.316406 0.939453 0.022475 0.022475
1 0.312500 0.958984 0.022475 0.022475
1 0.310547 0.972656 0.022475 0.022475
1 0.310547 0.993302 0.015892 0.015892
1 0.324219 0.984375 0.022475 0.022475
1 0.337891 0.972656 0.022475 0.022475
1 0.335938 0.994124 0.013938 0.013938
1 0.357422 0.986328 0.022475 0.022475
1 0.390625 0.994124 0.013938 0.013938
1 0.423828 0.990372 0.020319 0.020319
1 0.404297 0.987965 0.022149 0.022149
1 0.388672 0.968750 0.022475 0.022475
1 0.375000 0.955078 0.022475 0.022475
1 0.355469 0.951172 0.022475 0.022475
1 0.347656 0.929688 0.022475 0.022475
1 0.369141 0.933594 0.022475 0.022475
1 0.382812 0.929688 0.022475 0.022475
1 0.373047 0.917969 0.022475 0.022475
1 0.357422 0.904297 0.022475 0.022475
1 0.371094 0.894531 0.022475 0.022475
1 0.386719 0.908203 0.022475 0.022475
1 0.392578 0.890625 0.022475 0.022475
1 0.388672 0.875000 0.022475 0.022475
1 0.355469 0.771484 0.022475 0.022475
1 0.357422 0.789062 0.022475 0.022475
1 0.371094 0.773438 0.022475 0.022475
1 0.392578 0.759766 0.022475 0.022475
1 0.396484 0.777344 0.022475 0.022475
1 0.384766 0.792969 0.022475 0.022475
1 0.369141 0.814453 0.022475 0.022475
1 0.435547 0.755859 0.022475 0.022475
1 0.414062 0.779297 0.022475 0.022475
1 0.408203 0.796875 0.022475 0.022475
1 0.396484 0.814453 0.022475 0.022475
1 0.384766 0.830078 0.022475 0.022475
1 0.484375 0.767578 0.022475 0.022475
1 0.468750 0.763672 0.022475 0.022475
1 0.455078 0.777344 0.022475 0.022475
1 0.443359 0.789062 0.022475 0.022475
1 0.478516 0.789062 0.022475 0.022475
1 0.470703 0.802734 0.022475 0.022475
1 0.449219 0.812500 0.022475 0.022475
1 0.429688 0.812500 0.022475 0.022475
1 0.429688 0.828125 0.022475 0.022475
1 0.416016 0.833984 0.022475 0.022475
1 0.431641 0.847656 0.022475 0.022475
1 0.404297 0.859375 0.022475 0.022475
1 0.416016 0.863281 0.022475 0.022475
1 0.431641 0.876953 0.022475 0.022475
1 0.425781 0.900391 0.022475 0.022475
1 0.410156 0.898438 0.022475 0.022475
1 0.402344 0.914062 0.022475 0.022475
1 0.416016 0.914062 0.022475 0.022475
1 0.427734 0.929688 0.022475 0.022475
1 0.427734 0.945312 0.022475 0.022475
1 0.398438 0.947266 0.022475 0.022475
1 0.414062 0.962891 0.022475 0.022475
1 0.431641 0.970703 0.022475 0.022475
1 0.453125 0.972656 0.022475 0.022475
1 0.464844 0.990372 0.020319 0.020319
1 0.548828 0.750000 0.022475 0.022475
1 0.519531 0.755859 0.022475 0.022475
1 0.505859 0.781250 0.022475 0.022475
1 0.494141 0.806641 0.022475 0.022475
1 0.523438 0.791016 0.022475 0.022475
1 0.531250 0.775391 0.022475 0.022475
1 0.539062 0.791016 0.022475 0.022475
1 0.552734 0.796875 0.022475 0.022475
1 0.568359 0.779297 0.022475 0.022475
1 0.595703 0.771484 0.022475 0.022475
1 0.568359 0.812500 0.022475 0.022475
1 0.552734 0.826172 0.022475 0.022475
1 0.533203 0.822266 0.022475 0.022475
1 0.527344 0.835938 0.022475 0.022475
1 0.511719 0.824219 0.022475 0.022475
1 0.498047 0.830078 0.022475 0.022475
1 0.496094 0.849609 0.022475 0.022475
1 0.474609 0.835938 0.022475 0.022475
1 0.458984 0.847656 0.022475 0.022475
1 0.474609 0.865234 0.022475 0.022475
1 0.457031 0.871094 0.022475 0.022475
1 0.455078 0.894531 0.022475 0.022475
1 0.449219 0.912109 0.022475 0.022475
1 0.462891 0.929688 0.022475 0.022475
1 0.464844 0.953125 0.022475 0.022475
1 0.474609 0.929688 0.022475 0.022475
1 0.476562 0.894531 0.022475 0.022475
1 0.500000 0.892578 0.022475 0.022475
1 0.488281 0.910156 0.022475 0.022475
1 0.496094 0.935547 0.022475 0.022475
1 0.484375 0.945312 0.022475 0.022475
1 0.494141 0.958984 0.022475 0.022475
1 0.492188 0.980469 0.022475 0.022475
1 0.511719 0.978516 0.022475 0.022475
1 0.523438 0.989244 0.021367 0.021367
1 0.541016 0.972656 0.022475 0.022475
1 0.523438 0.960938 0.022475 0.022475
1 0.513672 0.947266 0.022475 0.022475
1 0.529297 0.941406 0.022475 0.022475
1 0.523438 0.914062 0.022475 0.022475
1 0.513672 0.871094 0.022475 0.022475
1 0.523438 0.855469 0.022475 0.022475
1 0.527344 0.873047 0.022475 0.022475
1 0.546875 0.878906 0.022475 0.022475
1 0.544922 0.906250 0.022475 0.022475
1 0.548828 0.945312 0.022475 0.022475
1 0.564453 0.972656 0.022475 0.022475
1 0.556641 0.855469 0.022475 0.022475
1 0.572266 0.865234 0.022475 0.022475
1 0.574219 0.849609 0.022475 0.022475
1 0.595703 0.845703 0.022475 0.022475
1 0.570312 0.888672 0.022475 0.022475
1 0.599609 0.890625 0.022475 0.022475
1 0.593750 0.910156 0.022475 0.022475
1 0.587891 0.923828 0.022475 0.022475
1 0.599609 0.937500 0.022475 0.022475
1 0.578125 0.945312 0.022475 0.022475
1 0.583984 0.980469 0.022475 0.022475
1 0.582031 0.994124 0.013938 0.013938
1 0.541016 0.994949 0.011868 0.011868
1 0.611328 0.759766 0.022475 0.022475
1 0.626953 0.759766 0.022475 0.022475
1 0.656250 0.746094 0.022475 0.022475
1 0.625000 0.781250 0.022475 0.022475
1 0.644531 0.785156 0.022475 0.022475
1 0.638672 0.800781 0.022475 0.022475
1 0.630859 0.816406 0.022475 0.022475
1 0.611328 0.814453 0.022475 0.022475
1 0.628906 0.859375 0.022475 0.022475
1 0.630859 0.882812 0.022475 0.022475
1 0.626953 0.904297 0.022475 0.022475
1 0.623047 0.933594 0.022475 0.022475
1 0.607422 0.955078 0.022475 0.022475
1 0.630859 0.957031 0.022475 0.022475
1 0.617188 0.966797 0.022475 0.022475
1 0.628906 0.982422 0.022475 0.022475
1 0.636719 0.993302 0.015892 0.015892
1 0.642578 0.978516 0.022475 0.022475
1 0.652344 0.964844 0.022475 0.022475
1 0.648438 0.929688 0.022475 0.022475
1 0.662109 0.947266 0.022475 0.022475
1 0.681641 0.968750 0.022475 0.022475
1 0.673828 0.992421 0.017631 0.017631
1 0.703125 0.978516 0.022475 0.022475
1 0.720703 0.991432 0.019086 0.019086
1 0.769531 0.992421 0.017631 0.017631
1 0.753906 0.982422 0.022475 0.022475
1 0.751953 0.966797 0.022475 0.022475
1 0.781250 0.970703 0.022475 0.022475
1 0.794922 0.982422 0.022475 0.022475
1 0.808594 0.978516 0.022475 0.022475
1 0.814453 0.993302 0.015892 0.015892
1 0.845703 0.994124 0.013938 0.013938
1 0.869141 0.984375 0.022475 0.022475
1 0.878906 0.991432 0.019086 0.019086
1 0.906250 0.986328 0.022475 0.022475
1 0.929688 0.994949 0.011868 0.011868
1 0.953125 0.991432 0.019086 0.019086
1 0.970703 0.993302 0.015892 0.015892
1 0.994006 0.994949 0.008392 0.008392
1 0.941406 0.976562 0.022475 0.022475
1 0.960938 0.974609 0.022475 0.022475
1 0.990372 0.947266 0.020319 0.020319
1 0.989244 0.962891 0.021367 0.021367
1 0.968750 0.957031 0.022475 0.022475
1 0.970703 0.943359 0.022475 0.022475
1 0.986328 0.933594 0.022475 0.022475
1 0.976562 0.921875 0.022475 0.022475
1 0.987965 0.771484 0.022149 0.022149
1 0.990372 0.796875 0.020319 0.020319
1 0.968750 0.779297 0.022475 0.022475
1 0.958984 0.787109 0.022475 0.022475
1 0.964844 0.800781 0.022475 0.022475
1 0.974609 0.791016 0.022475 0.022475
1 0.976562 0.826172 0.022475 0.022475
1 0.986328 0.904297 0.022475 0.022475
1 0.984375 0.882812 0.022475 0.022475
1 0.989244 0.865234 0.021367 0.021367
1 0.980469 0.847656 0.022475 0.022475
1 0.964844 0.847656 0.022475 0.022475
1 0.957031 0.833984 0.022475 0.022475
1 0.953125 0.861328 0.022475 0.022475
1 0.960938 0.876953 0.022475 0.022475
1 0.958984 0.892578 0.022475 0.022475
1 0.974609 0.902344 0.022475 0.022475
1 0.957031 0.906250 0.022475 0.022475
1 0.947266 0.898438 0.022475 0.022475
1 0.939453 0.886719 0.022475 0.022475
1 0.957031 0.921875 0.022475 0.022475
1 0.935547 0.939453 0.022475 0.022475
1 0.906250 0.957031 0.022475 0.022475
1 0.919922 0.742188 0.022475 0.022475
1 0.904297 0.750000 0.022475 0.022475
1 0.929688 0.757812 0.022475 0.022475
1 0.951172 0.757812 0.022475 0.022475
1 0.937500 0.779297 0.022475 0.022475
1 0.939453 0.800781 0.022475 0.022475
1 0.935547 0.820312 0.022475 0.022475
1 0.933594 0.851562 0.022475 0.022475
1 0.916016 0.777344 0.022475 0.022475
1 0.919922 0.800781 0.022475 0.022475
1 0.921875 0.871094 0.022475 0.022475
1 0.910156 0.882812 0.022475 0.022475
1 0.890625 0.929688 0.022475 0.022475
1 0.861328 0.921875 0.022475 0.022475
1 0.865234 0.763672 0.022475 0.022475
1 0.876953 0.783203 0.022475 0.022475
1 0.886719 0.794922 0.022475 0.022475
1 0.898438 0.810547 0.022475 0.022475
1 0.914062 0.832031 0.022475 0.022475
1 0.894531 0.859375 0.022475 0.022475
1 0.871094 0.894531 0.022475 0.022475
1 0.878906 0.822266 0.022475 0.022475
1 0.855469 0.802734 0.022475 0.022475
1 0.847656 0.787109 0.022475 0.022475
1 0.832031 0.771484 0.022475 0.022475
1 0.820312 0.750000 0.022475 0.022475
1 0.742188 0.744141 0.022475 0.022475
1 0.769531 0.755859 0.022475 0.022475
1 0.683594 0.761719 0.022475 0.022475
1 0.671875 0.781250 0.022475 0.022475
1 0.693359 0.789062 0.022475 0.022475
1 0.712891 0.775391 0.022475 0.022475
1 0.707031 0.808594 0.022475 0.022475
1 0.695312 0.820312 0.022475 0.022475
1 0.679688 0.820312 0.022475 0.022475
1 0.677734 0.833984 0.022475 0.022475
1 0.693359 0.837891 0.022475 0.022475
1 0.667969 0.851562 0.022475 0.022475
1 0.658203 0.863281 0.022475 0.022475
1 0.664062 0.882812 0.022475 0.022475
1 0.683594 0.871094 0.022475 0.022475
1 0.673828 0.914062 0.022475 0.022475
1 0.683594 0.896484 0.022475 0.022475
1 0.691406 0.886719 0.022475 0.022475
1 0.695312 0.912109 0.022475 0.022475
1 0.693359 0.929688 0.022475 0.022475
1 0.705078 0.943359 0.022475 0.022475
1 0.732422 0.949219 0.022475 0.022475
1 0.757812 0.943359 0.022475 0.022475
1 0.746094 0.929688 0.022475 0.022475
1 0.796875 0.955078 0.022475 0.022475
1 0.820312 0.949219 0.022475 0.022475
1 0.830078 0.966797 0.022475 0.022475
1 0.833984 0.955078 0.022475 0.022475
1 0.851562 0.957031 0.022475 0.022475
1 0.826172 0.923828 0.022475 0.022475
1 0.837891 0.890625 0.022475 0.022475
1 0.869141 0.859375 0.022475 0.022475
1 0.863281 0.845703 0.022475 0.022475
1 0.851562 0.832031 0.022475 0.022475
1 0.837891 0.847656 0.022475 0.022475
1 0.833984 0.816406 0.022475 0.022475
1 0.812500 0.814453 0.022475 0.022475
1 0.812500 0.785156 0.022475 0.022475
1 0.796875 0.785156 0.022475 0.022475
1 0.781250 0.781250 0.022475 0.022475
1 0.796875 0.767578 0.022475 0.022475
1 0.744141 0.781250 0.022475 0.022475
1 0.751953 0.802734 0.022475 0.022475
1 0.736328 0.810547 0.022475 0.022475
1 0.771484 0.808594 0.022475 0.022475
1 0.779297 0.822266 0.022475 0.022475
1 0.792969 0.830078 0.022475 0.022475
1 0.808594 0.843750 0.022475 0.022475
1 0.802734 0.865234 0.022475 0.022475
1 0.791016 0.847656 0.022475 0.022475
1 0.771484 0.841797 0.022475 0.022475
1 0.763672 0.826172 0.022475 0.022475
1 0.757812 0.845703 0.022475 0.022475
1 0.775391 0.855469 0.022475 0.022475
1 0.742188 0.828125 0.022475 0.022475
1 0.730469 0.837891 0.022475 0.022475
1 0.722656 0.853516 0.022475 0.022475
1 0.707031 0.873047 0.022475 0.022475
1 0.710938 0.898438 0.022475 0.022475
1 0.728516 0.906250 0.022475 0.022475
1 0.736328 0.878906 0.022475 0.022475
1 0.740234 0.859375 0.022475 0.022475
1 0.761719 0.912109 0.022475 0.022475
1 0.791016 0.912109 0.022475 0.022475
1 0.791016 0.882812 0.022475 0.022475
