1 0.304688 0.435547 0.022475 0.022475
1 0.041016 0.763672 0.022475 0.022475
1 0.039062 0.667969 0.022475 0.022475
1 0.453125 0.476562 0.022475 0.022475
1 0.750000 0.554688 0.022475 0.022475
1 0.720703 0.587891 0.022475 0.022475
1 0.740234 0.486328 0.022475 0.022475
1 0.894531 0.349609 0.022475 0.022475
1 0.933594 0.539062 0.022475 0.022475
1 0.931641 0.468750 0.022475 0.022475
1 0.945312 0.824219 0.022475 0.022475
1 0.937500 0.607422 0.022475 0.022475
1 0.630859 0.744141 0.022475 0.022475
1 0.794922 0.695312 0.022475 0.022475
1 0.845703 0.693359 0.022475 0.022475
1 0.888672 0.732422 0.022475 0.022475
1 0.816406 0.886719 0.022475 0.022475
1 0.845703 0.837891 0.022475 0.022475
1 0.804688 0.847656 0.022475 0.022475
1 0.775391 0.849609 0.022475 0.022475
1 0.699219 0.989244 0.021367 0.021367
1 0.667969 0.970703 0.022475 0.022475
1 0.542969 0.978516 0.022475 0.022475
1 0.576172 0.867188 0.022475 0.022475
1 0.337891 0.974609 0.022475 0.022475
1 0.347656 0.947266 0.022475 0.022475
1 0.326172 0.947266 0.022475 0.022475
1 0.171875 0.960938 0.022475 0.022475
1 0.291016 0.554688 0.022475 0.022475
1 0.263672 0.527344 0.022475 0.022475
1 0.318359 0.607422 0.022475 0.022475
1 0.355469 0.623047 0.022475 0.022475
1 0.365234 0.734375 0.022475 0.022475
1 0.398438 0.728516 0.022475 0.022475
1 0.439453 0.699219 0.022475 0.022475
1 0.535156 0.705078 0.022475 0.022475
1 0.537109 0.728516 0.022475 0.022475
1 0.511719 0.691406 0.022475 0.022475
1 0.519531 0.560547 0.022475 0.022475
1 0.496094 0.609375 0.022475 0.022475
1 0.476562 0.640625 0.022475 0.022475
1 0.445312 0.617188 0.022475 0.022475
1 0.316406 0.556641 0.022475 0.022475
1 0.583984 0.585938 0.022475 0.022475
1 0.574219 0.531250 0.022475 0.022475
1 0.550781 0.525391 0.022475 0.022475
1 0.527344 0.515625 0.022475 0.022475
1 0.503906 0.513672 0.022475 0.022475
1 0.681641 0.681641 0.022475 0.022475
1 0.607422 0.794922 0.022475 0.022475
1 0.568359 0.798828 0.022475 0.022475
1 0.550781 0.785156 0.022475 0.022475
1 0.527344 0.798828 0.022475 0.022475
1 0.451172 0.914062 0.022475 0.022475
1 0.128906 0.839844 0.022475 0.022475
1 0.160156 0.839844 0.022475 0.022475
1 0.253906 0.833984 0.022475 0.022475
1 0.265625 0.869141 0.022475 0.022475
1 0.337891 0.888672 0.022475 0.022475
1 0.318359 0.845703 0.022475 0.022475
1 0.275391 0.787109 0.022475 0.022475
1 0.248047 0.722656 0.022475 0.022475
1 0.191406 0.626953 0.022475 0.022475
1 0.232422 0.572266 0.022475 0.022475
1 0.236328 0.462891 0.022475 0.022475
1 0.189453 0.486328 0.022475 0.022475
1 0.130859 0.503906 0.022475 0.022475
1 0.152344 0.484375 0.022475 0.022475
1 0.117188 0.480469 0.022475 0.022475
1 0.078125 0.455078 0.022475 0.022475
1 0.039062 0.458984 0.022475 0.022475
1 0.074219 0.390625 0.022475 0.022475
1 0.121094 0.410156 0.022475 0.022475
1 0.101562 0.359375 0.022475 0.022475
1 0.179688 0.408203 0.022475 0.022475
1 0.123047 0.287109 0.022475 0.022475
1 0.126953 0.337891 0.022475 0.022475
1 0.068359 0.300781 0.022475 0.022475
1 0.048828 0.228516 0.022475 0.022475
1 0.037109 0.148438 0.022475 0.022475
1 0.060547 0.062500 0.022475 0.022475
1 0.123047 0.156250 0.022475 0.022475
1 0.113281 0.121094 0.022475 0.022475
1 0.138672 0.103516 0.022475 0.022475
1 0.310547 0.396484 0.022475 0.022475
1 0.373047 0.333984 0.022475 0.022475
1 0.250000 0.193359 0.022475 0.022475
1 0.259766 0.310547 0.022475 0.022475
1 0.236328 0.261719 0.022475 0.022475
1 0.332031 0.187500 0.022475 0.022475
1 0.728516 0.251953 0.022475 0.022475
1 0.585938 0.376953 0.022475 0.022475
1 0.550781 0.355469 0.022475 0.022475
1 0.480469 0.386719 0.022475 0.022475
1 0.404297 0.285156 0.022475 0.022475
1 0.439453 0.175781 0.022475 0.022475
1 0.501953 0.158203 0.022475 0.022475
1 0.507812 0.212891 0.022475 0.022475
1 0.546875 0.179688 0.022475 0.022475
1 0.777344 0.406250 0.022475 0.022475
1 0.820312 0.416016 0.022475 0.022475
1 0.818359 0.322266 0.022475 0.022475
1 0.761719 0.343750 0.022475 0.022475
1 0.738281 0.304688 0.022475 0.022475
1 0.802734 0.207031 0.022475 0.022475
1 0.773438 0.208984 0.022475 0.022475
1 0.623047 0.136719 0.022475 0.022475
1 0.640625 0.162109 0.022475 0.022475
1 0.658203 0.144531 0.022475 0.022475
1 0.964844 0.527344 0.022475 0.022475
1 0.987965 0.443359 0.022149 0.022149
1 0.949219 0.367188 0.022475 0.022475
1 0.968750 0.337891 0.022475 0.022475
1 0.974609 0.191406 0.022475 0.022475
1 0.884766 0.285156 0.022475 0.022475
1 0.332031 0.039062 0.022475 0.022475
1 0.410156 0.006615 0.019086 0.019086
1 0.507812 0.054688 0.022475 0.022475
1 0.515625 0.070312 0.022475 0.022475
1 0.701172 0.021484 0.022475 0.022475
1 0.726562 0.006615 0.019086 0.019086
1 0.804688 0.029297 0.022475 0.022475
1 0.833984 0.083984 0.022475 0.022475
1 0.890625 0.076172 0.022475 0.022475
1 0.945312 0.154297 0.022475 0.022475
1 0.943359 0.132812 0.022475 0.022475
1 0.634766 0.261719 0.022475 0.022475
