1 0.916016 0.824219 0.022475 0.022475
1 0.261719 0.388672 0.022475 0.022475
1 0.138672 0.412109 0.022475 0.022475
1 0.074219 0.429688 0.022475 0.022475
1 0.089844 0.417969 0.022475 0.022475
1 0.054688 0.369141 0.022475 0.022475
1 0.123047 0.373047 0.022475 0.022475
1 0.148438 0.349609 0.022475 0.022475
1 0.138672 0.328125 0.022475 0.022475
1 0.171875 0.289062 0.022475 0.022475
1 0.150391 0.296875 0.022475 0.022475
1 0.146484 0.281250 0.022475 0.022475
1 0.052734 0.242188 0.022475 0.022475
1 0.044922 0.199219 0.022475 0.022475
1 0.378906 0.375000 0.022475 0.022475
1 0.550781 0.562500 0.022475 0.022475
1 0.535156 0.556641 0.022475 0.022475
1 0.519531 0.496094 0.022475 0.022475
1 0.503906 0.462891 0.022475 0.022475
1 0.521484 0.425781 0.022475 0.022475
1 0.599609 0.330078 0.022475 0.022475
1 0.656250 0.457031 0.022475 0.022475
1 0.914062 0.599609 0.022475 0.022475
1 0.863281 0.587891 0.022475 0.022475
1 0.843750 0.601562 0.022475 0.022475
1 0.812500 0.583984 0.022475 0.022475
1 0.878906 0.572266 0.022475 0.022475
1 0.650391 0.570312 0.022475 0.022475
1 0.435547 0.480469 0.022475 0.022475
1 0.492188 0.404297 0.022475 0.022475
1 0.673828 0.394531 0.022475 0.022475
1 0.989244 0.566406 0.021367 0.021367
1 0.898438 0.535156 0.022475 0.022475
1 0.757812 0.507812 0.022475 0.022475
1 0.730469 0.466797 0.022475 0.022475
1 0.800781 0.433594 0.022475 0.022475
1 0.769531 0.382812 0.022475 0.022475
1 0.742188 0.351562 0.022475 0.022475
1 0.712891 0.341797 0.022475 0.022475
1 0.986328 0.513672 0.022475 0.022475
1 0.941406 0.287109 0.022475 0.022475
1 0.896484 0.421875 0.022475 0.022475
1 0.923828 0.445312 0.022475 0.022475
1 0.974609 0.408203 0.022475 0.022475
1 0.987965 0.363281 0.022149 0.022149
1 0.880859 0.339844 0.022475 0.022475
1 0.898438 0.333984 0.022475 0.022475
1 0.355469 0.314453 0.022475 0.022475
1 0.822266 0.294922 0.022475 0.022475
1 0.773438 0.279297 0.022475 0.022475
1 0.726562 0.285156 0.022475 0.022475
1 0.710938 0.263672 0.022475 0.022475
1 0.691406 0.234375 0.022475 0.022475
1 0.677734 0.210938 0.022475 0.022475
1 0.869141 0.234375 0.022475 0.022475
1 0.765625 0.128906 0.022475 0.022475
1 0.867188 0.070312 0.022475 0.022475
1 0.993302 0.142578 0.015892 0.015892
1 0.974609 0.173828 0.022475 0.022475
1 0.861328 0.123047 0.022475 0.022475
1 0.904297 0.082031 0.022475 0.022475
1 0.894531 0.056641 0.022475 0.022475
1 0.865234 0.029297 0.022475 0.022475
1 0.708984 0.060547 0.022475 0.022475
1 0.150391 0.234375 0.022475 0.022475
1 0.253906 0.308594 0.022475 0.022475
1 0.216797 0.232422 0.022475 0.022475
1 0.255859 0.240234 0.022475 0.022475
1 0.392578 0.289062 0.022475 0.022475
1 0.107422 0.011719 0.022475 0.022475
1 0.083984 0.093750 0.022475 0.022475
1 0.052734 0.117188 0.022475 0.022475
1 0.191406 0.175781 0.022475 0.022475
1 0.216797 0.123047 0.022475 0.022475
1 0.189453 0.078125 0.022475 0.022475
1 0.177734 0.042969 0.022475 0.022475
1 0.236328 0.062500 0.022475 0.022475
1 0.257812 0.072266 0.022475 0.022475
1 0.240234 0.082031 0.022475 0.022475
1 0.414062 0.010081 0.022149 0.022149
1 0.439453 0.072266 0.022475 0.022475
1 0.490234 0.031250 0.022475 0.022475
1 0.324219 0.080078 0.022475 0.022475
1 0.380859 0.107422 0.022475 0.022475
1 0.378906 0.189453 0.022475 0.022475
1 0.474609 0.199219 0.022475 0.022475
1 0.582031 0.228516 0.022475 0.022475
1 0.517578 0.246094 0.022475 0.022475
1 0.492188 0.259766 0.022475 0.022475
1 0.531250 0.275391 0.022475 0.022475
1 0.521484 0.292969 0.022475 0.022475
1 0.562500 0.306641 0.022475 0.022475
1 0.558594 0.326172 0.022475 0.022475
1 0.492188 0.310547 0.022475 0.022475
1 0.457031 0.314453 0.022475 0.022475
1 0.435547 0.257812 0.022475 0.022475
1 0.818359 0.113281 0.030378 0.030378
1 0.193379 0.599629 0.053713 0.053713
1 0.894531 0.138672 0.030378 0.030378
1 0.673828 0.027344 0.030378 0.030378
1 0.701172 0.019531 0.030378 0.030378
1 0.507812 0.064453 0.030378 0.030378
1 0.496094 0.117188 0.030378 0.030378
1 0.300781 0.054688 0.030378 0.030378
1 0.142578 0.052734 0.030378 0.030378
1 0.466797 0.396484 0.030378 0.030378
1 0.429688 0.949219 0.022475 0.022475
1 0.570312 0.642578 0.022475 0.022475
1 0.554688 0.675781 0.022475 0.022475
1 0.548828 0.660156 0.022475 0.022475
1 0.535156 0.654297 0.022475 0.022475
1 0.490234 0.599609 0.022475 0.022475
1 0.488281 0.615234 0.022475 0.022475
1 0.751953 0.603516 0.022475 0.022475
1 0.710938 0.644531 0.022475 0.022475
1 0.687500 0.640625 0.022475 0.022475
1 0.630859 0.654297 0.022475 0.022475
1 0.662109 0.648438 0.022475 0.022475
1 0.650391 0.722656 0.022475 0.022475
1 0.707031 0.744141 0.022475 0.022475
1 0.679688 0.791016 0.022475 0.022475
1 0.742188 0.785156 0.022475 0.022475
1 0.791016 0.742188 0.022475 0.022475
1 0.839844 0.800781 0.022475 0.022475
1 0.851562 0.769531 0.022475 0.022475
1 0.869141 0.746094 0.022475 0.022475
1 0.855469 0.716797 0.022475 0.022475
1 0.935547 0.849609 0.022475 0.022475
1 0.902344 0.794922 0.022475 0.022475
1 0.912109 0.810547 0.022475 0.022475
1 0.332031 0.382812 0.022475 0.022475
1 0.953125 0.808594 0.022475 0.022475
1 0.962891 0.826172 0.022475 0.022475
1 0.970703 0.894531 0.022475 0.022475
1 0.912109 0.976562 0.022475 0.022475
1 0.845703 0.957031 0.022475 0.022475
1 0.855469 0.871094 0.022475 0.022475
1 0.822266 0.855469 0.022475 0.022475
1 0.753906 0.900391 0.022475 0.022475
1 0.687500 0.957031 0.022475 0.022475
1 0.615234 0.955078 0.022475 0.022475
1 0.640625 0.892578 0.022475 0.022475
1 0.626953 0.875000 0.022475 0.022475
1 0.605469 0.833984 0.022475 0.022475
1 0.468750 0.839844 0.022475 0.022475
1 0.337891 0.835938 0.022475 0.022475
1 0.576172 0.597656 0.022475 0.022475
1 0.191406 0.533203 0.022475 0.022475
1 0.242188 0.517578 0.022475 0.022475
1 0.228516 0.437500 0.022475 0.022475
1 0.302734 0.498047 0.022475 0.022475
1 0.279297 0.531250 0.022475 0.022475
1 0.267578 0.517578 0.022475 0.022475
1 0.482422 0.556641 0.022475 0.022475
1 0.609375 0.810547 0.022475 0.022475
1 0.576172 0.800781 0.022475 0.022475
1 0.539062 0.785156 0.022475 0.022475
1 0.296875 0.824219 0.022475 0.022475
1 0.289062 0.804688 0.022475 0.022475
1 0.166016 0.812500 0.022475 0.022475
1 0.113281 0.812500 0.022475 0.022475
1 0.054688 0.763672 0.022475 0.022475
1 0.039062 0.736328 0.022475 0.022475
1 0.052734 0.673828 0.022475 0.022475
1 0.123047 0.728516 0.022475 0.022475
1 0.125000 0.687500 0.022475 0.022475
1 0.146484 0.689453 0.022475 0.022475
1 0.140625 0.669922 0.022475 0.022475
1 0.154297 0.660156 0.022475 0.022475
1 0.033203 0.607422 0.022475 0.022475
1 0.224609 0.693359 0.022475 0.022475
1 0.240234 0.726562 0.022475 0.022475
1 0.234375 0.759766 0.022475 0.022475
1 0.306641 0.761719 0.022475 0.022475
1 0.351562 0.761719 0.022475 0.022475
1 0.421875 0.730469 0.022475 0.022475
1 0.382812 0.718750 0.022475 0.022475
1 0.373047 0.666016 0.022475 0.022475
1 0.365234 0.632812 0.022475 0.022475
1 0.287109 0.671875 0.022475 0.022475
1 0.263672 0.671875 0.022475 0.022475
1 0.263672 0.650391 0.022475 0.022475
1 0.224609 0.666016 0.022475 0.022475
1 0.191406 0.662109 0.022475 0.022475
1 0.173828 0.652344 0.022475 0.022475
1 0.158203 0.636719 0.022475 0.022475
1 0.070312 0.494141 0.022475 0.022475
1 0.097656 0.546875 0.022475 0.022475
1 0.287109 0.453125 0.022475 0.022475
