1 0.545049 0.517810 0.019022 0.019022
1 0.072392 0.215075 0.019022 0.019022
1 0.060674 0.131091 0.019022 0.019022
1 0.060674 0.119372 0.019022 0.019022
1 0.074345 0.111560 0.019022 0.019022
1 0.093877 0.095935 0.019022 0.019022
1 0.082158 0.068591 0.019022 0.019022
1 0.060674 0.054919 0.019022 0.019022
1 0.070439 0.037341 0.019022 0.019022
1 0.089970 0.009997 0.019022 0.019022
1 0.099736 0.049060 0.019022 0.019022
1 0.117314 0.062732 0.019022 0.019022
1 0.121220 0.037341 0.019022 0.019022
1 0.132939 0.017810 0.019022 0.019022
1 0.146611 0.015857 0.019022 0.019022
1 0.168095 0.017810 0.019022 0.019022
1 0.129033 0.097888 0.019022 0.019022
1 0.154424 0.099841 0.019022 0.019022
1 0.173955 0.080310 0.019022 0.019022
1 0.183720 0.105700 0.019022 0.019022
1 0.117314 0.166247 0.019022 0.019022
1 0.158330 0.195544 0.019022 0.019022
1 0.168095 0.174060 0.019022 0.019022
1 0.273564 0.023669 0.019022 0.019022
1 0.295049 0.060778 0.019022 0.019022
1 0.320439 0.056872 0.019022 0.019022
1 0.388672 0.005983 0.016784 0.016784
1 0.349736 0.070544 0.019022 0.019022
1 0.382939 0.047107 0.019022 0.019022
1 0.351689 0.109607 0.019022 0.019022
1 0.009892 0.246325 0.019022 0.019022
1 0.008386 0.259917 0.018570 0.018570
1 0.031377 0.254138 0.019022 0.019022
1 0.045049 0.306872 0.019022 0.019022
1 0.074345 0.302966 0.019022 0.019022
1 0.093877 0.244372 0.019022 0.019022
1 0.099736 0.283435 0.019022 0.019022
1 0.099736 0.306872 0.019022 0.019022
1 0.113408 0.328357 0.019022 0.019022
1 0.103642 0.355700 0.019022 0.019022
1 0.021611 0.402575 0.019022 0.019022
1 0.048955 0.394763 0.019022 0.019022
1 0.068486 0.408435 0.019022 0.019022
1 0.043095 0.431872 0.019022 0.019022
1 0.068486 0.470935 0.019022 0.019022
1 0.025517 0.484607 0.019022 0.019022
1 0.097783 0.422107 0.019022 0.019022
1 0.117314 0.414294 0.019022 0.019022
1 0.125127 0.435778 0.019022 0.019022
1 0.160283 0.416247 0.019022 0.019022
1 0.142705 0.254138 0.019022 0.019022
1 0.168095 0.320544 0.019022 0.019022
1 0.193486 0.334216 0.019022 0.019022
1 0.211064 0.349841 0.019022 0.019022
1 0.232549 0.392810 0.019022 0.019022
1 0.246220 0.396716 0.019022 0.019022
1 0.207158 0.240466 0.019022 0.019022
1 0.228642 0.248278 0.019022 0.019022
1 0.246220 0.258044 0.019022 0.019022
1 0.254033 0.271716 0.019022 0.019022
1 0.248174 0.222888 0.019022 0.019022
1 0.254033 0.234607 0.019022 0.019022
1 0.281377 0.277575 0.019022 0.019022
1 0.306767 0.232653 0.019022 0.019022
1 0.297002 0.259997 0.019022 0.019022
1 0.314580 0.265857 0.019022 0.019022
1 0.328252 0.269763 0.019022 0.019022
1 0.324345 0.285388 0.019022 0.019022
1 0.287236 0.328357 0.019022 0.019022
1 0.324345 0.195544 0.019022 0.019022
1 0.343877 0.217028 0.019022 0.019022
1 0.347783 0.181872 0.019022 0.019022
1 0.363408 0.176013 0.019022 0.019022
1 0.379033 0.174060 0.019022 0.019022
1 0.394658 0.166247 0.019022 0.019022
1 0.390752 0.138903 0.019022 0.019022
1 0.404424 0.187732 0.019022 0.019022
1 0.402470 0.203357 0.019022 0.019022
1 0.398564 0.220935 0.019022 0.019022
1 0.441533 0.189685 0.019022 0.019022
1 0.482549 0.199450 0.019022 0.019022
1 0.433720 0.045153 0.019022 0.019022
1 0.447392 0.031482 0.019022 0.019022
1 0.472783 0.033435 0.019022 0.019022
1 0.500127 0.019763 0.019022 0.019022
1 0.513799 0.025622 0.019022 0.019022
1 0.513799 0.009997 0.019022 0.019022
1 0.547002 0.013903 0.019022 0.019022
1 0.529424 0.064685 0.019022 0.019022
1 0.545049 0.088122 0.019022 0.019022
1 0.564580 0.064685 0.019022 0.019022
1 0.582158 0.074450 0.019022 0.019022
1 0.505986 0.107653 0.019022 0.019022
1 0.457158 0.125232 0.019022 0.019022
1 0.437627 0.074450 0.019022 0.019022
1 0.496220 0.131091 0.019022 0.019022
1 0.529424 0.127185 0.019022 0.019022
1 0.507939 0.152575 0.019022 0.019022
1 0.525517 0.176013 0.019022 0.019022
1 0.459111 0.250232 0.019022 0.019022
1 0.498174 0.254138 0.019022 0.019022
1 0.515752 0.254138 0.019022 0.019022
1 0.529424 0.220935 0.019022 0.019022
1 0.625000 0.007092 0.017904 0.017904
1 0.632939 0.029528 0.019022 0.019022
1 0.636845 0.064685 0.019022 0.019022
1 0.664189 0.039294 0.019022 0.019022
1 0.662236 0.074450 0.019022 0.019022
1 0.691533 0.062732 0.019022 0.019022
1 0.711064 0.068591 0.019022 0.019022
1 0.744267 0.064685 0.019022 0.019022
1 0.759892 0.039294 0.019022 0.019022
1 0.765752 0.054919 0.019022 0.019022
1 0.613408 0.115466 0.019022 0.019022
1 0.629033 0.117419 0.019022 0.019022
1 0.636845 0.129138 0.019022 0.019022
1 0.630986 0.150622 0.019022 0.019022
1 0.714970 0.136950 0.019022 0.019022
1 0.787236 0.103747 0.019022 0.019022
1 0.773564 0.119372 0.019022 0.019022
1 0.765752 0.150622 0.019022 0.019022
1 0.755986 0.160388 0.019022 0.019022
1 0.703252 0.166247 0.019022 0.019022
1 0.668095 0.207263 0.019022 0.019022
1 0.681767 0.199450 0.019022 0.019022
1 0.711064 0.193591 0.019022 0.019022
1 0.732549 0.183825 0.019022 0.019022
1 0.574345 0.250232 0.019022 0.019022
1 0.345830 0.316638 0.019022 0.019022
1 0.308720 0.381091 0.019022 0.019022
1 0.355595 0.355700 0.019022 0.019022
1 0.359502 0.381091 0.019022 0.019022
1 0.379033 0.287341 0.019022 0.019022
1 0.384892 0.302966 0.019022 0.019022
1 0.439580 0.291247 0.019022 0.019022
1 0.486455 0.285388 0.019022 0.019022
1 0.451299 0.316638 0.019022 0.019022
1 0.449345 0.340075 0.019022 0.019022
1 0.414189 0.369372 0.019022 0.019022
1 0.412236 0.400622 0.019022 0.019022
1 0.451299 0.367419 0.019022 0.019022
1 0.464970 0.379138 0.019022 0.019022
1 0.488408 0.324450 0.019022 0.019022
1 0.494267 0.361560 0.019022 0.019022
1 0.505986 0.361560 0.019022 0.019022
1 0.533330 0.361560 0.019022 0.019022
1 0.554814 0.357653 0.019022 0.019022
1 0.548955 0.338122 0.019022 0.019022
1 0.564580 0.301013 0.019022 0.019022
1 0.589970 0.295153 0.019022 0.019022
1 0.623174 0.275622 0.019022 0.019022
1 0.638799 0.275622 0.019022 0.019022
1 0.689580 0.240466 0.019022 0.019022
1 0.722783 0.252185 0.019022 0.019022
1 0.744267 0.261950 0.019022 0.019022
1 0.775517 0.238513 0.019022 0.019022
1 0.779424 0.259997 0.019022 0.019022
1 0.658330 0.310778 0.019022 0.019022
1 0.642705 0.316638 0.019022 0.019022
1 0.623174 0.332263 0.019022 0.019022
1 0.615361 0.365466 0.019022 0.019022
1 0.672002 0.355700 0.019022 0.019022
1 0.695439 0.324450 0.019022 0.019022
1 0.494267 0.420153 0.019022 0.019022
1 0.461064 0.429919 0.019022 0.019022
1 0.439580 0.445544 0.019022 0.019022
1 0.394658 0.437732 0.019022 0.019022
1 0.386845 0.429919 0.019022 0.019022
1 0.371220 0.429919 0.019022 0.019022
1 0.291142 0.429919 0.019022 0.019022
1 0.273564 0.465075 0.019022 0.019022
1 0.341924 0.459216 0.019022 0.019022
1 0.361455 0.465075 0.019022 0.019022
1 0.798955 0.033435 0.019022 0.019022
1 0.816533 0.019763 0.019022 0.019022
1 0.847783 0.029528 0.019022 0.019022
1 0.832158 0.111560 0.019022 0.019022
1 0.853642 0.115466 0.019022 0.019022
1 0.828252 0.133044 0.019022 0.019022
1 0.851689 0.144763 0.019022 0.019022
1 0.877080 0.097888 0.019022 0.019022
1 0.896611 0.099841 0.019022 0.019022
1 0.894658 0.088122 0.019022 0.019022
1 0.972783 0.103747 0.019022 0.019022
1 0.978642 0.090075 0.019022 0.019022
1 0.992123 0.056881 0.016418 0.016418
1 0.931767 0.144763 0.019022 0.019022
1 0.914189 0.142810 0.019022 0.019022
1 0.898564 0.170153 0.019022 0.019022
1 0.880986 0.189685 0.019022 0.019022
1 0.836064 0.174060 0.019022 0.019022
1 0.841924 0.199450 0.019022 0.019022
1 0.820439 0.215075 0.019022 0.019022
1 0.800908 0.203357 0.019022 0.019022
1 0.750127 0.285388 0.019022 0.019022
1 0.804814 0.269763 0.019022 0.019022
1 0.836064 0.258044 0.019022 0.019022
1 0.886845 0.248278 0.019022 0.019022
1 0.937627 0.230700 0.019022 0.019022
1 0.991039 0.265835 0.017562 0.017562
1 0.959111 0.275622 0.019022 0.019022
1 0.886845 0.283435 0.019022 0.019022
1 0.853642 0.316638 0.019022 0.019022
1 0.802861 0.291247 0.019022 0.019022
1 0.812627 0.301013 0.019022 0.019022
1 0.812627 0.322497 0.019022 0.019022
1 0.765752 0.340075 0.019022 0.019022
1 0.791142 0.343982 0.019022 0.019022
1 0.797002 0.367419 0.019022 0.019022
1 0.993126 0.338178 0.015028 0.015028
1 0.961064 0.384997 0.019022 0.019022
1 0.879033 0.369372 0.019022 0.019022
1 0.863408 0.375232 0.019022 0.019022
1 0.843877 0.392810 0.019022 0.019022
1 0.839970 0.412341 0.019022 0.019022
1 0.886845 0.398669 0.019022 0.019022
1 0.914189 0.386950 0.019022 0.019022
1 0.900517 0.418200 0.019022 0.019022
1 0.890752 0.429919 0.019022 0.019022
1 0.937627 0.426013 0.019022 0.019022
1 0.976689 0.422107 0.019022 0.019022
1 0.993126 0.437787 0.015028 0.015028
1 0.955205 0.441638 0.019022 0.019022
1 0.945439 0.449450 0.019022 0.019022
1 0.974736 0.480700 0.019022 0.019022
1 0.961064 0.490466 0.019022 0.019022
1 0.877080 0.472888 0.019022 0.019022
1 0.884892 0.488513 0.019022 0.019022
1 0.750127 0.367419 0.019022 0.019022
1 0.748174 0.390857 0.019022 0.019022
1 0.734502 0.418200 0.019022 0.019022
1 0.763799 0.441638 0.019022 0.019022
1 0.775517 0.437732 0.019022 0.019022
1 0.757939 0.490466 0.019022 0.019022
1 0.670049 0.394763 0.019022 0.019022
1 0.638799 0.398669 0.019022 0.019022
1 0.652470 0.404528 0.019022 0.019022
1 0.595830 0.445544 0.019022 0.019022
1 0.601689 0.468982 0.019022 0.019022
1 0.642705 0.465075 0.019022 0.019022
1 0.670049 0.467028 0.019022 0.019022
1 0.797002 0.500232 0.019022 0.019022
1 0.816533 0.494372 0.019022 0.019022
1 0.810674 0.523669 0.019022 0.019022
1 0.863408 0.547107 0.019022 0.019022
1 0.933720 0.521716 0.019022 0.019022
1 0.978642 0.519763 0.019022 0.019022
1 0.991039 0.509976 0.017562 0.017562
1 0.992123 0.523678 0.016418 0.016418
1 0.922002 0.592028 0.019022 0.019022
1 0.949345 0.588122 0.019022 0.019022
1 0.959111 0.584216 0.019022 0.019022
1 0.961064 0.636950 0.019022 0.019022
1 0.922002 0.613513 0.019022 0.019022
1 0.890752 0.627185 0.019022 0.019022
1 0.867314 0.619372 0.019022 0.019022
1 0.843877 0.599841 0.019022 0.019022
1 0.820439 0.560778 0.019022 0.019022
1 0.802861 0.547107 0.019022 0.019022
1 0.795049 0.570544 0.019022 0.019022
1 0.740361 0.547107 0.019022 0.019022
1 0.709111 0.554919 0.019022 0.019022
1 0.716924 0.599841 0.019022 0.019022
1 0.740361 0.607653 0.019022 0.019022
1 0.777470 0.609607 0.019022 0.019022
1 0.759892 0.611560 0.019022 0.019022
1 0.767705 0.631091 0.019022 0.019022
1 0.871220 0.668200 0.019022 0.019022
1 0.879033 0.687732 0.019022 0.019022
1 0.925908 0.693591 0.019022 0.019022
1 0.916142 0.711169 0.019022 0.019022
1 0.972783 0.709216 0.019022 0.019022
1 0.550908 0.476794 0.019022 0.019022
1 0.562627 0.486560 0.019022 0.019022
1 0.588017 0.500232 0.019022 0.019022
1 0.529424 0.486560 0.019022 0.019022
1 0.609502 0.547107 0.019022 0.019022
1 0.629033 0.572497 0.019022 0.019022
1 0.601689 0.566638 0.019022 0.019022
1 0.593877 0.578357 0.019022 0.019022
1 0.517705 0.588122 0.019022 0.019022
1 0.488408 0.578357 0.019022 0.019022
1 0.472783 0.455310 0.019022 0.019022
1 0.466924 0.468982 0.019022 0.019022
1 0.453252 0.461169 0.019022 0.019022
1 0.445439 0.482653 0.019022 0.019022
1 0.414189 0.463122 0.019022 0.019022
1 0.422002 0.496325 0.019022 0.019022
1 0.420049 0.513903 0.019022 0.019022
1 0.402470 0.494372 0.019022 0.019022
1 0.478642 0.527575 0.019022 0.019022
1 0.441533 0.545153 0.019022 0.019022
1 0.447392 0.556872 0.019022 0.019022
1 0.455205 0.586169 0.019022 0.019022
1 0.470830 0.619372 0.019022 0.019022
1 0.574345 0.609607 0.019022 0.019022
1 0.566533 0.621325 0.019022 0.019022
1 0.584111 0.636950 0.019022 0.019022
1 0.601689 0.617419 0.019022 0.019022
1 0.615361 0.623278 0.019022 0.019022
1 0.627080 0.625232 0.019022 0.019022
1 0.636845 0.633044 0.019022 0.019022
1 0.664189 0.672107 0.019022 0.019022
1 0.640752 0.679919 0.019022 0.019022
1 0.648564 0.687732 0.019022 0.019022
1 0.623174 0.668200 0.019022 0.019022
1 0.615361 0.662341 0.019022 0.019022
1 0.576299 0.677966 0.019022 0.019022
1 0.564580 0.664294 0.019022 0.019022
1 0.515752 0.660388 0.019022 0.019022
1 0.498174 0.679919 0.019022 0.019022
1 0.355595 0.498278 0.019022 0.019022
1 0.380986 0.511950 0.019022 0.019022
1 0.314580 0.498278 0.019022 0.019022
1 0.351689 0.527575 0.019022 0.019022
1 0.359502 0.539294 0.019022 0.019022
1 0.404424 0.539294 0.019022 0.019022
1 0.380986 0.545153 0.019022 0.019022
1 0.375127 0.558825 0.019022 0.019022
1 0.357549 0.564685 0.019022 0.019022
1 0.297002 0.552966 0.019022 0.019022
1 0.304814 0.595935 0.019022 0.019022
1 0.398564 0.574450 0.019022 0.019022
1 0.320439 0.634997 0.019022 0.019022
1 0.353642 0.646716 0.019022 0.019022
1 0.386845 0.666247 0.019022 0.019022
1 0.402470 0.636950 0.019022 0.019022
1 0.425908 0.644763 0.019022 0.019022
1 0.449345 0.631091 0.019022 0.019022
1 0.435674 0.670153 0.019022 0.019022
1 0.455205 0.697497 0.019022 0.019022
1 0.433720 0.695544 0.019022 0.019022
1 0.402470 0.689685 0.019022 0.019022
1 0.394658 0.703357 0.019022 0.019022
1 0.414189 0.705310 0.019022 0.019022
1 0.339970 0.701403 0.019022 0.019022
1 0.310674 0.717028 0.019022 0.019022
1 0.576299 0.711169 0.019022 0.019022
1 0.007126 0.498107 0.017768 0.017768
1 0.021611 0.515857 0.019022 0.019022
1 0.015752 0.541247 0.019022 0.019022
1 0.007126 0.605529 0.017768 0.017768
1 0.054814 0.578357 0.019022 0.019022
1 0.076299 0.586169 0.019022 0.019022
1 0.084111 0.613513 0.019022 0.019022
1 0.056767 0.617419 0.019022 0.019022
1 0.045049 0.644763 0.019022 0.019022
1 0.074345 0.633044 0.019022 0.019022
1 0.121220 0.650622 0.019022 0.019022
1 0.107549 0.668200 0.019022 0.019022
1 0.125127 0.593982 0.019022 0.019022
1 0.113408 0.527575 0.019022 0.019022
1 0.101689 0.500232 0.019022 0.019022
1 0.125127 0.484607 0.019022 0.019022
1 0.150517 0.476794 0.019022 0.019022
1 0.136845 0.508044 0.019022 0.019022
1 0.168095 0.513903 0.019022 0.019022
1 0.179814 0.490466 0.019022 0.019022
1 0.201299 0.472888 0.019022 0.019022
1 0.214970 0.508044 0.019022 0.019022
1 0.228642 0.521716 0.019022 0.019022
1 0.254033 0.529528 0.019022 0.019022
1 0.273564 0.552966 0.019022 0.019022
1 0.257939 0.574450 0.019022 0.019022
1 0.211064 0.568591 0.019022 0.019022
1 0.216924 0.609607 0.019022 0.019022
1 0.197392 0.642810 0.019022 0.019022
1 0.224736 0.648669 0.019022 0.019022
1 0.218877 0.666247 0.019022 0.019022
1 0.254033 0.640857 0.019022 0.019022
1 0.271611 0.654528 0.019022 0.019022
1 0.269658 0.603747 0.019022 0.019022
1 0.008386 0.681792 0.018570 0.018570
1 0.066533 0.677966 0.019022 0.019022
1 0.060674 0.718982 0.019022 0.019022
1 0.031377 0.738513 0.019022 0.019022
1 0.045049 0.742419 0.019022 0.019022
1 0.033330 0.754138 0.019022 0.019022
1 0.056767 0.769763 0.019022 0.019022
1 0.080205 0.750232 0.019022 0.019022
1 0.035283 0.787341 0.019022 0.019022
1 0.035283 0.802966 0.019022 0.019022
1 0.070439 0.810778 0.019022 0.019022
1 0.064580 0.834216 0.019022 0.019022
1 0.047002 0.855700 0.019022 0.019022
1 0.048955 0.867419 0.019022 0.019022
1 0.074345 0.871325 0.019022 0.019022
1 0.105595 0.845935 0.019022 0.019022
1 0.119267 0.875232 0.019022 0.019022
1 0.082158 0.705310 0.019022 0.019022
1 0.109502 0.691638 0.019022 0.019022
1 0.132939 0.711169 0.019022 0.019022
1 0.170049 0.703357 0.019022 0.019022
1 0.175908 0.672107 0.019022 0.019022
1 0.195439 0.740466 0.019022 0.019022
1 0.152470 0.744372 0.019022 0.019022
1 0.170049 0.754138 0.019022 0.019022
1 0.146611 0.779528 0.019022 0.019022
1 0.170049 0.793200 0.019022 0.019022
1 0.132939 0.820544 0.019022 0.019022
1 0.150517 0.840075 0.019022 0.019022
1 0.187627 0.797107 0.019022 0.019022
1 0.195439 0.861560 0.019022 0.019022
1 0.173955 0.871325 0.019022 0.019022
1 0.158330 0.898669 0.019022 0.019022
1 0.242314 0.732653 0.019022 0.019022
1 0.234502 0.789294 0.019022 0.019022
1 0.248174 0.802966 0.019022 0.019022
1 0.242314 0.845935 0.019022 0.019022
1 0.232549 0.875232 0.019022 0.019022
1 0.265752 0.843982 0.019022 0.019022
1 0.271611 0.877185 0.019022 0.019022
1 0.289189 0.830310 0.019022 0.019022
1 0.287236 0.793200 0.019022 0.019022
1 0.289189 0.765857 0.019022 0.019022
1 0.312627 0.744372 0.019022 0.019022
1 0.300908 0.892810 0.019022 0.019022
1 0.025517 0.904528 0.019022 0.019022
1 0.011845 0.914294 0.019022 0.019022
1 0.023564 0.939685 0.019022 0.019022
1 0.011845 0.988513 0.019022 0.019022
1 0.039189 0.976794 0.019022 0.019022
1 0.074345 0.976794 0.019022 0.019022
1 0.113408 0.900622 0.019022 0.019022
1 0.144658 0.920153 0.019022 0.019022
1 0.127080 0.972888 0.019022 0.019022
1 0.142705 0.988513 0.019022 0.019022
1 0.179858 0.992340 0.016418 0.016418
1 0.187627 0.898669 0.019022 0.019022
1 0.201299 0.924060 0.019022 0.019022
1 0.216924 0.910388 0.019022 0.019022
1 0.246220 0.976794 0.019022 0.019022
1 0.302861 0.929919 0.019022 0.019022
1 0.310674 0.959216 0.019022 0.019022
1 0.300908 0.978747 0.019022 0.019022
1 0.318486 0.982653 0.019022 0.019022
1 0.365361 0.984607 0.019022 0.019022
1 0.363408 0.965075 0.019022 0.019022
1 0.375127 0.941638 0.019022 0.019022
1 0.308720 0.838122 0.019022 0.019022
1 0.322392 0.830310 0.019022 0.019022
1 0.336064 0.828357 0.019022 0.019022
1 0.318486 0.804919 0.019022 0.019022
1 0.373174 0.865466 0.019022 0.019022
1 0.371220 0.834216 0.019022 0.019022
1 0.324345 0.783435 0.019022 0.019022
1 0.330205 0.756091 0.019022 0.019022
1 0.347783 0.775622 0.019022 0.019022
1 0.365361 0.785388 0.019022 0.019022
1 0.371220 0.738513 0.019022 0.019022
1 0.379033 0.722888 0.019022 0.019022
1 0.433720 0.724841 0.019022 0.019022
1 0.447392 0.740466 0.019022 0.019022
1 0.461064 0.765857 0.019022 0.019022
1 0.445439 0.802966 0.019022 0.019022
1 0.400517 0.832263 0.019022 0.019022
1 0.410283 0.843982 0.019022 0.019022
1 0.390752 0.879138 0.019022 0.019022
1 0.402470 0.875232 0.019022 0.019022
1 0.461064 0.906482 0.019022 0.019022
1 0.515752 0.904528 0.019022 0.019022
1 0.504033 0.843982 0.019022 0.019022
1 0.509892 0.816638 0.019022 0.019022
1 0.513799 0.795153 0.019022 0.019022
1 0.500127 0.789294 0.019022 0.019022
1 0.490361 0.746325 0.019022 0.019022
1 0.527470 0.871325 0.019022 0.019022
1 0.529424 0.890857 0.019022 0.019022
1 0.543095 0.875232 0.019022 0.019022
1 0.570439 0.875232 0.019022 0.019022
1 0.584111 0.898669 0.019022 0.019022
1 0.605595 0.883044 0.019022 0.019022
1 0.632939 0.894763 0.019022 0.019022
1 0.658330 0.849841 0.019022 0.019022
1 0.670049 0.871325 0.019022 0.019022
1 0.545049 0.816638 0.019022 0.019022
1 0.566533 0.799060 0.019022 0.019022
1 0.588017 0.781482 0.019022 0.019022
1 0.572392 0.761950 0.019022 0.019022
1 0.607549 0.802966 0.019022 0.019022
1 0.605595 0.826403 0.019022 0.019022
1 0.609502 0.840075 0.019022 0.019022
1 0.425908 0.929919 0.019022 0.019022
1 0.490361 0.943591 0.019022 0.019022
1 0.439580 0.951403 0.019022 0.019022
1 0.437627 0.965075 0.019022 0.019022
1 0.482549 0.978747 0.019022 0.019022
1 0.547002 0.945544 0.019022 0.019022
1 0.562627 0.963122 0.019022 0.019022
1 0.586064 0.961169 0.019022 0.019022
1 0.556811 0.992340 0.016418 0.016418
1 0.691533 0.986560 0.019022 0.019022
1 0.685674 0.871325 0.019022 0.019022
1 0.713017 0.988513 0.019022 0.019022
1 0.713017 0.957263 0.019022 0.019022
1 0.726689 0.949450 0.019022 0.019022
1 0.787236 0.982653 0.019022 0.019022
1 0.841967 0.992340 0.016418 0.016418
1 0.824345 0.972888 0.019022 0.019022
1 0.800908 0.955310 0.019022 0.019022
1 0.910364 0.993253 0.014866 0.014866
1 0.964976 0.990111 0.018635 0.018635
1 0.884892 0.961169 0.019022 0.019022
1 0.900517 0.955310 0.019022 0.019022
1 0.851689 0.926013 0.019022 0.019022
1 0.841924 0.902575 0.019022 0.019022
1 0.714970 0.900622 0.019022 0.019022
1 0.785283 0.871325 0.019022 0.019022
1 0.701299 0.855700 0.019022 0.019022
1 0.726689 0.843982 0.019022 0.019022
1 0.744267 0.836169 0.019022 0.019022
1 0.679814 0.834216 0.019022 0.019022
1 0.744267 0.808825 0.019022 0.019022
1 0.720830 0.801013 0.019022 0.019022
1 0.705205 0.791247 0.019022 0.019022
1 0.648564 0.765857 0.019022 0.019022
1 0.636845 0.758044 0.019022 0.019022
1 0.656377 0.746325 0.019022 0.019022
1 0.621220 0.724841 0.019022 0.019022
1 0.613408 0.715075 0.019022 0.019022
1 0.591924 0.707263 0.019022 0.019022
1 0.705205 0.736560 0.019022 0.019022
1 0.988408 0.947497 0.019022 0.019022
1 0.968877 0.941638 0.019022 0.019022
1 0.947392 0.949450 0.019022 0.019022
1 0.929814 0.941638 0.019022 0.019022
1 0.970830 0.894763 0.019022 0.019022
1 0.937627 0.902575 0.019022 0.019022
1 0.929814 0.879138 0.019022 0.019022
1 0.976689 0.840075 0.019022 0.019022
1 0.978642 0.816638 0.019022 0.019022
1 0.933720 0.742419 0.019022 0.019022
1 0.912236 0.806872 0.019022 0.019022
1 0.802861 0.779528 0.019022 0.019022
1 0.757939 0.765857 0.019022 0.019022
1 0.728642 0.754138 0.019022 0.019022
1 0.748174 0.734607 0.019022 0.019022
1 0.726689 0.720935 0.019022 0.019022
1 0.787236 0.802966 0.019022 0.019022
1 0.800908 0.818591 0.019022 0.019022
1 0.857549 0.822497 0.019022 0.019022
1 0.880986 0.818591 0.019022 0.019022
1 0.904424 0.826403 0.019022 0.019022
1 0.847783 0.724841 0.019022 0.019022
1 0.755986 0.679919 0.019022 0.019022
1 0.984502 0.670153 0.019022 0.019022
1 0.992123 0.658444 0.016418 0.016418
1 0.986455 0.615466 0.019022 0.019022
1 0.982549 0.601794 0.019022 0.019022
