1 0.406377 0.367419 0.019022 0.019022
1 0.515752 0.304919 0.019022 0.019022
1 0.511845 0.291247 0.019022 0.019022
1 0.564580 0.812732 0.019022 0.019022
1 0.531377 0.281482 0.019022 0.019022
1 0.513799 0.269763 0.019022 0.019022
1 0.494267 0.269763 0.019022 0.019022
1 0.269658 0.248278 0.019022 0.019022
1 0.298955 0.252185 0.019022 0.019022
1 0.293095 0.273669 0.019022 0.019022
1 0.261845 0.301013 0.019022 0.019022
1 0.242314 0.273669 0.019022 0.019022
1 0.328252 0.273669 0.019022 0.019022
1 0.336064 0.295153 0.019022 0.019022
1 0.357549 0.283435 0.019022 0.019022
1 0.343877 0.265857 0.019022 0.019022
1 0.365361 0.258044 0.019022 0.019022
1 0.357549 0.232653 0.019022 0.019022
1 0.380986 0.287341 0.019022 0.019022
1 0.369267 0.306872 0.019022 0.019022
1 0.343877 0.330310 0.019022 0.019022
1 0.318486 0.230700 0.019022 0.019022
1 0.293095 0.222888 0.019022 0.019022
1 0.275517 0.222888 0.019022 0.019022
1 0.246220 0.224841 0.019022 0.019022
1 0.246220 0.258044 0.019022 0.019022
1 0.218877 0.281482 0.019022 0.019022
1 0.199345 0.285388 0.019022 0.019022
1 0.172002 0.267810 0.019022 0.019022
1 0.187627 0.263903 0.019022 0.019022
1 0.183720 0.238513 0.019022 0.019022
1 0.207158 0.218982 0.019022 0.019022
1 0.209111 0.195544 0.019022 0.019022
1 0.179814 0.211169 0.019022 0.019022
1 0.164189 0.218982 0.019022 0.019022
1 0.140752 0.234607 0.019022 0.019022
1 0.162236 0.185778 0.019022 0.019022
1 0.183720 0.176013 0.019022 0.019022
1 0.261845 0.199450 0.019022 0.019022
1 0.228642 0.183825 0.019022 0.019022
1 0.259892 0.174060 0.019022 0.019022
1 0.300908 0.183825 0.019022 0.019022
1 0.328252 0.195544 0.019022 0.019022
1 0.380986 0.195544 0.019022 0.019022
1 0.408330 0.187732 0.019022 0.019022
1 0.433720 0.258044 0.019022 0.019022
1 0.447392 0.259997 0.019022 0.019022
1 0.416142 0.226794 0.019022 0.019022
1 0.410283 0.256091 0.019022 0.019022
1 0.394658 0.246325 0.019022 0.019022
1 0.394658 0.316638 0.019022 0.019022
1 0.377080 0.334216 0.019022 0.019022
1 0.377080 0.351794 0.019022 0.019022
1 0.402470 0.351794 0.019022 0.019022
1 0.435674 0.353747 0.019022 0.019022
1 0.449345 0.367419 0.019022 0.019022
1 0.468877 0.377185 0.019022 0.019022
1 0.488408 0.361560 0.019022 0.019022
1 0.513799 0.351794 0.019022 0.019022
1 0.494267 0.342028 0.019022 0.019022
1 0.490361 0.310778 0.019022 0.019022
1 0.455205 0.322497 0.019022 0.019022
1 0.429814 0.316638 0.019022 0.019022
1 0.408330 0.314685 0.019022 0.019022
1 0.402470 0.293200 0.019022 0.019022
1 0.425908 0.297107 0.019022 0.019022
1 0.443486 0.299060 0.019022 0.019022
1 0.461064 0.297107 0.019022 0.019022
1 0.474736 0.234607 0.019022 0.019022
1 0.463017 0.215075 0.019022 0.019022
1 0.449345 0.191638 0.019022 0.019022
1 0.468877 0.187732 0.019022 0.019022
1 0.505986 0.215075 0.019022 0.019022
1 0.509892 0.195544 0.019022 0.019022
1 0.492314 0.181872 0.019022 0.019022
1 0.529424 0.185778 0.019022 0.019022
1 0.523564 0.244372 0.019022 0.019022
1 0.539189 0.258044 0.019022 0.019022
1 0.554814 0.267810 0.019022 0.019022
1 0.564580 0.256091 0.019022 0.019022
1 0.580205 0.263903 0.019022 0.019022
1 0.548955 0.242419 0.019022 0.019022
1 0.537236 0.230700 0.019022 0.019022
1 0.552861 0.215075 0.019022 0.019022
1 0.574345 0.230700 0.019022 0.019022
1 0.572392 0.203357 0.019022 0.019022
1 0.582158 0.218982 0.019022 0.019022
1 0.597783 0.226794 0.019022 0.019022
1 0.595830 0.209216 0.019022 0.019022
1 0.599736 0.195544 0.019022 0.019022
1 0.136845 0.199450 0.019022 0.019022
1 0.121220 0.213122 0.019022 0.019022
1 0.097783 0.213122 0.019022 0.019022
1 0.107549 0.189685 0.019022 0.019022
1 0.129033 0.179919 0.019022 0.019022
1 0.132939 0.156482 0.019022 0.019022
1 0.156377 0.166247 0.019022 0.019022
1 0.134892 0.133044 0.019022 0.019022
1 0.101689 0.119372 0.019022 0.019022
1 0.125127 0.123278 0.019022 0.019022
1 0.113408 0.103747 0.019022 0.019022
1 0.099736 0.082263 0.019022 0.019022
1 0.130986 0.084216 0.019022 0.019022
1 0.158330 0.097888 0.019022 0.019022
1 0.177861 0.099841 0.019022 0.019022
1 0.164189 0.119372 0.019022 0.019022
1 0.166142 0.142810 0.019022 0.019022
1 0.193486 0.138903 0.019022 0.019022
1 0.214970 0.136950 0.019022 0.019022
1 0.226689 0.164294 0.019022 0.019022
1 0.246220 0.148669 0.019022 0.019022
1 0.261845 0.125232 0.019022 0.019022
1 0.283330 0.136950 0.019022 0.019022
1 0.281377 0.170153 0.019022 0.019022
1 0.289189 0.160388 0.019022 0.019022
1 0.302861 0.162341 0.019022 0.019022
1 0.209111 0.093982 0.019022 0.019022
1 0.209111 0.111560 0.019022 0.019022
1 0.193486 0.115466 0.019022 0.019022
1 0.220830 0.121325 0.019022 0.019022
1 0.043095 0.117419 0.019022 0.019022
1 0.062627 0.119372 0.019022 0.019022
1 0.021611 0.115466 0.019022 0.019022
1 0.005025 0.095785 0.015269 0.015269
1 0.015752 0.088122 0.019022 0.019022
1 0.029424 0.093982 0.019022 0.019022
1 0.052861 0.092028 0.019022 0.019022
1 0.072392 0.064685 0.019022 0.019022
1 0.058720 0.136950 0.019022 0.019022
1 0.080205 0.144763 0.019022 0.019022
1 0.039189 0.183825 0.019022 0.019022
1 0.021611 0.183825 0.019022 0.019022
1 0.023564 0.164294 0.019022 0.019022
1 0.005025 0.150472 0.015269 0.015269
1 0.013799 0.142810 0.019022 0.019022
1 0.064580 0.205310 0.019022 0.019022
1 0.029424 0.207263 0.019022 0.019022
1 0.006036 0.211006 0.016639 0.016639
1 0.031377 0.222888 0.019022 0.019022
1 0.013799 0.236560 0.019022 0.019022
1 0.043095 0.236560 0.019022 0.019022
1 0.045049 0.254138 0.019022 0.019022
1 0.058720 0.263903 0.019022 0.019022
1 0.086064 0.263903 0.019022 0.019022
1 0.074345 0.234607 0.019022 0.019022
1 0.088017 0.242419 0.019022 0.019022
1 0.103642 0.246325 0.019022 0.019022
1 0.130986 0.256091 0.019022 0.019022
1 0.148564 0.256091 0.019022 0.019022
1 0.150517 0.275622 0.019022 0.019022
1 0.086064 0.176013 0.019022 0.019022
1 0.066533 0.181872 0.019022 0.019022
1 0.043095 0.162341 0.019022 0.019022
1 0.148564 0.078357 0.019022 0.019022
1 0.308720 0.101794 0.019022 0.019022
1 0.228642 0.086169 0.019022 0.019022
1 0.006036 0.062569 0.016639 0.016639
1 0.035283 0.054919 0.019022 0.019022
1 0.013799 0.025622 0.019022 0.019022
1 0.037236 0.021716 0.019022 0.019022
1 0.039062 0.007092 0.017904 0.017904
1 0.066406 0.008276 0.018830 0.018830
1 0.043095 0.033435 0.019022 0.019022
1 0.058720 0.029528 0.019022 0.019022
1 0.066533 0.045153 0.019022 0.019022
1 0.086064 0.049060 0.019022 0.019022
1 0.095830 0.035388 0.019022 0.019022
1 0.111455 0.021716 0.019022 0.019022
1 0.123047 0.007092 0.017904 0.017904
1 0.146611 0.015857 0.019022 0.019022
1 0.142705 0.045153 0.019022 0.019022
1 0.125127 0.054919 0.019022 0.019022
1 0.164189 0.070544 0.019022 0.019022
1 0.183720 0.056872 0.019022 0.019022
1 0.175908 0.043200 0.019022 0.019022
1 0.193486 0.039294 0.019022 0.019022
1 0.213017 0.023669 0.019022 0.019022
1 0.185674 0.017810 0.019022 0.019022
1 0.199219 0.005983 0.016784 0.016784
1 0.222783 0.049060 0.019022 0.019022
1 0.213017 0.066638 0.019022 0.019022
1 0.248174 0.066638 0.019022 0.019022
1 0.252080 0.084216 0.019022 0.019022
1 0.267705 0.090075 0.019022 0.019022
1 0.287236 0.082263 0.019022 0.019022
1 0.302861 0.064685 0.019022 0.019022
1 0.257939 0.037341 0.019022 0.019022
1 0.300908 0.035388 0.019022 0.019022
1 0.275517 0.019763 0.019022 0.019022
1 0.253906 0.007092 0.017904 0.017904
1 0.279297 0.008276 0.018830 0.018830
1 0.337891 0.004943 0.015427 0.015427
1 0.375127 0.041247 0.019022 0.019022
1 0.398564 0.027575 0.019022 0.019022
1 0.414189 0.015857 0.019022 0.019022
1 0.431641 0.005983 0.016784 0.016784
1 0.443486 0.031482 0.019022 0.019022
1 0.439580 0.049060 0.019022 0.019022
1 0.478642 0.009997 0.019022 0.019022
1 0.494267 0.023669 0.019022 0.019022
1 0.505859 0.007092 0.017904 0.017904
1 0.523564 0.023669 0.019022 0.019022
1 0.478642 0.045153 0.019022 0.019022
1 0.474736 0.064685 0.019022 0.019022
1 0.472783 0.084216 0.019022 0.019022
1 0.505986 0.086169 0.019022 0.019022
1 0.525517 0.086169 0.019022 0.019022
1 0.533330 0.064685 0.019022 0.019022
1 0.402470 0.076403 0.019022 0.019022
1 0.416142 0.084216 0.019022 0.019022
1 0.382939 0.103747 0.019022 0.019022
1 0.392705 0.119372 0.019022 0.019022
1 0.377080 0.146716 0.019022 0.019022
1 0.386845 0.170153 0.019022 0.019022
1 0.349736 0.174060 0.019022 0.019022
1 0.326299 0.170153 0.019022 0.019022
1 0.324345 0.154528 0.019022 0.019022
1 0.324345 0.127185 0.019022 0.019022
1 0.306767 0.133044 0.019022 0.019022
1 0.287236 0.115466 0.019022 0.019022
1 0.273564 0.109607 0.019022 0.019022
1 0.254033 0.107653 0.019022 0.019022
1 0.234502 0.105700 0.019022 0.019022
1 0.423955 0.111560 0.019022 0.019022
1 0.441533 0.097888 0.019022 0.019022
1 0.410283 0.138903 0.019022 0.019022
1 0.476689 0.160388 0.019022 0.019022
1 0.505986 0.156482 0.019022 0.019022
1 0.476689 0.134997 0.019022 0.019022
1 0.478642 0.117419 0.019022 0.019022
1 0.463017 0.111560 0.019022 0.019022
1 0.498174 0.119372 0.019022 0.019022
1 0.519658 0.125232 0.019022 0.019022
1 0.545049 0.121325 0.019022 0.019022
1 0.547002 0.092028 0.019022 0.019022
1 0.570439 0.103747 0.019022 0.019022
1 0.548955 0.062732 0.019022 0.019022
1 0.570439 0.058825 0.019022 0.019022
1 0.580205 0.076403 0.019022 0.019022
1 0.595830 0.068591 0.019022 0.019022
1 0.597783 0.103747 0.019022 0.019022
1 0.613408 0.064685 0.019022 0.019022
1 0.636845 0.072497 0.019022 0.019022
1 0.625127 0.086169 0.019022 0.019022
1 0.625127 0.103747 0.019022 0.019022
1 0.644658 0.093982 0.019022 0.019022
1 0.584111 0.162341 0.019022 0.019022
1 0.564580 0.177966 0.019022 0.019022
1 0.586064 0.183825 0.019022 0.019022
1 0.613408 0.183825 0.019022 0.019022
1 0.613408 0.156482 0.019022 0.019022
1 0.574345 0.133044 0.019022 0.019022
1 0.593877 0.133044 0.019022 0.019022
1 0.611455 0.127185 0.019022 0.019022
1 0.644658 0.162341 0.019022 0.019022
1 0.638799 0.191638 0.019022 0.019022
1 0.629033 0.211169 0.019022 0.019022
1 0.654424 0.201403 0.019022 0.019022
1 0.677861 0.211169 0.019022 0.019022
1 0.699345 0.211169 0.019022 0.019022
1 0.718877 0.199450 0.019022 0.019022
1 0.711064 0.183825 0.019022 0.019022
1 0.693486 0.187732 0.019022 0.019022
1 0.677861 0.162341 0.019022 0.019022
1 0.679814 0.146716 0.019022 0.019022
1 0.648564 0.138903 0.019022 0.019022
1 0.644658 0.121325 0.019022 0.019022
1 0.660283 0.117419 0.019022 0.019022
1 0.666142 0.105700 0.019022 0.019022
1 0.666142 0.090075 0.019022 0.019022
1 0.691533 0.092028 0.019022 0.019022
1 0.681767 0.127185 0.019022 0.019022
1 0.734502 0.111560 0.019022 0.019022
1 0.716924 0.129138 0.019022 0.019022
1 0.754033 0.136950 0.019022 0.019022
1 0.746220 0.152575 0.019022 0.019022
1 0.744267 0.172107 0.019022 0.019022
1 0.718877 0.164294 0.019022 0.019022
1 0.699345 0.162341 0.019022 0.019022
1 0.658330 0.064685 0.019022 0.019022
1 0.603642 0.041247 0.019022 0.019022
1 0.588017 0.041247 0.019022 0.019022
1 0.554814 0.037341 0.019022 0.019022
1 0.543095 0.015857 0.019022 0.019022
1 0.621220 0.025622 0.019022 0.019022
1 0.605595 0.023669 0.019022 0.019022
1 0.644658 0.043200 0.019022 0.019022
1 0.640752 0.023669 0.019022 0.019022
1 0.664189 0.029528 0.019022 0.019022
1 0.679814 0.013903 0.019022 0.019022
1 0.703252 0.037341 0.019022 0.019022
1 0.716797 0.004943 0.015427 0.015427
1 0.738281 0.004943 0.015427 0.015427
1 0.759892 0.011950 0.019022 0.019022
1 0.746220 0.031482 0.019022 0.019022
1 0.728642 0.035388 0.019022 0.019022
1 0.750127 0.074450 0.019022 0.019022
1 0.736455 0.072497 0.019022 0.019022
1 0.767705 0.070544 0.019022 0.019022
1 0.677861 0.068591 0.019022 0.019022
1 0.689580 0.080310 0.019022 0.019022
1 0.709111 0.062732 0.019022 0.019022
1 0.681767 0.248278 0.019022 0.019022
1 0.611328 0.004943 0.015427 0.015427
1 0.634766 0.007092 0.017904 0.017904
1 0.584111 0.019763 0.019022 0.019022
1 0.564580 0.013903 0.019022 0.019022
1 0.562500 0.004006 0.013763 0.013763
1 0.777344 0.004006 0.013763 0.013763
1 0.816406 0.007092 0.017904 0.017904
1 0.797002 0.017810 0.019022 0.019022
1 0.779424 0.027575 0.019022 0.019022
1 0.771611 0.043200 0.019022 0.019022
1 0.791142 0.062732 0.019022 0.019022
1 0.810674 0.074450 0.019022 0.019022
1 0.791142 0.092028 0.019022 0.019022
1 0.777470 0.103747 0.019022 0.019022
1 0.771611 0.115466 0.019022 0.019022
1 0.802861 0.133044 0.019022 0.019022
1 0.781377 0.144763 0.019022 0.019022
1 0.808720 0.113513 0.019022 0.019022
1 0.828252 0.131091 0.019022 0.019022
1 0.818486 0.099841 0.019022 0.019022
1 0.810674 0.041247 0.019022 0.019022
1 0.824345 0.045153 0.019022 0.019022
1 0.847783 0.056872 0.019022 0.019022
1 0.867314 0.058825 0.019022 0.019022
1 0.851689 0.039294 0.019022 0.019022
1 0.867188 0.007092 0.017904 0.017904
1 0.880986 0.011950 0.019022 0.019022
1 0.890752 0.023669 0.019022 0.019022
1 0.912109 0.008276 0.018830 0.018830
1 0.927861 0.023669 0.019022 0.019022
1 0.906377 0.062732 0.019022 0.019022
1 0.929814 0.074450 0.019022 0.019022
1 0.863408 0.082263 0.019022 0.019022
1 0.853642 0.105700 0.019022 0.019022
1 0.851689 0.125232 0.019022 0.019022
1 0.873174 0.101794 0.019022 0.019022
1 0.798955 0.172107 0.019022 0.019022
1 0.810674 0.160388 0.019022 0.019022
1 0.814580 0.150622 0.019022 0.019022
1 0.836064 0.172107 0.019022 0.019022
1 0.859502 0.177966 0.019022 0.019022
1 0.867314 0.154528 0.019022 0.019022
1 0.875127 0.168200 0.019022 0.019022
1 0.892705 0.166247 0.019022 0.019022
1 0.882939 0.185778 0.019022 0.019022
1 0.892705 0.133044 0.019022 0.019022
1 0.906377 0.115466 0.019022 0.019022
1 0.890752 0.093982 0.019022 0.019022
1 0.910283 0.092028 0.019022 0.019022
1 0.939580 0.093982 0.019022 0.019022
1 0.968877 0.095935 0.019022 0.019022
1 0.993126 0.103803 0.015028 0.015028
1 0.989874 0.129096 0.018505 0.018505
1 0.968877 0.131091 0.019022 0.019022
1 0.939580 0.119372 0.019022 0.019022
1 0.933720 0.136950 0.019022 0.019022
1 0.922002 0.127185 0.019022 0.019022
1 0.991039 0.148648 0.017562 0.017562
1 0.980595 0.072497 0.019022 0.019022
1 0.991039 0.049038 0.017562 0.017562
1 0.966924 0.052966 0.019022 0.019022
1 0.963017 0.037341 0.019022 0.019022
1 0.989874 0.025580 0.018505 0.018505
1 0.978642 0.021716 0.019022 0.019022
1 0.970703 0.008276 0.018830 0.018830
1 0.961064 0.021716 0.019022 0.019022
1 0.974736 0.158435 0.019022 0.019022
1 0.955205 0.150622 0.019022 0.019022
1 0.939580 0.162341 0.019022 0.019022
1 0.941533 0.179919 0.019022 0.019022
1 0.925908 0.183825 0.019022 0.019022
1 0.920049 0.166247 0.019022 0.019022
1 0.908330 0.158435 0.019022 0.019022
1 0.904424 0.201403 0.019022 0.019022
1 0.904424 0.189685 0.019022 0.019022
1 0.920049 0.213122 0.019022 0.019022
1 0.939580 0.201403 0.019022 0.019022
1 0.972783 0.179919 0.019022 0.019022
1 0.986455 0.177966 0.019022 0.019022
1 0.994792 0.197769 0.011345 0.011345
1 0.980595 0.203357 0.019022 0.019022
1 0.968877 0.207263 0.019022 0.019022
1 0.953252 0.226794 0.019022 0.019022
1 0.982549 0.226794 0.019022 0.019022
1 0.775517 0.185778 0.019022 0.019022
1 0.650517 0.328357 0.019022 0.019022
1 0.683720 0.375232 0.019022 0.019022
1 0.705205 0.373278 0.019022 0.019022
1 0.666142 0.388903 0.019022 0.019022
1 0.636845 0.384997 0.019022 0.019022
1 0.613408 0.369372 0.019022 0.019022
1 0.716924 0.353747 0.019022 0.019022
1 0.533330 0.310778 0.019022 0.019022
1 0.711064 0.297107 0.019022 0.019022
1 0.548955 0.306872 0.019022 0.019022
1 0.576299 0.293200 0.019022 0.019022
1 0.781377 0.285388 0.019022 0.019022
1 0.795049 0.304919 0.019022 0.019022
1 0.810674 0.312732 0.019022 0.019022
1 0.820439 0.295153 0.019022 0.019022
1 0.843877 0.291247 0.019022 0.019022
1 0.824345 0.267810 0.019022 0.019022
1 0.845830 0.271716 0.019022 0.019022
1 0.699345 0.263903 0.019022 0.019022
1 0.728642 0.326403 0.019022 0.019022
1 0.754033 0.306872 0.019022 0.019022
1 0.777470 0.312732 0.019022 0.019022
1 0.691533 0.435778 0.019022 0.019022
1 0.672002 0.418200 0.019022 0.019022
1 0.644658 0.410388 0.019022 0.019022
1 0.621220 0.424060 0.019022 0.019022
1 0.599736 0.443591 0.019022 0.019022
1 0.576299 0.441638 0.019022 0.019022
1 0.619267 0.404528 0.019022 0.019022
1 0.599736 0.408435 0.019022 0.019022
1 0.578252 0.386950 0.019022 0.019022
1 0.586064 0.371325 0.019022 0.019022
1 0.595830 0.355700 0.019022 0.019022
1 0.584111 0.347888 0.019022 0.019022
1 0.562627 0.349841 0.019022 0.019022
1 0.548955 0.330310 0.019022 0.019022
1 0.568486 0.312732 0.019022 0.019022
1 0.607549 0.342028 0.019022 0.019022
1 0.599736 0.316638 0.019022 0.019022
1 0.597783 0.297107 0.019022 0.019022
1 0.584111 0.295153 0.019022 0.019022
1 0.595830 0.279528 0.019022 0.019022
1 0.609502 0.273669 0.019022 0.019022
1 0.619267 0.293200 0.019022 0.019022
1 0.613408 0.246325 0.019022 0.019022
1 0.636845 0.256091 0.019022 0.019022
1 0.650517 0.277575 0.019022 0.019022
1 0.675908 0.279528 0.019022 0.019022
1 0.726689 0.275622 0.019022 0.019022
1 0.755986 0.283435 0.019022 0.019022
1 0.771611 0.293200 0.019022 0.019022
1 0.773564 0.261950 0.019022 0.019022
1 0.750127 0.248278 0.019022 0.019022
1 0.761845 0.232653 0.019022 0.019022
1 0.783330 0.242419 0.019022 0.019022
1 0.789189 0.228747 0.019022 0.019022
1 0.769658 0.213122 0.019022 0.019022
1 0.757939 0.207263 0.019022 0.019022
1 0.783330 0.203357 0.019022 0.019022
1 0.800908 0.213122 0.019022 0.019022
1 0.820439 0.218982 0.019022 0.019022
1 0.838017 0.230700 0.019022 0.019022
1 0.795049 0.273669 0.019022 0.019022
1 0.824345 0.242419 0.019022 0.019022
1 0.841924 0.252185 0.019022 0.019022
1 0.863408 0.252185 0.019022 0.019022
1 0.877080 0.263903 0.019022 0.019022
1 0.297002 0.338122 0.019022 0.019022
1 0.857549 0.232653 0.019022 0.019022
1 0.849736 0.215075 0.019022 0.019022
1 0.861455 0.201403 0.019022 0.019022
1 0.873174 0.218982 0.019022 0.019022
1 0.882939 0.211169 0.019022 0.019022
1 0.894658 0.230700 0.019022 0.019022
1 0.894658 0.254138 0.019022 0.019022
1 0.886845 0.281482 0.019022 0.019022
1 0.873174 0.293200 0.019022 0.019022
1 0.920049 0.252185 0.019022 0.019022
1 0.922002 0.275622 0.019022 0.019022
1 0.920049 0.293200 0.019022 0.019022
1 0.939580 0.271716 0.019022 0.019022
1 0.939580 0.256091 0.019022 0.019022
1 0.957158 0.254138 0.019022 0.019022
1 0.949345 0.285388 0.019022 0.019022
1 0.982549 0.258044 0.019022 0.019022
1 0.953252 0.306872 0.019022 0.019022
1 0.961064 0.318591 0.019022 0.019022
1 0.980595 0.316638 0.019022 0.019022
1 0.970830 0.297107 0.019022 0.019022
1 0.966924 0.277575 0.019022 0.019022
1 0.982549 0.283435 0.019022 0.019022
1 0.939580 0.318591 0.019022 0.019022
1 0.914189 0.320544 0.019022 0.019022
1 0.929814 0.336169 0.019022 0.019022
1 0.896611 0.322497 0.019022 0.019022
1 0.888799 0.304919 0.019022 0.019022
1 0.871220 0.310778 0.019022 0.019022
1 0.853642 0.316638 0.019022 0.019022
1 0.877080 0.334216 0.019022 0.019022
1 0.841924 0.328357 0.019022 0.019022
1 0.845830 0.340075 0.019022 0.019022
1 0.863408 0.351794 0.019022 0.019022
1 0.875127 0.363513 0.019022 0.019022
1 0.890752 0.377185 0.019022 0.019022
1 0.894658 0.351794 0.019022 0.019022
1 0.906377 0.363513 0.019022 0.019022
1 0.923955 0.355700 0.019022 0.019022
1 0.918095 0.377185 0.019022 0.019022
1 0.941533 0.357653 0.019022 0.019022
1 0.970830 0.342028 0.019022 0.019022
1 0.993998 0.348022 0.013315 0.013315
1 0.995554 0.330841 0.009219 0.009219
1 0.995554 0.311310 0.009219 0.009219
1 0.996354 0.270508 0.006969 0.006969
1 0.995554 0.244903 0.009219 0.009219
1 0.995554 0.381622 0.009219 0.009219
1 0.988408 0.381091 0.019022 0.019022
1 0.978642 0.369372 0.019022 0.019022
1 0.963017 0.369372 0.019022 0.019022
1 0.994792 0.410660 0.011345 0.011345
1 0.993998 0.432006 0.013315 0.013315
1 0.993998 0.473022 0.013315 0.013315
1 0.993126 0.488568 0.015028 0.015028
1 0.993126 0.508100 0.015028 0.015028
1 0.991039 0.533413 0.017562 0.017562
1 0.976689 0.404528 0.019022 0.019022
1 0.963017 0.392810 0.019022 0.019022
1 0.949345 0.390857 0.019022 0.019022
1 0.937627 0.402575 0.019022 0.019022
1 0.922002 0.392810 0.019022 0.019022
1 0.914189 0.400622 0.019022 0.019022
1 0.892705 0.410388 0.019022 0.019022
1 0.922002 0.416247 0.019022 0.019022
1 0.953252 0.416247 0.019022 0.019022
1 0.968877 0.424060 0.019022 0.019022
1 0.976689 0.441638 0.019022 0.019022
1 0.986455 0.453357 0.019022 0.019022
1 0.966924 0.459216 0.019022 0.019022
1 0.949345 0.443591 0.019022 0.019022
1 0.929814 0.433825 0.019022 0.019022
1 0.914189 0.429919 0.019022 0.019022
1 0.869267 0.396716 0.019022 0.019022
1 0.843877 0.384997 0.019022 0.019022
1 0.834111 0.363513 0.019022 0.019022
1 0.812627 0.357653 0.019022 0.019022
1 0.808720 0.379138 0.019022 0.019022
1 0.810674 0.400622 0.019022 0.019022
1 0.863408 0.414294 0.019022 0.019022
1 0.560674 0.289294 0.019022 0.019022
1 0.541142 0.295153 0.019022 0.019022
1 0.726689 0.388903 0.019022 0.019022
1 0.742314 0.398669 0.019022 0.019022
1 0.759892 0.375232 0.019022 0.019022
1 0.773564 0.363513 0.019022 0.019022
1 0.791142 0.355700 0.019022 0.019022
1 0.777470 0.383044 0.019022 0.019022
1 0.785283 0.398669 0.019022 0.019022
1 0.785283 0.410388 0.019022 0.019022
1 0.765752 0.416247 0.019022 0.019022
1 0.742314 0.422107 0.019022 0.019022
1 0.722783 0.426013 0.019022 0.019022
1 0.707158 0.426013 0.019022 0.019022
1 0.830205 0.334216 0.019022 0.019022
1 0.812627 0.334216 0.019022 0.019022
1 0.798955 0.330310 0.019022 0.019022
1 0.746220 0.351794 0.019022 0.019022
1 0.802861 0.427966 0.019022 0.019022
1 0.822392 0.424060 0.019022 0.019022
1 0.838017 0.422107 0.019022 0.019022
1 0.779424 0.437732 0.019022 0.019022
1 0.761845 0.443591 0.019022 0.019022
1 0.736455 0.445544 0.019022 0.019022
1 0.711064 0.443591 0.019022 0.019022
1 0.714970 0.463122 0.019022 0.019022
1 0.718877 0.480700 0.019022 0.019022
1 0.732549 0.484607 0.019022 0.019022
1 0.746220 0.470935 0.019022 0.019022
1 0.767705 0.461169 0.019022 0.019022
1 0.765752 0.480700 0.019022 0.019022
1 0.755986 0.496325 0.019022 0.019022
1 0.802861 0.447497 0.019022 0.019022
1 0.806767 0.463122 0.019022 0.019022
1 0.795049 0.482653 0.019022 0.019022
1 0.789189 0.504138 0.019022 0.019022
1 0.818486 0.506091 0.019022 0.019022
1 0.822392 0.482653 0.019022 0.019022
1 0.824345 0.455310 0.019022 0.019022
1 0.845830 0.463122 0.019022 0.019022
1 0.857549 0.480700 0.019022 0.019022
1 0.830205 0.437732 0.019022 0.019022
1 0.867314 0.453357 0.019022 0.019022
1 0.849736 0.443591 0.019022 0.019022
1 0.861455 0.433825 0.019022 0.019022
1 0.882939 0.427966 0.019022 0.019022
1 0.877080 0.470935 0.019022 0.019022
1 0.894658 0.468982 0.019022 0.019022
1 0.894658 0.484607 0.019022 0.019022
1 0.896611 0.455310 0.019022 0.019022
1 0.916142 0.451403 0.019022 0.019022
1 0.933720 0.461169 0.019022 0.019022
1 0.861455 0.513903 0.019022 0.019022
1 0.832158 0.521716 0.019022 0.019022
1 0.886845 0.509997 0.019022 0.019022
1 0.902470 0.506091 0.019022 0.019022
1 0.908330 0.535388 0.019022 0.019022
1 0.939580 0.539294 0.019022 0.019022
1 0.966924 0.552966 0.019022 0.019022
1 0.966924 0.523669 0.019022 0.019022
1 0.955205 0.508044 0.019022 0.019022
1 0.970830 0.494372 0.019022 0.019022
1 0.968877 0.474841 0.019022 0.019022
1 0.955205 0.476794 0.019022 0.019022
1 0.875127 0.535388 0.019022 0.019022
1 0.849736 0.541247 0.019022 0.019022
1 0.871220 0.560778 0.019022 0.019022
1 0.890752 0.562732 0.019022 0.019022
1 0.922002 0.558825 0.019022 0.019022
1 0.922002 0.586169 0.019022 0.019022
1 0.916142 0.605700 0.019022 0.019022
1 0.912236 0.627185 0.019022 0.019022
1 0.882939 0.638903 0.019022 0.019022
1 0.882939 0.605700 0.019022 0.019022
1 0.851689 0.607653 0.019022 0.019022
1 0.830205 0.619372 0.019022 0.019022
1 0.824345 0.638903 0.019022 0.019022
1 0.841924 0.646716 0.019022 0.019022
1 0.861455 0.652575 0.019022 0.019022
1 0.838017 0.674060 0.019022 0.019022
1 0.804814 0.634997 0.019022 0.019022
1 0.802861 0.615466 0.019022 0.019022
1 0.795049 0.593982 0.019022 0.019022
1 0.814580 0.595935 0.019022 0.019022
1 0.771611 0.578357 0.019022 0.019022
1 0.755986 0.549060 0.019022 0.019022
1 0.789189 0.533435 0.019022 0.019022
1 0.812627 0.537341 0.019022 0.019022
1 0.740361 0.523669 0.019022 0.019022
1 0.714970 0.513903 0.019022 0.019022
1 0.724736 0.500232 0.019022 0.019022
1 0.707158 0.537341 0.019022 0.019022
1 0.722783 0.539294 0.019022 0.019022
1 0.683720 0.490466 0.019022 0.019022
1 0.675908 0.513903 0.019022 0.019022
1 0.652470 0.521716 0.019022 0.019022
1 0.670049 0.535388 0.019022 0.019022
1 0.685674 0.551013 0.019022 0.019022
1 0.644658 0.498278 0.019022 0.019022
1 0.605595 0.511950 0.019022 0.019022
1 0.617314 0.545153 0.019022 0.019022
1 0.640752 0.539294 0.019022 0.019022
1 0.658330 0.552966 0.019022 0.019022
1 0.632939 0.562732 0.019022 0.019022
1 0.648564 0.572497 0.019022 0.019022
1 0.670049 0.570544 0.019022 0.019022
1 0.687627 0.578357 0.019022 0.019022
1 0.705205 0.570544 0.019022 0.019022
1 0.724736 0.580310 0.019022 0.019022
1 0.658330 0.586169 0.019022 0.019022
1 0.673955 0.595935 0.019022 0.019022
1 0.672002 0.619372 0.019022 0.019022
1 0.658330 0.638903 0.019022 0.019022
1 0.640752 0.634997 0.019022 0.019022
1 0.625127 0.623278 0.019022 0.019022
1 0.638799 0.597888 0.019022 0.019022
1 0.605595 0.572497 0.019022 0.019022
1 0.593877 0.558825 0.019022 0.019022
1 0.576299 0.564685 0.019022 0.019022
1 0.580205 0.541247 0.019022 0.019022
1 0.541142 0.547107 0.019022 0.019022
1 0.527470 0.527575 0.019022 0.019022
1 0.554814 0.523669 0.019022 0.019022
1 0.572392 0.490466 0.019022 0.019022
1 0.552861 0.488513 0.019022 0.019022
1 0.525517 0.496325 0.019022 0.019022
1 0.507939 0.488513 0.019022 0.019022
1 0.554814 0.453357 0.019022 0.019022
1 0.519658 0.451403 0.019022 0.019022
1 0.504033 0.445544 0.019022 0.019022
1 0.535283 0.441638 0.019022 0.019022
1 0.539189 0.427966 0.019022 0.019022
1 0.554814 0.424060 0.019022 0.019022
1 0.529424 0.410388 0.019022 0.019022
1 0.513799 0.392810 0.019022 0.019022
1 0.509892 0.375232 0.019022 0.019022
1 0.482549 0.398669 0.019022 0.019022
1 0.498174 0.414294 0.019022 0.019022
1 0.461064 0.412341 0.019022 0.019022
1 0.464970 0.439685 0.019022 0.019022
1 0.490361 0.437732 0.019022 0.019022
1 0.492314 0.461169 0.019022 0.019022
1 0.474736 0.463122 0.019022 0.019022
1 0.474736 0.494372 0.019022 0.019022
1 0.459111 0.500232 0.019022 0.019022
1 0.468877 0.521716 0.019022 0.019022
1 0.492314 0.523669 0.019022 0.019022
1 0.492314 0.551013 0.019022 0.019022
1 0.468877 0.554919 0.019022 0.019022
1 0.488408 0.582263 0.019022 0.019022
1 0.504033 0.570544 0.019022 0.019022
1 0.521611 0.574450 0.019022 0.019022
1 0.476689 0.595935 0.019022 0.019022
1 0.490361 0.615466 0.019022 0.019022
1 0.466924 0.617419 0.019022 0.019022
1 0.455205 0.601794 0.019022 0.019022
1 0.445439 0.580310 0.019022 0.019022
1 0.496220 0.599841 0.019022 0.019022
1 0.511845 0.603747 0.019022 0.019022
1 0.511845 0.629138 0.019022 0.019022
1 0.521611 0.640857 0.019022 0.019022
1 0.539189 0.603747 0.019022 0.019022
1 0.558720 0.603747 0.019022 0.019022
1 0.566533 0.627185 0.019022 0.019022
1 0.597783 0.613513 0.019022 0.019022
1 0.601689 0.634997 0.019022 0.019022
1 0.607549 0.658435 0.019022 0.019022
1 0.627080 0.660388 0.019022 0.019022
1 0.636845 0.679919 0.019022 0.019022
1 0.656377 0.677966 0.019022 0.019022
1 0.656377 0.703357 0.019022 0.019022
1 0.644658 0.718982 0.019022 0.019022
1 0.656377 0.726794 0.019022 0.019022
1 0.673955 0.732653 0.019022 0.019022
1 0.634892 0.746325 0.019022 0.019022
1 0.711064 0.656482 0.019022 0.019022
1 0.713017 0.674060 0.019022 0.019022
1 0.720830 0.691638 0.019022 0.019022
1 0.724736 0.707263 0.019022 0.019022
1 0.701299 0.732653 0.019022 0.019022
1 0.730595 0.738513 0.019022 0.019022
1 0.716924 0.752185 0.019022 0.019022
1 0.740361 0.687732 0.019022 0.019022
1 0.771611 0.654528 0.019022 0.019022
1 0.781377 0.668200 0.019022 0.019022
1 0.787236 0.646716 0.019022 0.019022
1 0.779424 0.623278 0.019022 0.019022
1 0.757939 0.638903 0.019022 0.019022
1 0.759892 0.619372 0.019022 0.019022
1 0.738408 0.633044 0.019022 0.019022
1 0.742314 0.609607 0.019022 0.019022
1 0.716924 0.617419 0.019022 0.019022
1 0.701299 0.603747 0.019022 0.019022
1 0.785283 0.560778 0.019022 0.019022
1 0.798955 0.568591 0.019022 0.019022
1 0.826299 0.578357 0.019022 0.019022
1 0.841924 0.590075 0.019022 0.019022
1 0.851689 0.576403 0.019022 0.019022
1 0.945439 0.578357 0.019022 0.019022
1 0.964970 0.570544 0.019022 0.019022
1 0.986455 0.576403 0.019022 0.019022
1 0.993126 0.560834 0.015028 0.015028
1 0.961064 0.603747 0.019022 0.019022
1 0.935674 0.595935 0.019022 0.019022
1 0.902470 0.650622 0.019022 0.019022
1 0.898564 0.666247 0.019022 0.019022
1 0.894658 0.681872 0.019022 0.019022
1 0.914189 0.681872 0.019022 0.019022
1 0.923955 0.703357 0.019022 0.019022
1 0.916142 0.718982 0.019022 0.019022
1 0.935674 0.717028 0.019022 0.019022
1 0.953252 0.693591 0.019022 0.019022
1 0.966924 0.676013 0.019022 0.019022
1 0.939580 0.650622 0.019022 0.019022
1 0.933720 0.621325 0.019022 0.019022
1 0.963017 0.638903 0.019022 0.019022
1 0.993126 0.701459 0.015028 0.015028
1 0.986455 0.683825 0.019022 0.019022
1 0.993998 0.674194 0.013315 0.013315
1 0.972783 0.728747 0.019022 0.019022
1 0.947392 0.754138 0.019022 0.019022
1 0.961064 0.769763 0.019022 0.019022
1 0.976689 0.761950 0.019022 0.019022
1 0.929814 0.750232 0.019022 0.019022
1 0.912236 0.744372 0.019022 0.019022
1 0.890752 0.746325 0.019022 0.019022
1 0.869267 0.756091 0.019022 0.019022
1 0.867314 0.728747 0.019022 0.019022
1 0.884892 0.709216 0.019022 0.019022
1 0.861455 0.695544 0.019022 0.019022
1 0.851689 0.711169 0.019022 0.019022
1 0.830205 0.713122 0.019022 0.019022
1 0.832158 0.738513 0.019022 0.019022
1 0.849736 0.736560 0.019022 0.019022
1 0.822392 0.759997 0.019022 0.019022
1 0.814580 0.781482 0.019022 0.019022
1 0.797002 0.746325 0.019022 0.019022
1 0.775517 0.754138 0.019022 0.019022
1 0.755986 0.756091 0.019022 0.019022
1 0.734502 0.763903 0.019022 0.019022
1 0.705205 0.771716 0.019022 0.019022
1 0.685674 0.787341 0.019022 0.019022
1 0.677861 0.775622 0.019022 0.019022
1 0.642705 0.793200 0.019022 0.019022
1 0.625127 0.777575 0.019022 0.019022
1 0.605595 0.771716 0.019022 0.019022
1 0.599736 0.783435 0.019022 0.019022
1 0.601689 0.801013 0.019022 0.019022
1 0.601689 0.814685 0.019022 0.019022
1 0.595830 0.832263 0.019022 0.019022
1 0.570439 0.838122 0.019022 0.019022
1 0.572392 0.799060 0.019022 0.019022
1 0.576299 0.779528 0.019022 0.019022
1 0.560674 0.767810 0.019022 0.019022
1 0.547002 0.785388 0.019022 0.019022
1 0.517705 0.791247 0.019022 0.019022
1 0.539189 0.810778 0.019022 0.019022
1 0.529424 0.771716 0.019022 0.019022
1 0.486455 0.808825 0.019022 0.019022
1 0.461064 0.832263 0.019022 0.019022
1 0.447392 0.843982 0.019022 0.019022
1 0.429814 0.842028 0.019022 0.019022
1 0.410283 0.845935 0.019022 0.019022
1 0.394658 0.859607 0.019022 0.019022
1 0.377080 0.881091 0.019022 0.019022
1 0.392705 0.902575 0.019022 0.019022
1 0.380986 0.918200 0.019022 0.019022
1 0.363408 0.935778 0.019022 0.019022
1 0.361455 0.908435 0.019022 0.019022
1 0.345830 0.892810 0.019022 0.019022
1 0.339970 0.873278 0.019022 0.019022
1 0.349736 0.845935 0.019022 0.019022
1 0.326299 0.832263 0.019022 0.019022
1 0.345830 0.816638 0.019022 0.019022
1 0.384892 0.826403 0.019022 0.019022
1 0.369267 0.801013 0.019022 0.019022
1 0.394658 0.799060 0.019022 0.019022
1 0.433720 0.806872 0.019022 0.019022
1 0.461064 0.810778 0.019022 0.019022
1 0.447392 0.783435 0.019022 0.019022
1 0.470830 0.765857 0.019022 0.019022
1 0.443486 0.761950 0.019022 0.019022
1 0.451299 0.746325 0.019022 0.019022
1 0.474736 0.736560 0.019022 0.019022
1 0.500127 0.726794 0.019022 0.019022
1 0.515752 0.746325 0.019022 0.019022
1 0.498174 0.763903 0.019022 0.019022
1 0.529424 0.732653 0.019022 0.019022
1 0.541142 0.742419 0.019022 0.019022
1 0.562627 0.748278 0.019022 0.019022
1 0.574345 0.736560 0.019022 0.019022
1 0.589970 0.732653 0.019022 0.019022
1 0.607549 0.730700 0.019022 0.019022
1 0.564580 0.720935 0.019022 0.019022
1 0.531377 0.715075 0.019022 0.019022
1 0.507939 0.703357 0.019022 0.019022
1 0.502080 0.681872 0.019022 0.019022
1 0.509892 0.660388 0.019022 0.019022
1 0.525517 0.666247 0.019022 0.019022
1 0.525517 0.687732 0.019022 0.019022
1 0.539189 0.658435 0.019022 0.019022
1 0.539189 0.642810 0.019022 0.019022
1 0.535283 0.621325 0.019022 0.019022
1 0.556767 0.650622 0.019022 0.019022
1 0.572392 0.646716 0.019022 0.019022
1 0.582158 0.662341 0.019022 0.019022
1 0.560674 0.679919 0.019022 0.019022
1 0.554814 0.693591 0.019022 0.019022
1 0.547002 0.709216 0.019022 0.019022
1 0.584111 0.709216 0.019022 0.019022
1 0.597783 0.701403 0.019022 0.019022
1 0.589970 0.683825 0.019022 0.019022
1 0.613408 0.681872 0.019022 0.019022
1 0.621220 0.697497 0.019022 0.019022
1 0.695439 0.693591 0.019022 0.019022
1 0.693486 0.709216 0.019022 0.019022
1 0.621220 0.804919 0.019022 0.019022
1 0.619267 0.822497 0.019022 0.019022
1 0.654424 0.830310 0.019022 0.019022
1 0.660283 0.853747 0.019022 0.019022
1 0.482549 0.254138 0.019022 0.019022
1 0.504033 0.254138 0.019022 0.019022
1 0.492314 0.240466 0.019022 0.019022
1 0.703252 0.107653 0.019022 0.019022
1 0.701299 0.121325 0.019022 0.019022
1 0.330205 0.386950 0.019022 0.019022
1 0.355595 0.404528 0.019022 0.019022
1 0.369267 0.431872 0.019022 0.019022
1 0.392705 0.435778 0.019022 0.019022
1 0.402470 0.453357 0.019022 0.019022
1 0.418095 0.433825 0.019022 0.019022
1 0.439580 0.429919 0.019022 0.019022
1 0.441533 0.451403 0.019022 0.019022
1 0.451299 0.470935 0.019022 0.019022
1 0.435674 0.486560 0.019022 0.019022
1 0.427861 0.506091 0.019022 0.019022
1 0.408330 0.472888 0.019022 0.019022
1 0.441533 0.384997 0.019022 0.019022
1 0.441533 0.408435 0.019022 0.019022
1 0.425908 0.408435 0.019022 0.019022
1 0.406377 0.398669 0.019022 0.019022
1 0.386845 0.402575 0.019022 0.019022
1 0.396611 0.386950 0.019022 0.019022
1 0.384892 0.377185 0.019022 0.019022
1 0.418095 0.379138 0.019022 0.019022
1 0.281377 0.330310 0.019022 0.019022
1 0.254033 0.318591 0.019022 0.019022
1 0.236455 0.318591 0.019022 0.019022
1 0.216924 0.332263 0.019022 0.019022
1 0.244267 0.349841 0.019022 0.019022
1 0.220830 0.369372 0.019022 0.019022
1 0.205205 0.377185 0.019022 0.019022
1 0.177861 0.381091 0.019022 0.019022
1 0.191533 0.353747 0.019022 0.019022
1 0.162236 0.347888 0.019022 0.019022
1 0.175908 0.316638 0.019022 0.019022
1 0.152470 0.301013 0.019022 0.019022
1 0.125127 0.299060 0.019022 0.019022
1 0.138799 0.324450 0.019022 0.019022
1 0.101689 0.330310 0.019022 0.019022
1 0.119267 0.342028 0.019022 0.019022
1 0.130986 0.361560 0.019022 0.019022
1 0.144658 0.377185 0.019022 0.019022
1 0.144658 0.394763 0.019022 0.019022
1 0.156377 0.402575 0.019022 0.019022
1 0.172002 0.400622 0.019022 0.019022
1 0.189580 0.422107 0.019022 0.019022
1 0.189580 0.441638 0.019022 0.019022
1 0.160283 0.437732 0.019022 0.019022
1 0.254033 0.381091 0.019022 0.019022
1 0.267705 0.379138 0.019022 0.019022
1 0.275517 0.406482 0.019022 0.019022
1 0.287236 0.418200 0.019022 0.019022
1 0.306767 0.433825 0.019022 0.019022
1 0.324345 0.418200 0.019022 0.019022
1 0.341924 0.439685 0.019022 0.019022
1 0.353642 0.451403 0.019022 0.019022
1 0.338017 0.459216 0.019022 0.019022
1 0.351689 0.470935 0.019022 0.019022
1 0.336064 0.492419 0.019022 0.019022
1 0.283330 0.502185 0.019022 0.019022
1 0.277470 0.517810 0.019022 0.019022
1 0.283330 0.472888 0.019022 0.019022
1 0.293095 0.447497 0.019022 0.019022
1 0.314580 0.463122 0.019022 0.019022
1 0.265752 0.443591 0.019022 0.019022
1 0.252080 0.416247 0.019022 0.019022
1 0.236455 0.406482 0.019022 0.019022
1 0.216924 0.396716 0.019022 0.019022
1 0.197392 0.396716 0.019022 0.019022
1 0.222783 0.424060 0.019022 0.019022
1 0.232549 0.455310 0.019022 0.019022
1 0.228642 0.467028 0.019022 0.019022
1 0.250127 0.465075 0.019022 0.019022
1 0.255986 0.486560 0.019022 0.019022
1 0.248174 0.502185 0.019022 0.019022
1 0.234502 0.490466 0.019022 0.019022
1 0.203252 0.468982 0.019022 0.019022
1 0.170049 0.468982 0.019022 0.019022
1 0.150517 0.459216 0.019022 0.019022
1 0.140752 0.447497 0.019022 0.019022
1 0.121220 0.435778 0.019022 0.019022
1 0.103642 0.443591 0.019022 0.019022
1 0.119267 0.461169 0.019022 0.019022
1 0.755986 0.779528 0.019022 0.019022
1 0.740361 0.787341 0.019022 0.019022
1 0.724736 0.797107 0.019022 0.019022
1 0.740361 0.818591 0.019022 0.019022
1 0.732549 0.834216 0.019022 0.019022
1 0.722783 0.853747 0.019022 0.019022
1 0.699345 0.838122 0.019022 0.019022
1 0.677861 0.834216 0.019022 0.019022
1 0.691533 0.816638 0.019022 0.019022
1 0.711064 0.812732 0.019022 0.019022
1 0.724736 0.816638 0.019022 0.019022
1 0.754033 0.851794 0.019022 0.019022
1 0.726689 0.877185 0.019022 0.019022
1 0.759892 0.877185 0.019022 0.019022
1 0.773564 0.877185 0.019022 0.019022
1 0.771611 0.842028 0.019022 0.019022
1 0.775517 0.820544 0.019022 0.019022
1 0.765752 0.802966 0.019022 0.019022
1 0.775517 0.785388 0.019022 0.019022
1 0.793095 0.781482 0.019022 0.019022
1 0.767705 0.730700 0.019022 0.019022
1 0.785283 0.726794 0.019022 0.019022
1 0.798955 0.730700 0.019022 0.019022
1 0.810674 0.722888 0.019022 0.019022
1 0.814580 0.693591 0.019022 0.019022
1 0.793095 0.697497 0.019022 0.019022
1 0.752080 0.726794 0.019022 0.019022
1 0.738408 0.715075 0.019022 0.019022
1 0.767705 0.715075 0.019022 0.019022
1 0.783330 0.711169 0.019022 0.019022
1 0.771611 0.699450 0.019022 0.019022
1 0.755986 0.705310 0.019022 0.019022
1 0.777470 0.683825 0.019022 0.019022
1 0.836064 0.802966 0.019022 0.019022
1 0.863408 0.804919 0.019022 0.019022
1 0.871220 0.789294 0.019022 0.019022
1 0.890752 0.781482 0.019022 0.019022
1 0.908330 0.767810 0.019022 0.019022
1 0.890752 0.801013 0.019022 0.019022
1 0.880986 0.812732 0.019022 0.019022
1 0.916142 0.806872 0.019022 0.019022
1 0.937627 0.789294 0.019022 0.019022
1 0.943486 0.814685 0.019022 0.019022
1 0.925908 0.826403 0.019022 0.019022
1 0.941533 0.834216 0.019022 0.019022
1 0.966924 0.816638 0.019022 0.019022
1 0.991039 0.799038 0.017562 0.017562
1 0.974736 0.840075 0.019022 0.019022
1 0.976689 0.861560 0.019022 0.019022
1 0.974736 0.875232 0.019022 0.019022
1 0.951299 0.875232 0.019022 0.019022
1 0.953252 0.855700 0.019022 0.019022
1 0.929814 0.863513 0.019022 0.019022
1 0.910283 0.871325 0.019022 0.019022
1 0.902470 0.840075 0.019022 0.019022
1 0.900517 0.824450 0.019022 0.019022
1 0.877080 0.853747 0.019022 0.019022
1 0.908330 0.892810 0.019022 0.019022
1 0.882939 0.888903 0.019022 0.019022
1 0.789189 0.828357 0.019022 0.019022
1 0.804814 0.824450 0.019022 0.019022
1 0.810674 0.842028 0.019022 0.019022
1 0.816533 0.859607 0.019022 0.019022
1 0.806767 0.877185 0.019022 0.019022
1 0.851689 0.838122 0.019022 0.019022
1 0.839970 0.843982 0.019022 0.019022
1 0.865361 0.845935 0.019022 0.019022
1 0.841924 0.883044 0.019022 0.019022
1 0.839970 0.900622 0.019022 0.019022
1 0.863408 0.877185 0.019022 0.019022
1 0.867314 0.904528 0.019022 0.019022
1 0.855595 0.912341 0.019022 0.019022
1 0.836064 0.918200 0.019022 0.019022
1 0.822392 0.910388 0.019022 0.019022
1 0.802861 0.916247 0.019022 0.019022
1 0.789189 0.922107 0.019022 0.019022
1 0.761845 0.927966 0.019022 0.019022
1 0.763799 0.904528 0.019022 0.019022
1 0.795049 0.892810 0.019022 0.019022
1 0.724736 0.918200 0.019022 0.019022
1 0.748174 0.898669 0.019022 0.019022
1 0.820439 0.892810 0.019022 0.019022
1 0.890752 0.922107 0.019022 0.019022
1 0.345830 0.970935 0.019022 0.019022
1 0.900517 0.910388 0.019022 0.019022
1 0.865361 0.933825 0.019022 0.019022
1 0.922002 0.931872 0.019022 0.019022
1 0.947392 0.941638 0.019022 0.019022
1 0.964970 0.922107 0.019022 0.019022
1 0.972783 0.900622 0.019022 0.019022
1 0.989874 0.890814 0.018505 0.018505
1 0.994792 0.902847 0.011345 0.011345
1 0.993998 0.865600 0.013315 0.013315
1 0.993998 0.924194 0.013315 0.013315
1 0.713017 0.900622 0.019022 0.019022
1 0.951299 0.951403 0.019022 0.019022
1 0.927861 0.961169 0.019022 0.019022
1 0.943486 0.980700 0.019022 0.019022
1 0.929820 0.990111 0.018635 0.018635
1 0.908330 0.986560 0.019022 0.019022
1 0.892705 0.968982 0.019022 0.019022
1 0.877080 0.955310 0.019022 0.019022
1 0.900517 0.945544 0.019022 0.019022
1 0.875127 0.980700 0.019022 0.019022
1 0.875266 0.994131 0.013131 0.013131
1 0.980601 0.990111 0.018635 0.018635
1 0.991039 0.968960 0.017562 0.017562
1 0.992123 0.947506 0.016418 0.016418
1 0.970830 0.963122 0.019022 0.019022
1 0.853642 0.980700 0.019022 0.019022
1 0.841924 0.076403 0.019022 0.019022
1 0.834111 0.107653 0.019022 0.019022
1 0.527344 0.004943 0.015427 0.015427
1 0.654424 0.902575 0.019022 0.019022
1 0.630986 0.902575 0.019022 0.019022
1 0.638799 0.926013 0.019022 0.019022
1 0.625127 0.945544 0.019022 0.019022
1 0.646611 0.951403 0.019022 0.019022
1 0.613408 0.920153 0.019022 0.019022
1 0.603642 0.902575 0.019022 0.019022
1 0.576299 0.912341 0.019022 0.019022
1 0.593877 0.939685 0.019022 0.019022
1 0.599736 0.949450 0.019022 0.019022
1 0.580205 0.976794 0.019022 0.019022
1 0.609502 0.980700 0.019022 0.019022
1 0.617314 0.968982 0.019022 0.019022
1 0.632939 0.976794 0.019022 0.019022
1 0.650517 0.970935 0.019022 0.019022
1 0.679814 0.972888 0.019022 0.019022
1 0.681767 0.955310 0.019022 0.019022
1 0.697392 0.955310 0.019022 0.019022
1 0.701299 0.929919 0.019022 0.019022
1 0.693486 0.914294 0.019022 0.019022
1 0.673955 0.926013 0.019022 0.019022
1 0.670049 0.904528 0.019022 0.019022
1 0.687627 0.892810 0.019022 0.019022
1 0.724736 0.947497 0.019022 0.019022
1 0.748174 0.955310 0.019022 0.019022
1 0.738408 0.978747 0.019022 0.019022
1 0.761845 0.986560 0.019022 0.019022
1 0.779467 0.992340 0.016418 0.016418
1 0.798955 0.988513 0.019022 0.019022
1 0.787236 0.965075 0.019022 0.019022
1 0.771611 0.965075 0.019022 0.019022
1 0.787236 0.939685 0.019022 0.019022
1 0.810674 0.957263 0.019022 0.019022
1 0.828252 0.945544 0.019022 0.019022
1 0.810674 0.933825 0.019022 0.019022
1 0.802861 0.939685 0.019022 0.019022
1 0.818486 0.978747 0.019022 0.019022
1 0.834111 0.967028 0.019022 0.019022
1 0.836064 0.986560 0.019022 0.019022
1 0.570439 0.939685 0.019022 0.019022
1 0.552861 0.959216 0.019022 0.019022
1 0.547002 0.980700 0.019022 0.019022
1 0.517705 0.982653 0.019022 0.019022
1 0.502080 0.988513 0.019022 0.019022
1 0.476709 0.991314 0.017700 0.017700
1 0.472783 0.970935 0.019022 0.019022
1 0.504033 0.951403 0.019022 0.019022
1 0.531377 0.941638 0.019022 0.019022
1 0.552861 0.926013 0.019022 0.019022
1 0.541142 0.912341 0.019022 0.019022
1 0.556767 0.883044 0.019022 0.019022
1 0.593877 0.873278 0.019022 0.019022
1 0.654424 0.875232 0.019022 0.019022
1 0.630986 0.843982 0.019022 0.019022
1 0.617314 0.857653 0.019022 0.019022
1 0.603642 0.851794 0.019022 0.019022
1 0.511845 0.896716 0.019022 0.019022
1 0.488408 0.916247 0.019022 0.019022
1 0.435674 0.941638 0.019022 0.019022
1 0.449345 0.972888 0.019022 0.019022
1 0.410283 0.976794 0.019022 0.019022
1 0.414233 0.992340 0.016418 0.016418
1 0.408330 0.959216 0.019022 0.019022
1 0.402470 0.929919 0.019022 0.019022
1 0.377219 0.994131 0.013131 0.013131
1 0.363408 0.967028 0.019022 0.019022
1 0.343877 0.947497 0.019022 0.019022
1 0.308720 0.955310 0.019022 0.019022
1 0.281377 0.978747 0.019022 0.019022
1 0.259973 0.993253 0.014866 0.014866
1 0.236455 0.978747 0.019022 0.019022
1 0.255986 0.955310 0.019022 0.019022
1 0.277470 0.937732 0.019022 0.019022
1 0.302861 0.931872 0.019022 0.019022
1 0.324345 0.931872 0.019022 0.019022
1 0.334111 0.912341 0.019022 0.019022
1 0.316533 0.910388 0.019022 0.019022
1 0.324345 0.894763 0.019022 0.019022
1 0.306767 0.888903 0.019022 0.019022
1 0.273564 0.910388 0.019022 0.019022
1 0.244267 0.912341 0.019022 0.019022
1 0.228642 0.900622 0.019022 0.019022
1 0.463017 0.869372 0.019022 0.019022
1 0.416142 0.890857 0.019022 0.019022
1 0.439580 0.890857 0.019022 0.019022
1 0.433720 0.908435 0.019022 0.019022
1 0.431767 0.924060 0.019022 0.019022
1 0.447392 0.926013 0.019022 0.019022
1 0.478642 0.847888 0.019022 0.019022
1 0.496220 0.849841 0.019022 0.019022
1 0.519658 0.843982 0.019022 0.019022
1 0.517705 0.863513 0.019022 0.019022
1 0.505986 0.883044 0.019022 0.019022
1 0.490361 0.881091 0.019022 0.019022
1 0.543095 0.840075 0.019022 0.019022
1 0.552861 0.867419 0.019022 0.019022
1 0.531377 0.869372 0.019022 0.019022
1 0.525517 0.879138 0.019022 0.019022
1 0.572392 0.863513 0.019022 0.019022
1 0.539189 0.851794 0.019022 0.019022
1 0.316533 0.865466 0.019022 0.019022
1 0.222783 0.967028 0.019022 0.019022
1 0.218896 0.991314 0.017700 0.017700
1 0.203252 0.984607 0.019022 0.019022
1 0.191533 0.968982 0.019022 0.019022
1 0.203252 0.947497 0.019022 0.019022
1 0.177861 0.947497 0.019022 0.019022
1 0.162236 0.953357 0.019022 0.019022
1 0.138799 0.945544 0.019022 0.019022
1 0.125127 0.974841 0.019022 0.019022
1 0.146611 0.978747 0.019022 0.019022
1 0.195439 0.918200 0.019022 0.019022
1 0.931767 0.515857 0.019022 0.019022
1 0.650517 0.746325 0.019022 0.019022
1 0.951299 0.623278 0.019022 0.019022
1 0.386845 0.947497 0.019022 0.019022
1 0.033411 0.993253 0.014866 0.014866
1 0.011845 0.978747 0.019022 0.019022
1 0.035283 0.961169 0.019022 0.019022
1 0.052861 0.968982 0.019022 0.019022
1 0.064580 0.986560 0.019022 0.019022
1 0.088061 0.992340 0.016418 0.016418
1 0.103662 0.991314 0.017700 0.017700
1 0.111455 0.961169 0.019022 0.019022
1 0.111455 0.943591 0.019022 0.019022
1 0.089970 0.933825 0.019022 0.019022
1 0.070439 0.947497 0.019022 0.019022
1 0.105595 0.918200 0.019022 0.019022
1 0.121220 0.926013 0.019022 0.019022
1 0.084111 0.902575 0.019022 0.019022
1 0.058720 0.922107 0.019022 0.019022
1 0.033330 0.933825 0.019022 0.019022
1 0.009892 0.947497 0.019022 0.019022
1 0.006036 0.921944 0.016639 0.016639
1 0.007126 0.902404 0.017768 0.017768
1 0.025517 0.894763 0.019022 0.019022
1 0.047002 0.886950 0.019022 0.019022
1 0.048955 0.865466 0.019022 0.019022
1 0.009892 0.838122 0.019022 0.019022
1 0.076299 0.853747 0.019022 0.019022
1 0.050908 0.845935 0.019022 0.019022
1 0.074345 0.834216 0.019022 0.019022
1 0.045049 0.816638 0.019022 0.019022
1 0.070439 0.814685 0.019022 0.019022
1 0.088017 0.808825 0.019022 0.019022
1 0.105595 0.814685 0.019022 0.019022
1 0.107549 0.834216 0.019022 0.019022
1 0.113408 0.875232 0.019022 0.019022
1 0.138799 0.883044 0.019022 0.019022
1 0.142705 0.863513 0.019022 0.019022
1 0.136845 0.847888 0.019022 0.019022
1 0.138799 0.810778 0.019022 0.019022
1 0.158330 0.795153 0.019022 0.019022
1 0.173955 0.828357 0.019022 0.019022
1 0.175908 0.859607 0.019022 0.019022
1 0.205205 0.877185 0.019022 0.019022
1 0.179814 0.886950 0.019022 0.019022
1 0.195439 0.896716 0.019022 0.019022
1 0.168095 0.902575 0.019022 0.019022
1 0.150517 0.900622 0.019022 0.019022
1 0.170049 0.920153 0.019022 0.019022
1 0.224736 0.859607 0.019022 0.019022
1 0.201299 0.863513 0.019022 0.019022
1 0.193486 0.834216 0.019022 0.019022
1 0.209111 0.836169 0.019022 0.019022
1 0.207158 0.814685 0.019022 0.019022
1 0.220830 0.824450 0.019022 0.019022
1 0.236455 0.814685 0.019022 0.019022
1 0.230595 0.840075 0.019022 0.019022
1 0.254033 0.849841 0.019022 0.019022
1 0.271611 0.863513 0.019022 0.019022
1 0.265752 0.832263 0.019022 0.019022
1 0.267705 0.814685 0.019022 0.019022
1 0.293095 0.840075 0.019022 0.019022
1 0.291142 0.810778 0.019022 0.019022
1 0.269658 0.789294 0.019022 0.019022
1 0.281377 0.773669 0.019022 0.019022
1 0.306767 0.789294 0.019022 0.019022
1 0.345830 0.785388 0.019022 0.019022
1 0.326299 0.765857 0.019022 0.019022
1 0.314580 0.750232 0.019022 0.019022
1 0.289189 0.748278 0.019022 0.019022
1 0.267705 0.756091 0.019022 0.019022
1 0.254033 0.738513 0.019022 0.019022
1 0.236455 0.717028 0.019022 0.019022
1 0.273564 0.713122 0.019022 0.019022
1 0.271611 0.689685 0.019022 0.019022
1 0.236455 0.681872 0.019022 0.019022
1 0.228642 0.650622 0.019022 0.019022
1 0.224736 0.631091 0.019022 0.019022
1 0.254033 0.633044 0.019022 0.019022
1 0.197392 0.648669 0.019022 0.019022
1 0.201299 0.668200 0.019022 0.019022
1 0.285283 0.662341 0.019022 0.019022
1 0.588017 0.767810 0.019022 0.019022
1 0.451299 0.697497 0.019022 0.019022
1 0.677861 0.685778 0.019022 0.019022
1 0.677861 0.701403 0.019022 0.019022
1 0.927861 0.636950 0.019022 0.019022
1 0.978642 0.625232 0.019022 0.019022
1 0.992123 0.636959 0.016418 0.016418
1 0.993998 0.617553 0.013315 0.013315
1 0.992123 0.650631 0.016418 0.016418
1 0.980595 0.654528 0.019022 0.019022
1 0.939580 0.496325 0.019022 0.019022
1 0.939580 0.480700 0.019022 0.019022
1 0.925908 0.492419 0.019022 0.019022
1 0.396611 0.670153 0.019022 0.019022
1 0.019658 0.804919 0.019022 0.019022
1 0.006036 0.804756 0.016639 0.016639
1 0.009892 0.767810 0.019022 0.019022
1 0.023564 0.785388 0.019022 0.019022
1 0.047002 0.793200 0.019022 0.019022
1 0.066533 0.779528 0.019022 0.019022
1 0.091924 0.787341 0.019022 0.019022
1 0.127080 0.789294 0.019022 0.019022
1 0.130986 0.767810 0.019022 0.019022
1 0.115361 0.746325 0.019022 0.019022
1 0.103642 0.767810 0.019022 0.019022
1 0.082158 0.771716 0.019022 0.019022
1 0.097783 0.726794 0.019022 0.019022
1 0.117314 0.701403 0.019022 0.019022
1 0.103642 0.689685 0.019022 0.019022
1 0.080205 0.670153 0.019022 0.019022
1 0.103642 0.650622 0.019022 0.019022
1 0.123174 0.636950 0.019022 0.019022
1 0.072392 0.759997 0.019022 0.019022
1 0.037236 0.759997 0.019022 0.019022
1 0.033330 0.699450 0.019022 0.019022
1 0.007126 0.707091 0.017768 0.017768
1 0.006036 0.689522 0.016639 0.016639
1 0.005025 0.736410 0.015269 0.015269
1 0.021611 0.732653 0.019022 0.019022
1 0.037236 0.728747 0.019022 0.019022
1 0.062627 0.726794 0.019022 0.019022
1 0.017705 0.664294 0.019022 0.019022
1 0.017705 0.642810 0.019022 0.019022
1 0.006036 0.607490 0.016639 0.016639
1 0.015752 0.599841 0.019022 0.019022
1 0.043095 0.592028 0.019022 0.019022
1 0.041142 0.576403 0.019022 0.019022
1 0.058720 0.582263 0.019022 0.019022
1 0.074345 0.593982 0.019022 0.019022
1 0.068486 0.611560 0.019022 0.019022
1 0.045049 0.609607 0.019022 0.019022
1 0.050908 0.625232 0.019022 0.019022
1 0.056767 0.646716 0.019022 0.019022
1 0.088017 0.631091 0.019022 0.019022
1 0.091924 0.611560 0.019022 0.019022
1 0.109502 0.617419 0.019022 0.019022
1 0.132939 0.609607 0.019022 0.019022
1 0.158330 0.607653 0.019022 0.019022
1 0.183720 0.615466 0.019022 0.019022
1 0.181767 0.633044 0.019022 0.019022
1 0.160283 0.642810 0.019022 0.019022
1 0.148564 0.658435 0.019022 0.019022
1 0.130986 0.670153 0.019022 0.019022
1 0.166142 0.666247 0.019022 0.019022
1 0.158330 0.679919 0.019022 0.019022
1 0.175908 0.697497 0.019022 0.019022
1 0.175908 0.681872 0.019022 0.019022
1 0.195439 0.701403 0.019022 0.019022
1 0.199345 0.689685 0.019022 0.019022
1 0.152470 0.701403 0.019022 0.019022
1 0.134892 0.717028 0.019022 0.019022
1 0.160283 0.717028 0.019022 0.019022
1 0.166142 0.740466 0.019022 0.019022
1 0.183720 0.732653 0.019022 0.019022
1 0.216924 0.742419 0.019022 0.019022
1 0.220830 0.761950 0.019022 0.019022
1 0.248174 0.773669 0.019022 0.019022
1 0.244267 0.795153 0.019022 0.019022
1 0.220830 0.801013 0.019022 0.019022
1 0.191533 0.797107 0.019022 0.019022
1 0.162236 0.765857 0.019022 0.019022
1 0.033330 0.613513 0.019022 0.019022
1 0.007126 0.552794 0.017768 0.017768
1 0.041142 0.551013 0.019022 0.019022
1 0.068486 0.527575 0.019022 0.019022
1 0.047002 0.515857 0.019022 0.019022
1 0.021611 0.521716 0.019022 0.019022
1 0.013799 0.535388 0.019022 0.019022
1 0.017705 0.508044 0.019022 0.019022
1 0.089970 0.543200 0.019022 0.019022
1 0.089970 0.564685 0.019022 0.019022
1 0.119267 0.590075 0.019022 0.019022
1 0.125127 0.572497 0.019022 0.019022
1 0.138799 0.582263 0.019022 0.019022
1 0.134892 0.547107 0.019022 0.019022
1 0.138799 0.566638 0.019022 0.019022
1 0.156377 0.568591 0.019022 0.019022
1 0.173955 0.568591 0.019022 0.019022
1 0.173955 0.547107 0.019022 0.019022
1 0.156377 0.535388 0.019022 0.019022
1 0.172002 0.521716 0.019022 0.019022
1 0.197392 0.511950 0.019022 0.019022
1 0.181767 0.498278 0.019022 0.019022
1 0.216924 0.523669 0.019022 0.019022
1 0.238408 0.517810 0.019022 0.019022
1 0.213017 0.543200 0.019022 0.019022
1 0.213017 0.554919 0.019022 0.019022
1 0.201299 0.558825 0.019022 0.019022
1 0.189580 0.543200 0.019022 0.019022
1 0.209111 0.578357 0.019022 0.019022
1 0.213017 0.595935 0.019022 0.019022
1 0.226689 0.609607 0.019022 0.019022
1 0.240361 0.592028 0.019022 0.019022
1 0.259892 0.590075 0.019022 0.019022
1 0.275517 0.572497 0.019022 0.019022
1 0.263799 0.554919 0.019022 0.019022
1 0.289189 0.551013 0.019022 0.019022
1 0.310674 0.539294 0.019022 0.019022
1 0.318486 0.521716 0.019022 0.019022
1 0.341924 0.515857 0.019022 0.019022
1 0.359502 0.509997 0.019022 0.019022
1 0.388799 0.508044 0.019022 0.019022
1 0.373174 0.492419 0.019022 0.019022
1 0.406377 0.500232 0.019022 0.019022
1 0.398564 0.531482 0.019022 0.019022
1 0.418095 0.539294 0.019022 0.019022
1 0.361455 0.552966 0.019022 0.019022
1 0.386845 0.562732 0.019022 0.019022
1 0.406377 0.572497 0.019022 0.019022
1 0.429814 0.566638 0.019022 0.019022
1 0.420049 0.603747 0.019022 0.019022
1 0.369267 0.597888 0.019022 0.019022
1 0.373174 0.613513 0.019022 0.019022
1 0.343877 0.605700 0.019022 0.019022
1 0.384892 0.605700 0.019022 0.019022
1 0.400517 0.601794 0.019022 0.019022
1 0.365361 0.633044 0.019022 0.019022
1 0.345830 0.633044 0.019022 0.019022
1 0.351689 0.664294 0.019022 0.019022
1 0.338017 0.660388 0.019022 0.019022
1 0.322392 0.652575 0.019022 0.019022
1 0.310674 0.664294 0.019022 0.019022
1 0.298955 0.646716 0.019022 0.019022
1 0.312627 0.629138 0.019022 0.019022
1 0.230595 0.568591 0.019022 0.019022
1 0.314580 0.361560 0.019022 0.019022
1 0.300908 0.500232 0.019022 0.019022
1 0.357549 0.361560 0.019022 0.019022
1 0.601689 0.472888 0.019022 0.019022
1 0.640752 0.476794 0.019022 0.019022
1 0.556767 0.547107 0.019022 0.019022
1 0.138799 0.474841 0.019022 0.019022
1 0.156377 0.490466 0.019022 0.019022
1 0.146611 0.508044 0.019022 0.019022
1 0.125127 0.506091 0.019022 0.019022
1 0.113408 0.513903 0.019022 0.019022
1 0.107549 0.490466 0.019022 0.019022
1 0.072392 0.504138 0.019022 0.019022
1 0.039189 0.490466 0.019022 0.019022
1 0.064580 0.478747 0.019022 0.019022
1 0.084111 0.470935 0.019022 0.019022
1 0.078252 0.449450 0.019022 0.019022
1 0.060674 0.437732 0.019022 0.019022
1 0.054814 0.461169 0.019022 0.019022
1 0.039189 0.463122 0.019022 0.019022
1 0.017705 0.463122 0.019022 0.019022
1 0.006036 0.480537 0.016639 0.016639
1 0.006036 0.447334 0.016639 0.016639
1 0.025517 0.447497 0.019022 0.019022
1 0.039189 0.441638 0.019022 0.019022
1 0.035283 0.420153 0.019022 0.019022
1 0.015752 0.422107 0.019022 0.019022
1 0.005025 0.408285 0.015269 0.015269
1 0.015752 0.394763 0.019022 0.019022
1 0.027470 0.386950 0.019022 0.019022
1 0.048955 0.373278 0.019022 0.019022
1 0.006036 0.365303 0.016639 0.016639
1 0.054814 0.390857 0.019022 0.019022
1 0.074345 0.386950 0.019022 0.019022
1 0.080205 0.363513 0.019022 0.019022
1 0.099736 0.361560 0.019022 0.019022
1 0.064580 0.343982 0.019022 0.019022
1 0.078252 0.334216 0.019022 0.019022
1 0.078252 0.490466 0.019022 0.019022
1 0.802861 0.256091 0.019022 0.019022
1 0.810674 0.246325 0.019022 0.019022
1 0.683720 0.049060 0.019022 0.019022
1 0.697392 0.051013 0.019022 0.019022
1 0.689580 0.062732 0.019022 0.019022
1 0.369267 0.451403 0.019022 0.019022
1 0.408330 0.779528 0.019022 0.019022
1 0.386845 0.767810 0.019022 0.019022
1 0.396611 0.752185 0.019022 0.019022
1 0.369267 0.779528 0.019022 0.019022
1 0.355595 0.767810 0.019022 0.019022
1 0.341924 0.730700 0.019022 0.019022
1 0.357549 0.722888 0.019022 0.019022
1 0.369267 0.740466 0.019022 0.019022
1 0.369267 0.707263 0.019022 0.019022
1 0.384892 0.709216 0.019022 0.019022
1 0.398564 0.720935 0.019022 0.019022
1 0.408330 0.701403 0.019022 0.019022
1 0.420049 0.689685 0.019022 0.019022
1 0.455205 0.672107 0.019022 0.019022
1 0.439580 0.664294 0.019022 0.019022
1 0.422002 0.656482 0.019022 0.019022
1 0.429814 0.644763 0.019022 0.019022
1 0.435674 0.633044 0.019022 0.019022
1 0.449345 0.621325 0.019022 0.019022
1 0.420049 0.627185 0.019022 0.019022
1 0.449345 0.636950 0.019022 0.019022
1 0.470830 0.640857 0.019022 0.019022
1 0.332158 0.681872 0.019022 0.019022
1 0.382939 0.650622 0.019022 0.019022
1 0.283330 0.621325 0.019022 0.019022
1 0.302861 0.603747 0.019022 0.019022
1 0.318486 0.609607 0.019022 0.019022
1 0.283330 0.592028 0.019022 0.019022
1 0.304814 0.584216 0.019022 0.019022
1 0.310674 0.560778 0.019022 0.019022
1 0.322392 0.574450 0.019022 0.019022
1 0.351689 0.576403 0.019022 0.019022
1 0.330205 0.551013 0.019022 0.019022
1 0.339970 0.539294 0.019022 0.019022
1 0.388799 0.484607 0.019022 0.019022
1 0.386845 0.470935 0.019022 0.019022
1 0.347783 0.697497 0.019022 0.019022
1 0.172002 0.761950 0.019022 0.019022
1 0.193486 0.754138 0.019022 0.019022
1 0.185674 0.773669 0.019022 0.019022
1 0.203252 0.767810 0.019022 0.019022
1 0.091924 0.498278 0.019022 0.019022
1 0.050908 0.416247 0.019022 0.019022
1 0.074345 0.427966 0.019022 0.019022
1 0.070439 0.408435 0.019022 0.019022
1 0.091924 0.422107 0.019022 0.019022
1 0.111455 0.416247 0.019022 0.019022
1 0.109502 0.400622 0.019022 0.019022
1 0.089970 0.402575 0.019022 0.019022
1 0.107549 0.384997 0.019022 0.019022
1 0.127080 0.396716 0.019022 0.019022
1 0.113408 0.310778 0.019022 0.019022
1 0.091924 0.314685 0.019022 0.019022
1 0.105595 0.301013 0.019022 0.019022
1 0.091924 0.295153 0.019022 0.019022
1 0.078252 0.306872 0.019022 0.019022
1 0.052861 0.310778 0.019022 0.019022
1 0.078252 0.281482 0.019022 0.019022
1 0.109502 0.281482 0.019022 0.019022
1 0.023564 0.267810 0.019022 0.019022
1 0.005025 0.285238 0.015269 0.015269
1 0.017705 0.308825 0.019022 0.019022
1 0.009892 0.267810 0.019022 0.019022
1 0.005025 0.255941 0.015269 0.015269
1 0.005025 0.171956 0.015269 0.015269
1 0.074345 0.158435 0.019022 0.019022
1 0.058720 0.158435 0.019022 0.019022
1 0.056767 0.174060 0.019022 0.019022
1 0.228642 0.783435 0.019022 0.019022
