1 0.140625 0.010081 0.022149 0.022149
1 0.025391 0.056641 0.022475 0.022475
1 0.123047 0.044922 0.022475 0.022475
1 0.064453 0.080078 0.022475 0.022475
1 0.015625 0.158203 0.022475 0.022475
1 0.011719 0.185547 0.022475 0.022475
1 0.023438 0.212891 0.022475 0.022475
1 0.054688 0.171875 0.022475 0.022475
1 0.119141 0.169922 0.022475 0.022475
1 0.148438 0.167969 0.022475 0.022475
1 0.105469 0.195312 0.022475 0.022475
1 0.080078 0.222656 0.022475 0.022475
1 0.076172 0.251953 0.022475 0.022475
1 0.052734 0.287109 0.022475 0.022475
1 0.203125 0.232422 0.022475 0.022475
1 0.191406 0.240234 0.022475 0.022475
1 0.140625 0.300781 0.022475 0.022475
1 0.218750 0.314453 0.022475 0.022475
1 0.181641 0.339844 0.022475 0.022475
1 0.101562 0.349609 0.022475 0.022475
1 0.101562 0.363281 0.022475 0.022475
1 0.037109 0.347656 0.022475 0.022475
1 0.046875 0.357422 0.022475 0.022475
1 0.011719 0.398438 0.022475 0.022475
1 0.066406 0.443359 0.022475 0.022475
1 0.128906 0.472656 0.022475 0.022475
1 0.072266 0.542969 0.022475 0.022475
1 0.083984 0.546875 0.022475 0.022475
1 0.214844 0.451172 0.022475 0.022475
1 0.197266 0.384766 0.022475 0.022475
1 0.265625 0.357422 0.022475 0.022475
1 0.281250 0.398438 0.022475 0.022475
1 0.298828 0.423828 0.022475 0.022475
1 0.191406 0.482422 0.022475 0.022475
1 0.222656 0.533203 0.022475 0.022475
1 0.207031 0.537109 0.022475 0.022475
1 0.222656 0.550781 0.022475 0.022475
1 0.251953 0.542969 0.022475 0.022475
1 0.226562 0.582031 0.022475 0.022475
1 0.171875 0.580078 0.022475 0.022475
1 0.183594 0.587891 0.022475 0.022475
1 0.169922 0.630859 0.022475 0.022475
1 0.107422 0.652344 0.022475 0.022475
1 0.199219 0.656250 0.022475 0.022475
1 0.154297 0.710938 0.022475 0.022475
1 0.113281 0.726562 0.022475 0.022475
1 0.046875 0.783203 0.022475 0.022475
1 0.017578 0.908203 0.022475 0.022475
1 0.021484 0.984375 0.022475 0.022475
1 0.044922 0.855469 0.022475 0.022475
1 0.105469 0.828125 0.022475 0.022475
1 0.126953 0.871094 0.022475 0.022475
1 0.125000 0.912109 0.022475 0.022475
1 0.144531 0.947266 0.022475 0.022475
1 0.164062 0.755859 0.022475 0.022475
1 0.210938 0.753906 0.022475 0.022475
1 0.212891 0.789062 0.022475 0.022475
1 0.179688 0.820312 0.022475 0.022475
1 0.234375 0.978516 0.022475 0.022475
1 0.333984 0.986328 0.022475 0.022475
1 0.291016 0.781250 0.022475 0.022475
1 0.289062 0.660156 0.022475 0.022475
1 0.300781 0.667969 0.022475 0.022475
1 0.312500 0.546875 0.022475 0.022475
1 0.375000 0.513672 0.022475 0.022475
1 0.386719 0.523438 0.022475 0.022475
1 0.406250 0.470703 0.022475 0.022475
1 0.398438 0.449219 0.022475 0.022475
1 0.417969 0.437500 0.022475 0.022475
1 0.400391 0.416016 0.022475 0.022475
1 0.328125 0.255859 0.022475 0.022475
1 0.324219 0.267578 0.022475 0.022475
1 0.558594 0.008803 0.021367 0.021367
1 0.527344 0.070312 0.022475 0.022475
1 0.478516 0.074219 0.022475 0.022475
1 0.437500 0.056641 0.022475 0.022475
1 0.431641 0.091797 0.022475 0.022475
1 0.437500 0.181641 0.022475 0.022475
1 0.406250 0.212891 0.022475 0.022475
1 0.507812 0.212891 0.022475 0.022475
1 0.517578 0.220703 0.022475 0.022475
1 0.562500 0.216797 0.022475 0.022475
1 0.589844 0.228516 0.022475 0.022475
1 0.455078 0.337891 0.022475 0.022475
1 0.460938 0.384766 0.022475 0.022475
1 0.498047 0.355469 0.022475 0.022475
1 0.511719 0.349609 0.022475 0.022475
1 0.589844 0.324219 0.022475 0.022475
1 0.601562 0.333984 0.022475 0.022475
1 0.589844 0.376953 0.022475 0.022475
1 0.595703 0.421875 0.022475 0.022475
1 0.507812 0.445312 0.022475 0.022475
1 0.523438 0.455078 0.022475 0.022475
1 0.541016 0.460938 0.022475 0.022475
1 0.566406 0.500000 0.022475 0.022475
1 0.464844 0.582031 0.022475 0.022475
1 0.474609 0.611328 0.022475 0.022475
1 0.480469 0.648438 0.022475 0.022475
1 0.425781 0.640625 0.022475 0.022475
1 0.423828 0.679688 0.022475 0.022475
1 0.414062 0.697266 0.022475 0.022475
1 0.402344 0.707031 0.022475 0.022475
1 0.435547 0.757812 0.022475 0.022475
1 0.453125 0.753906 0.022475 0.022475
1 0.376953 0.791016 0.022475 0.022475
1 0.341797 0.820312 0.022475 0.022475
1 0.396484 0.839844 0.022475 0.022475
1 0.441406 0.849609 0.022475 0.022475
1 0.371094 0.919922 0.022475 0.022475
1 0.441406 0.914062 0.022475 0.022475
1 0.478516 0.990372 0.020319 0.020319
1 0.587891 0.980469 0.022475 0.022475
1 0.603516 0.976562 0.022475 0.022475
1 0.654297 0.976562 0.022475 0.022475
1 0.621094 0.947266 0.022475 0.022475
1 0.626953 0.910156 0.022475 0.022475
1 0.566406 0.906250 0.022475 0.022475
1 0.554688 0.912109 0.022475 0.022475
1 0.572266 0.884766 0.022475 0.022475
1 0.507812 0.863281 0.022475 0.022475
1 0.519531 0.810547 0.022475 0.022475
1 0.519531 0.798828 0.022475 0.022475
1 0.535156 0.785156 0.022475 0.022475
1 0.580078 0.712891 0.022475 0.022475
1 0.626953 0.027344 0.022475 0.022475
1 0.658203 0.062500 0.022475 0.022475
1 0.621094 0.126953 0.022475 0.022475
1 0.699219 0.091797 0.022475 0.022475
1 0.701172 0.125000 0.022475 0.022475
1 0.791016 0.037109 0.022475 0.022475
1 0.828125 0.025391 0.022475 0.022475
1 0.894531 0.025391 0.022475 0.022475
1 0.902344 0.033203 0.022475 0.022475
1 0.916016 0.058594 0.022475 0.022475
1 0.951172 0.199219 0.022475 0.022475
1 0.888672 0.179688 0.022475 0.022475
1 0.759766 0.240234 0.022475 0.022475
1 0.662109 0.232422 0.022475 0.022475
1 0.939453 0.312500 0.022475 0.022475
1 0.832031 0.361328 0.022475 0.022475
1 0.892578 0.388672 0.022475 0.022475
1 0.779297 0.337891 0.022475 0.022475
1 0.746094 0.365234 0.022475 0.022475
1 0.695312 0.376953 0.022475 0.022475
1 0.683594 0.410156 0.022475 0.022475
1 0.781250 0.441406 0.022475 0.022475
1 0.832031 0.449219 0.022475 0.022475
1 0.792969 0.480469 0.022475 0.022475
1 0.859375 0.521484 0.022475 0.022475
1 0.968750 0.496094 0.022475 0.022475
1 0.958984 0.496094 0.022475 0.022475
1 0.953125 0.531250 0.022475 0.022475
1 0.978516 0.544922 0.022475 0.022475
1 0.968750 0.554688 0.022475 0.022475
1 0.987965 0.566406 0.022149 0.022149
1 0.800781 0.562500 0.022475 0.022475
1 0.771484 0.580078 0.022475 0.022475
1 0.656250 0.599609 0.022475 0.022475
1 0.613281 0.589844 0.022475 0.022475
1 0.607422 0.621094 0.022475 0.022475
1 0.617188 0.681641 0.022475 0.022475
1 0.646484 0.667969 0.022475 0.022475
1 0.662109 0.667969 0.022475 0.022475
1 0.673828 0.667969 0.022475 0.022475
1 0.722656 0.664062 0.022475 0.022475
1 0.763672 0.628906 0.022475 0.022475
1 0.794922 0.664062 0.022475 0.022475
1 0.816406 0.638672 0.022475 0.022475
1 0.841797 0.666016 0.022475 0.022475
1 0.869141 0.615234 0.022475 0.022475
1 0.941406 0.634766 0.022475 0.022475
1 0.722656 0.691406 0.022475 0.022475
1 0.712891 0.707031 0.022475 0.022475
1 0.763672 0.742188 0.022475 0.022475
1 0.724609 0.765625 0.022475 0.022475
1 0.742188 0.783203 0.022475 0.022475
1 0.775391 0.800781 0.022475 0.022475
1 0.785156 0.812500 0.022475 0.022475
1 0.779297 0.822266 0.022475 0.022475
1 0.769531 0.818359 0.022475 0.022475
1 0.714844 0.822266 0.022475 0.022475
1 0.714844 0.859375 0.022475 0.022475
1 0.794922 0.839844 0.022475 0.022475
1 0.818359 0.771484 0.022475 0.022475
1 0.876953 0.757812 0.022475 0.022475
1 0.912109 0.748047 0.022475 0.022475
1 0.900391 0.771484 0.022475 0.022475
1 0.867188 0.824219 0.022475 0.022475
1 0.904297 0.851562 0.022475 0.022475
1 0.972656 0.744141 0.022475 0.022475
1 0.989244 0.798828 0.021367 0.021367
1 0.992421 0.835938 0.017631 0.017631
