1 0.785283 0.431872 0.019022 0.019022
1 0.992123 0.939694 0.016418 0.016418
1 0.982549 0.892810 0.019022 0.019022
1 0.939580 0.877185 0.019022 0.019022
1 0.834111 0.857653 0.019022 0.019022
1 0.830205 0.814685 0.019022 0.019022
1 0.894658 0.832263 0.019022 0.019022
1 0.986455 0.728747 0.019022 0.019022
1 0.957158 0.744372 0.019022 0.019022
1 0.855595 0.748278 0.019022 0.019022
1 0.818486 0.707263 0.019022 0.019022
1 0.927861 0.679919 0.019022 0.019022
1 0.892705 0.638903 0.019022 0.019022
1 0.830205 0.676013 0.019022 0.019022
1 0.787236 0.674060 0.019022 0.019022
1 0.716924 0.676013 0.019022 0.019022
1 0.697392 0.676013 0.019022 0.019022
1 0.650517 0.660388 0.019022 0.019022
1 0.691533 0.633044 0.019022 0.019022
1 0.873174 0.601794 0.019022 0.019022
1 0.949345 0.629138 0.019022 0.019022
1 0.955205 0.685778 0.019022 0.019022
1 0.964970 0.691638 0.019022 0.019022
1 0.974736 0.691638 0.019022 0.019022
1 0.970830 0.681872 0.019022 0.019022
1 0.908330 0.580310 0.019022 0.019022
1 0.910283 0.527575 0.019022 0.019022
1 0.838017 0.531482 0.019022 0.019022
1 0.718877 0.849841 0.019022 0.019022
1 0.625127 0.963122 0.019022 0.019022
1 0.588017 0.802966 0.019022 0.019022
1 0.558720 0.713122 0.019022 0.019022
1 0.582158 0.662341 0.019022 0.019022
1 0.576299 0.646716 0.019022 0.019022
1 0.527470 0.703357 0.019022 0.019022
1 0.507939 0.703357 0.019022 0.019022
1 0.500127 0.687732 0.019022 0.019022
1 0.437627 0.756091 0.019022 0.019022
1 0.484502 0.947497 0.019022 0.019022
1 0.476689 0.916247 0.019022 0.019022
1 0.494267 0.871325 0.019022 0.019022
1 0.484502 0.859607 0.019022 0.019022
1 0.396611 0.884997 0.019022 0.019022
1 0.400517 0.863513 0.019022 0.019022
1 0.390752 0.808825 0.019022 0.019022
1 0.367314 0.804919 0.019022 0.019022
1 0.369267 0.791247 0.019022 0.019022
1 0.400517 0.738513 0.019022 0.019022
1 0.363408 0.728747 0.019022 0.019022
1 0.373174 0.709216 0.019022 0.019022
1 0.369267 0.689685 0.019022 0.019022
1 0.297002 0.814685 0.019022 0.019022
1 0.322392 0.884997 0.019022 0.019022
1 0.195439 0.914294 0.019022 0.019022
1 0.193486 0.886950 0.019022 0.019022
1 0.195439 0.842028 0.019022 0.019022
1 0.220830 0.771716 0.019022 0.019022
1 0.045049 0.978747 0.019022 0.019022
1 0.045049 0.916247 0.019022 0.019022
1 0.050908 0.902575 0.019022 0.019022
1 0.121220 0.804919 0.019022 0.019022
1 0.138799 0.797107 0.019022 0.019022
1 0.154424 0.773669 0.019022 0.019022
1 0.621220 0.615466 0.019022 0.019022
1 0.611455 0.611560 0.019022 0.019022
1 0.650517 0.574450 0.019022 0.019022
1 0.568486 0.590075 0.019022 0.019022
1 0.568486 0.574450 0.019022 0.019022
1 0.699345 0.504138 0.019022 0.019022
1 0.759892 0.488513 0.019022 0.019022
1 0.922002 0.902575 0.019022 0.019022
1 0.800908 0.463122 0.019022 0.019022
1 0.834111 0.463122 0.019022 0.019022
1 0.841924 0.465075 0.019022 0.019022
1 0.863408 0.453357 0.019022 0.019022
1 0.900517 0.451403 0.019022 0.019022
1 0.953252 0.431872 0.019022 0.019022
1 0.968877 0.410388 0.019022 0.019022
1 0.974736 0.371325 0.019022 0.019022
1 0.964970 0.371325 0.019022 0.019022
1 0.968877 0.367419 0.019022 0.019022
1 0.974736 0.345935 0.019022 0.019022
1 0.845830 0.351794 0.019022 0.019022
1 0.839970 0.371325 0.019022 0.019022
1 0.820439 0.373278 0.019022 0.019022
1 0.763799 0.384997 0.019022 0.019022
1 0.685674 0.402575 0.019022 0.019022
1 0.691533 0.367419 0.019022 0.019022
1 0.527470 0.511950 0.019022 0.019022
1 0.550908 0.468982 0.019022 0.019022
1 0.431767 0.617419 0.019022 0.019022
1 0.365361 0.634997 0.019022 0.019022
1 0.363408 0.601794 0.019022 0.019022
1 0.390752 0.547107 0.019022 0.019022
1 0.412236 0.511950 0.019022 0.019022
1 0.291142 0.683825 0.019022 0.019022
1 0.259892 0.685778 0.019022 0.019022
1 0.226689 0.541247 0.019022 0.019022
1 0.127080 0.584216 0.019022 0.019022
1 0.088017 0.535388 0.019022 0.019022
1 0.068486 0.568591 0.019022 0.019022
1 0.015752 0.568591 0.019022 0.019022
1 0.011845 0.496325 0.019022 0.019022
1 0.023564 0.482653 0.019022 0.019022
1 0.134892 0.373278 0.019022 0.019022
1 0.341924 0.404528 0.019022 0.019022
1 0.384892 0.429919 0.019022 0.019022
1 0.435674 0.386950 0.019022 0.019022
1 0.242314 0.318591 0.019022 0.019022
1 0.543095 0.297107 0.019022 0.019022
1 0.629033 0.289294 0.019022 0.019022
1 0.697392 0.261950 0.019022 0.019022
1 0.728642 0.267810 0.019022 0.019022
1 0.894658 0.332263 0.019022 0.019022
1 0.884892 0.304919 0.019022 0.019022
1 0.877080 0.293200 0.019022 0.019022
1 0.845830 0.283435 0.019022 0.019022
1 0.857549 0.265857 0.019022 0.019022
1 0.713017 0.191638 0.019022 0.019022
1 0.646611 0.172107 0.019022 0.019022
1 0.699345 0.160388 0.019022 0.019022
1 0.703252 0.146716 0.019022 0.019022
1 0.673955 0.140857 0.019022 0.019022
1 0.623174 0.158435 0.019022 0.019022
1 0.537236 0.222888 0.019022 0.019022
1 0.496220 0.177966 0.019022 0.019022
1 0.418095 0.201403 0.019022 0.019022
1 0.435674 0.183825 0.019022 0.019022
1 0.451299 0.136950 0.019022 0.019022
1 0.308720 0.203357 0.019022 0.019022
1 0.127080 0.281482 0.019022 0.019022
1 0.123174 0.267810 0.019022 0.019022
1 0.068486 0.207263 0.019022 0.019022
1 0.103642 0.203357 0.019022 0.019022
1 0.115361 0.199450 0.019022 0.019022
1 0.099736 0.191638 0.019022 0.019022
1 0.173955 0.160388 0.019022 0.019022
1 0.148564 0.133044 0.019022 0.019022
1 0.140752 0.099841 0.019022 0.019022
1 0.006036 0.101631 0.016639 0.016639
1 0.505986 0.066638 0.019022 0.019022
1 0.308720 0.058825 0.019022 0.019022
1 0.154424 0.070544 0.019022 0.019022
1 0.761845 0.101794 0.019022 0.019022
1 0.888799 0.103747 0.019022 0.019022
1 0.812627 0.082263 0.019022 0.019022
1 0.834111 0.064685 0.019022 0.019022
1 0.804814 0.009997 0.019022 0.019022
1 0.611328 0.004943 0.015427 0.015427
1 0.609502 0.019763 0.019022 0.019022
1 0.570439 0.011950 0.019022 0.019022
1 0.494141 0.007092 0.017904 0.017904
1 0.418095 0.009997 0.019022 0.019022
1 0.330205 0.015857 0.019022 0.019022
1 0.845830 0.978747 0.019022 0.019022
1 0.218995 0.654297 0.017213 0.017213
