1 0.865361 0.615466 0.019022 0.019022
1 0.896611 0.646716 0.019022 0.019022
1 0.959111 0.611560 0.019022 0.019022
1 0.953252 0.793200 0.019022 0.019022
1 0.955205 0.812732 0.019022 0.019022
1 0.992123 0.795162 0.016418 0.016418
1 0.769658 0.203357 0.019022 0.019022
1 0.898564 0.947497 0.019022 0.019022
1 0.916142 0.914294 0.019022 0.019022
1 0.939823 0.994932 0.011129 0.011129
1 0.970830 0.881091 0.019022 0.019022
1 0.904424 0.765857 0.019022 0.019022
1 0.970830 0.896716 0.019022 0.019022
1 0.888799 0.935778 0.019022 0.019022
1 0.826299 0.193591 0.019022 0.019022
1 0.836064 0.254138 0.019022 0.019022
1 0.810674 0.293200 0.019022 0.019022
1 0.785283 0.328357 0.019022 0.019022
1 0.812627 0.390857 0.019022 0.019022
1 0.797002 0.404528 0.019022 0.019022
1 0.832158 0.343982 0.019022 0.019022
1 0.865361 0.343982 0.019022 0.019022
1 0.871220 0.381091 0.019022 0.019022
1 0.939580 0.381091 0.019022 0.019022
1 0.953252 0.441638 0.019022 0.019022
1 0.991039 0.414273 0.017562 0.017562
1 0.993998 0.262084 0.013315 0.013315
1 0.963017 0.205310 0.019022 0.019022
1 0.993126 0.181928 0.015028 0.015028
1 0.925908 0.168200 0.019022 0.019022
1 0.918095 0.136950 0.019022 0.019022
1 0.951299 0.074450 0.019022 0.019022
1 0.947392 0.015857 0.019022 0.019022
1 0.955078 0.004006 0.013763 0.013763
1 0.871220 0.086169 0.019022 0.019022
1 0.841924 0.103747 0.019022 0.019022
1 0.820439 0.113513 0.019022 0.019022
1 0.761845 0.129138 0.019022 0.019022
1 0.744267 0.148669 0.019022 0.019022
1 0.673955 0.111560 0.019022 0.019022
1 0.670049 0.035388 0.019022 0.019022
1 0.718877 0.029528 0.019022 0.019022
1 0.611455 0.013903 0.019022 0.019022
1 0.547002 0.043200 0.019022 0.019022
1 0.531377 0.113513 0.019022 0.019022
1 0.517705 0.134997 0.019022 0.019022
1 0.521611 0.158435 0.019022 0.019022
1 0.693486 0.383044 0.019022 0.019022
1 0.808720 0.441638 0.019022 0.019022
1 0.843877 0.455310 0.019022 0.019022
1 0.839970 0.470935 0.019022 0.019022
1 0.679814 0.435778 0.019022 0.019022
1 0.466924 0.240466 0.019022 0.019022
1 0.482549 0.177966 0.019022 0.019022
1 0.482549 0.134997 0.019022 0.019022
1 0.400517 0.205310 0.019022 0.019022
1 0.588017 0.238513 0.019022 0.019022
1 0.574345 0.220935 0.019022 0.019022
1 0.589970 0.217028 0.019022 0.019022
1 0.589970 0.271716 0.019022 0.019022
1 0.554814 0.314685 0.019022 0.019022
1 0.519658 0.291247 0.019022 0.019022
1 0.550908 0.345935 0.019022 0.019022
1 0.531377 0.418200 0.019022 0.019022
1 0.638799 0.453357 0.019022 0.019022
1 0.660283 0.476794 0.019022 0.019022
1 0.728642 0.486560 0.019022 0.019022
1 0.894658 0.492419 0.019022 0.019022
1 0.902470 0.539294 0.019022 0.019022
1 0.859502 0.560778 0.019022 0.019022
1 0.679814 0.556872 0.019022 0.019022
1 0.675908 0.543200 0.019022 0.019022
1 0.570439 0.496325 0.019022 0.019022
1 0.521611 0.467028 0.019022 0.019022
1 0.463017 0.482653 0.019022 0.019022
1 0.435674 0.435778 0.019022 0.019022
1 0.418095 0.457263 0.019022 0.019022
1 0.351689 0.427966 0.019022 0.019022
1 0.347783 0.511950 0.019022 0.019022
1 0.400517 0.357653 0.019022 0.019022
1 0.396611 0.343982 0.019022 0.019022
1 0.310674 0.365466 0.019022 0.019022
1 0.261845 0.365466 0.019022 0.019022
1 0.213017 0.355700 0.019022 0.019022
1 0.191533 0.336169 0.019022 0.019022
1 0.170049 0.361560 0.019022 0.019022
1 0.195439 0.398669 0.019022 0.019022
1 0.207158 0.427966 0.019022 0.019022
1 0.246220 0.416247 0.019022 0.019022
1 0.216924 0.478747 0.019022 0.019022
1 0.170049 0.457263 0.019022 0.019022
1 0.113408 0.515857 0.019022 0.019022
1 0.097783 0.515857 0.019022 0.019022
1 0.082158 0.304919 0.019022 0.019022
1 0.089970 0.287341 0.019022 0.019022
1 0.291142 0.304919 0.019022 0.019022
1 0.283330 0.412341 0.019022 0.019022
1 0.267705 0.213122 0.019022 0.019022
1 0.259892 0.162341 0.019022 0.019022
1 0.326299 0.090075 0.019022 0.019022
1 0.240361 0.052966 0.019022 0.019022
1 0.273564 0.031482 0.019022 0.019022
1 0.205205 0.037341 0.019022 0.019022
1 0.187627 0.019763 0.019022 0.019022
1 0.439453 0.005983 0.016784 0.016784
1 0.127080 0.049060 0.019022 0.019022
1 0.109502 0.074450 0.019022 0.019022
1 0.134892 0.093982 0.019022 0.019022
1 0.125127 0.168200 0.019022 0.019022
1 0.088017 0.123278 0.019022 0.019022
1 0.054814 0.127185 0.019022 0.019022
1 0.035283 0.134997 0.019022 0.019022
1 0.031377 0.097888 0.019022 0.019022
1 0.058720 0.207263 0.019022 0.019022
1 0.064580 0.228747 0.019022 0.019022
1 0.146611 0.248278 0.019022 0.019022
1 0.445439 0.386950 0.019022 0.019022
1 0.011845 0.916247 0.019022 0.019022
1 0.037236 0.918200 0.019022 0.019022
1 0.078252 0.916247 0.019022 0.019022
1 0.119267 0.916247 0.019022 0.019022
1 0.138799 0.812732 0.019022 0.019022
1 0.013799 0.824450 0.019022 0.019022
1 0.004138 0.849712 0.013586 0.013586
1 0.052861 0.709216 0.019022 0.019022
1 0.017705 0.676013 0.019022 0.019022
1 0.078252 0.588122 0.019022 0.019022
1 0.156377 0.603747 0.019022 0.019022
1 0.203252 0.570544 0.019022 0.019022
1 0.214970 0.607653 0.019022 0.019022
1 0.199345 0.627185 0.019022 0.019022
1 0.298955 0.570544 0.019022 0.019022
1 0.308720 0.631091 0.019022 0.019022
1 0.295049 0.681872 0.019022 0.019022
1 0.281377 0.709216 0.019022 0.019022
1 0.246220 0.715075 0.019022 0.019022
1 0.234502 0.789294 0.019022 0.019022
1 0.181767 0.759997 0.019022 0.019022
1 0.162236 0.767810 0.019022 0.019022
1 0.334111 0.787341 0.019022 0.019022
1 0.320439 0.849841 0.019022 0.019022
1 0.363408 0.746325 0.019022 0.019022
1 0.404424 0.670153 0.019022 0.019022
1 0.431767 0.568591 0.019022 0.019022
1 0.396611 0.804919 0.019022 0.019022
1 0.412236 0.812732 0.019022 0.019022
1 0.457158 0.783435 0.019022 0.019022
1 0.463017 0.697497 0.019022 0.019022
1 0.482549 0.695544 0.019022 0.019022
1 0.513799 0.685778 0.019022 0.019022
1 0.519658 0.730700 0.019022 0.019022
1 0.548955 0.703357 0.019022 0.019022
1 0.595830 0.687732 0.019022 0.019022
1 0.640752 0.592028 0.019022 0.019022
1 0.709111 0.605700 0.019022 0.019022
1 0.730595 0.634997 0.019022 0.019022
1 0.689580 0.707263 0.019022 0.019022
1 0.707158 0.730700 0.019022 0.019022
1 0.632939 0.875232 0.019022 0.019022
1 0.552861 0.896716 0.019022 0.019022
1 0.476689 0.906482 0.019022 0.019022
1 0.474736 0.922107 0.019022 0.019022
1 0.392705 0.980700 0.019022 0.019022
1 0.599736 0.970935 0.019022 0.019022
1 0.660283 0.978747 0.019022 0.019022
1 0.683720 0.957263 0.019022 0.019022
1 0.720830 0.968982 0.019022 0.019022
1 0.744267 0.924060 0.019022 0.019022
1 0.754076 0.992340 0.016418 0.016418
1 0.693932 0.995699 0.008952 0.008952
1 0.797002 0.924060 0.019022 0.019022
1 0.773564 0.861560 0.019022 0.019022
1 0.882939 0.826403 0.019022 0.019022
1 0.880986 0.810778 0.019022 0.019022
1 0.826299 0.707263 0.019022 0.019022
1 0.787236 0.713122 0.019022 0.019022
1 0.802861 0.586169 0.019022 0.019022
