1 0.164308 0.960938 0.017213 0.017213
1 0.496339 0.787109 0.017213 0.017213
1 0.498292 0.800781 0.017213 0.017213
1 0.506105 0.816406 0.017213 0.017213
1 0.517824 0.826172 0.017213 0.017213
1 0.508058 0.839844 0.017213 0.017213
1 0.531495 0.822266 0.017213 0.017213
1 0.549074 0.806641 0.017213 0.017213
1 0.543214 0.835938 0.017213 0.017213
1 0.558839 0.832031 0.017213 0.017213
1 0.568605 0.820312 0.017213 0.017213
1 0.574464 0.833984 0.017213 0.017213
1 0.582277 0.851562 0.017213 0.017213
1 0.006009 0.966797 0.015269 0.015269
1 0.019777 0.966797 0.017213 0.017213
1 0.047120 0.980469 0.017213 0.017213
1 0.031401 0.992858 0.015506 0.015506
1 0.011870 0.992858 0.015506 0.015506
1 0.049013 0.004163 0.014025 0.014025
1 0.056886 0.019531 0.017213 0.017213
1 0.074464 0.019531 0.017213 0.017213
1 0.090089 0.017578 0.017213 0.017213
1 0.107667 0.013672 0.017213 0.017213
1 0.135011 0.023438 0.017213 0.017213
1 0.129152 0.046875 0.017213 0.017213
1 0.119386 0.041016 0.017213 0.017213
1 0.131105 0.064453 0.017213 0.017213
1 0.193605 0.046875 0.017213 0.017213
1 0.191652 0.021484 0.017213 0.017213
1 0.172120 0.037109 0.017213 0.017213
1 0.168214 0.015625 0.017213 0.017213
1 0.093995 0.044922 0.017213 0.017213
1 0.060792 0.035156 0.017213 0.017213
1 0.070558 0.052734 0.017213 0.017213
1 0.051027 0.060547 0.017213 0.017213
1 0.051027 0.074219 0.017213 0.017213
1 0.037355 0.048828 0.017213 0.017213
1 0.043214 0.027344 0.017213 0.017213
1 0.015870 0.023438 0.017213 0.017213
1 0.008520 0.039062 0.016784 0.016784
1 0.074464 0.074219 0.017213 0.017213
1 0.074464 0.087891 0.017213 0.017213
1 0.088136 0.093750 0.017213 0.017213
1 0.107667 0.074219 0.017213 0.017213
1 0.136964 0.085938 0.017213 0.017213
1 0.158449 0.076172 0.017213 0.017213
1 0.006009 0.068359 0.015269 0.015269
1 0.023683 0.085938 0.017213 0.017213
1 0.029542 0.099609 0.017213 0.017213
1 0.035402 0.113281 0.017213 0.017213
1 0.047120 0.099609 0.017213 0.017213
1 0.066652 0.105469 0.017213 0.017213
1 0.015870 0.103516 0.017213 0.017213
1 0.015870 0.136719 0.017213 0.017213
1 0.010011 0.158203 0.017213 0.017213
1 0.025636 0.148438 0.017213 0.017213
1 0.019777 0.181641 0.017213 0.017213
1 0.054933 0.171875 0.017213 0.017213
1 0.070558 0.166016 0.017213 0.017213
1 0.058839 0.140625 0.017213 0.017213
1 0.074464 0.132812 0.017213 0.017213
1 0.086183 0.152344 0.017213 0.017213
1 0.101808 0.166016 0.017213 0.017213
1 0.082277 0.177734 0.017213 0.017213
1 0.549074 0.951172 0.017213 0.017213
1 0.535402 0.951172 0.017213 0.017213
1 0.513917 0.939453 0.017213 0.017213
1 0.549074 0.919922 0.017213 0.017213
1 0.115480 0.246094 0.017213 0.017213
1 0.564699 0.914062 0.017213 0.017213
1 0.586183 0.908203 0.017213 0.017213
1 0.592042 0.921875 0.017213 0.017213
1 0.599855 0.939453 0.017213 0.017213
1 0.576417 0.953125 0.017213 0.017213
1 0.511964 0.972656 0.017213 0.017213
1 0.494386 0.968750 0.017213 0.017213
1 0.480714 0.964844 0.017213 0.017213
1 0.480714 0.949219 0.017213 0.017213
1 0.457277 0.953125 0.017213 0.017213
1 0.472902 0.921875 0.017213 0.017213
1 0.457277 0.919922 0.017213 0.017213
1 0.435792 0.937500 0.017213 0.017213
1 0.373292 0.939453 0.017213 0.017213
1 0.369386 0.951172 0.017213 0.017213
1 0.375245 0.974609 0.017213 0.017213
1 0.353761 0.990234 0.017213 0.017213
1 0.338042 0.992858 0.015506 0.015506
1 0.322511 0.982422 0.017213 0.017213
1 0.013917 0.205078 0.017213 0.017213
1 0.027589 0.207031 0.017213 0.017213
1 0.033449 0.220703 0.017213 0.017213
1 0.031495 0.232422 0.017213 0.017213
1 0.013917 0.224609 0.017213 0.017213
1 0.015870 0.242188 0.017213 0.017213
1 0.043214 0.201172 0.017213 0.017213
1 0.052980 0.187500 0.017213 0.017213
1 0.068605 0.199219 0.017213 0.017213
1 0.092042 0.207031 0.017213 0.017213
1 0.107667 0.193359 0.017213 0.017213
1 0.113527 0.179688 0.017213 0.017213
1 0.119386 0.162109 0.017213 0.017213
1 0.133058 0.173828 0.017213 0.017213
1 0.136964 0.146484 0.017213 0.017213
1 0.119386 0.128906 0.017213 0.017213
1 0.111574 0.115234 0.017213 0.017213
1 0.103761 0.125000 0.017213 0.017213
1 0.107667 0.140625 0.017213 0.017213
1 0.093995 0.136719 0.017213 0.017213
1 0.148683 0.123047 0.017213 0.017213
1 0.133058 0.103516 0.017213 0.017213
1 0.170167 0.107422 0.017213 0.017213
1 0.177980 0.068359 0.017213 0.017213
1 0.181886 0.087891 0.017213 0.017213
1 0.195558 0.097656 0.017213 0.017213
1 0.242433 0.060547 0.017213 0.017213
1 0.074464 0.220703 0.017213 0.017213
1 0.092042 0.230469 0.017213 0.017213
1 0.117433 0.220703 0.017213 0.017213
1 0.138917 0.246094 0.017213 0.017213
1 0.093995 0.251953 0.017213 0.017213
1 0.072511 0.240234 0.017213 0.017213
1 0.056886 0.250000 0.017213 0.017213
1 0.066652 0.271484 0.017213 0.017213
1 0.078370 0.259766 0.017213 0.017213
1 0.041261 0.267578 0.017213 0.017213
1 0.031495 0.281250 0.017213 0.017213
1 0.049074 0.285156 0.017213 0.017213
1 0.047120 0.306641 0.017213 0.017213
1 0.052980 0.322266 0.017213 0.017213
1 0.035402 0.308594 0.017213 0.017213
1 0.029542 0.328125 0.017213 0.017213
1 0.015870 0.337891 0.017213 0.017213
1 0.015870 0.316406 0.017213 0.017213
1 0.041261 0.371094 0.017213 0.017213
1 0.064699 0.345703 0.017213 0.017213
1 0.068605 0.380859 0.017213 0.017213
1 0.064699 0.396484 0.017213 0.017213
1 0.078370 0.400391 0.017213 0.017213
1 0.090089 0.392578 0.017213 0.017213
1 0.041261 0.410156 0.017213 0.017213
1 0.019777 0.396484 0.017213 0.017213
1 0.021730 0.417969 0.017213 0.017213
1 0.019777 0.437500 0.017213 0.017213
1 0.049074 0.431641 0.017213 0.017213
1 0.060792 0.425781 0.017213 0.017213
1 0.090089 0.425781 0.017213 0.017213
1 0.080324 0.441406 0.017213 0.017213
1 0.074464 0.457031 0.017213 0.017213
1 0.082277 0.470703 0.017213 0.017213
1 0.070558 0.468750 0.017213 0.017213
1 0.054933 0.472656 0.017213 0.017213
1 0.049074 0.484375 0.017213 0.017213
1 0.037355 0.480469 0.017213 0.017213
1 0.021730 0.470703 0.017213 0.017213
1 0.008520 0.470703 0.016784 0.016784
1 0.023683 0.486328 0.017213 0.017213
1 0.011964 0.501953 0.017213 0.017213
1 0.035402 0.496094 0.017213 0.017213
1 0.039308 0.511719 0.017213 0.017213
1 0.039308 0.525391 0.017213 0.017213
1 0.051027 0.517578 0.017213 0.017213
1 0.054933 0.498047 0.017213 0.017213
1 0.068605 0.500000 0.017213 0.017213
1 0.082277 0.494141 0.017213 0.017213
1 0.099855 0.498047 0.017213 0.017213
1 0.015870 0.533203 0.017213 0.017213
1 0.015870 0.552734 0.017213 0.017213
1 0.010011 0.570312 0.017213 0.017213
1 0.027589 0.578125 0.017213 0.017213
1 0.027589 0.593750 0.017213 0.017213
1 0.015870 0.607422 0.017213 0.017213
1 0.008520 0.623047 0.016784 0.016784
1 0.023683 0.619141 0.017213 0.017213
1 0.035402 0.615234 0.017213 0.017213
1 0.023683 0.636719 0.017213 0.017213
1 0.031495 0.628906 0.017213 0.017213
1 0.047120 0.632812 0.017213 0.017213
1 0.051027 0.650391 0.017213 0.017213
1 0.031495 0.660156 0.017213 0.017213
1 0.015870 0.662109 0.017213 0.017213
1 0.025636 0.675781 0.017213 0.017213
1 0.035402 0.681641 0.017213 0.017213
1 0.090089 0.527344 0.017213 0.017213
1 0.093995 0.546875 0.017213 0.017213
1 0.107667 0.539062 0.017213 0.017213
1 0.117433 0.548828 0.017213 0.017213
1 0.092042 0.562500 0.017213 0.017213
1 0.070558 0.548828 0.017213 0.017213
1 0.052980 0.550781 0.017213 0.017213
1 0.101808 0.572266 0.017213 0.017213
1 0.123292 0.568359 0.017213 0.017213
1 0.088136 0.593750 0.017213 0.017213
1 0.099855 0.603516 0.017213 0.017213
1 0.090089 0.615234 0.017213 0.017213
1 0.115480 0.611328 0.017213 0.017213
1 0.136964 0.601562 0.017213 0.017213
1 0.051027 0.589844 0.017213 0.017213
1 0.060792 0.609375 0.017213 0.017213
1 0.070558 0.625000 0.017213 0.017213
1 0.068605 0.642578 0.017213 0.017213
1 0.090089 0.638672 0.017213 0.017213
1 0.103761 0.642578 0.017213 0.017213
1 0.117433 0.630859 0.017213 0.017213
1 0.099855 0.656250 0.017213 0.017213
1 0.082277 0.662109 0.017213 0.017213
1 0.064699 0.666016 0.017213 0.017213
1 0.007272 0.691406 0.016044 0.016044
1 0.076417 0.685547 0.017213 0.017213
1 0.093995 0.697266 0.017213 0.017213
1 0.109620 0.691406 0.017213 0.017213
1 0.121339 0.683594 0.017213 0.017213
1 0.113527 0.669922 0.017213 0.017213
1 0.123292 0.660156 0.017213 0.017213
1 0.140870 0.656250 0.017213 0.017213
1 0.138917 0.628906 0.017213 0.017213
1 0.111574 0.716797 0.017213 0.017213
1 0.093995 0.724609 0.017213 0.017213
1 0.076417 0.712891 0.017213 0.017213
1 0.039308 0.716797 0.017213 0.017213
1 0.023683 0.716797 0.017213 0.017213
1 0.035402 0.753906 0.017213 0.017213
1 0.056886 0.746094 0.017213 0.017213
1 0.064699 0.761719 0.017213 0.017213
1 0.086183 0.744141 0.017213 0.017213
1 0.111574 0.736328 0.017213 0.017213
1 0.115480 0.757812 0.017213 0.017213
1 0.101808 0.769531 0.017213 0.017213
1 0.082277 0.785156 0.017213 0.017213
1 0.058839 0.796875 0.017213 0.017213
1 0.035402 0.771484 0.017213 0.017213
1 0.023683 0.804688 0.017213 0.017213
1 0.019777 0.828125 0.017213 0.017213
1 0.010011 0.833984 0.017213 0.017213
1 0.008520 0.855469 0.016784 0.016784
1 0.041261 0.853516 0.017213 0.017213
1 0.054933 0.867188 0.017213 0.017213
1 0.068605 0.849609 0.017213 0.017213
1 0.090089 0.837891 0.017213 0.017213
1 0.078370 0.816406 0.017213 0.017213
1 0.101808 0.810547 0.017213 0.017213
1 0.010011 0.882812 0.017213 0.017213
1 0.010011 0.896484 0.017213 0.017213
1 0.035402 0.878906 0.017213 0.017213
1 0.051027 0.890625 0.017213 0.017213
1 0.072511 0.906250 0.017213 0.017213
1 0.049074 0.914062 0.017213 0.017213
1 0.015870 0.925781 0.017213 0.017213
1 0.029542 0.935547 0.017213 0.017213
1 0.013917 0.947266 0.017213 0.017213
1 0.049074 0.945312 0.017213 0.017213
1 0.074464 0.939453 0.017213 0.017213
1 0.076417 0.955078 0.017213 0.017213
1 0.070558 0.988281 0.017213 0.017213
1 0.086183 0.986328 0.017213 0.017213
1 0.103761 0.976562 0.017213 0.017213
1 0.109526 0.992858 0.015506 0.015506
1 0.125245 0.970703 0.017213 0.017213
1 0.111574 0.958984 0.017213 0.017213
1 0.099855 0.947266 0.017213 0.017213
1 0.115480 0.943359 0.017213 0.017213
1 0.119386 0.933594 0.017213 0.017213
1 0.115480 0.919922 0.017213 0.017213
1 0.127199 0.912109 0.017213 0.017213
1 0.101808 0.890625 0.017213 0.017213
1 0.107667 0.873047 0.017213 0.017213
1 0.119386 0.855469 0.017213 0.017213
1 0.117433 0.830078 0.017213 0.017213
1 0.129152 0.833984 0.017213 0.017213
1 0.123292 0.810547 0.017213 0.017213
1 0.136964 0.818359 0.017213 0.017213
1 0.150636 0.824219 0.017213 0.017213
1 0.148683 0.837891 0.017213 0.017213
1 0.162355 0.851562 0.017213 0.017213
1 0.142824 0.873047 0.017213 0.017213
1 0.148683 0.880859 0.017213 0.017213
1 0.158449 0.880859 0.017213 0.017213
1 0.168214 0.882812 0.017213 0.017213
1 0.170167 0.869141 0.017213 0.017213
1 0.170167 0.906250 0.017213 0.017213
1 0.148683 0.908203 0.017213 0.017213
1 0.160402 0.925781 0.017213 0.017213
1 0.146730 0.935547 0.017213 0.017213
1 0.156495 0.943359 0.017213 0.017213
1 0.136964 0.945312 0.017213 0.017213
1 0.140870 0.955078 0.017213 0.017213
1 0.136964 0.984375 0.017213 0.017213
1 0.150636 0.984375 0.017213 0.017213
1 0.179933 0.974609 0.017213 0.017213
1 0.174074 0.990234 0.017213 0.017213
1 0.193605 0.970703 0.017213 0.017213
1 0.199464 0.962891 0.017213 0.017213
1 0.187745 0.955078 0.017213 0.017213
1 0.183839 0.945312 0.017213 0.017213
1 0.201417 0.935547 0.017213 0.017213
1 0.213136 0.925781 0.017213 0.017213
1 0.226808 0.931641 0.017213 0.017213
1 0.232667 0.917969 0.017213 0.017213
1 0.220949 0.947266 0.017213 0.017213
1 0.248292 0.951172 0.017213 0.017213
1 0.250245 0.935547 0.017213 0.017213
1 0.269777 0.939453 0.017213 0.017213
1 0.283449 0.958984 0.017213 0.017213
1 0.271730 0.968750 0.017213 0.017213
1 0.261964 0.976562 0.017213 0.017213
1 0.218995 0.976562 0.017213 0.017213
1 0.224855 0.990234 0.017213 0.017213
1 0.205324 0.986328 0.017213 0.017213
1 0.287355 0.982422 0.017213 0.017213
1 0.297120 0.972656 0.017213 0.017213
1 0.310792 0.951172 0.017213 0.017213
1 0.310792 0.943359 0.017213 0.017213
1 0.299074 0.935547 0.017213 0.017213
1 0.316652 0.925781 0.017213 0.017213
1 0.334230 0.933594 0.017213 0.017213
1 0.326417 0.949219 0.017213 0.017213
1 0.349855 0.943359 0.017213 0.017213
1 0.217042 0.039062 0.017213 0.017213
1 0.234620 0.033203 0.017213 0.017213
1 0.250245 0.031250 0.017213 0.017213
1 0.336183 0.031250 0.017213 0.017213
1 0.316652 0.033203 0.017213 0.017213
1 0.295167 0.033203 0.017213 0.017213
1 0.279542 0.046875 0.017213 0.017213
1 0.263917 0.089844 0.017213 0.017213
1 0.275636 0.099609 0.017213 0.017213
1 0.289308 0.097656 0.017213 0.017213
1 0.295167 0.115234 0.017213 0.017213
1 0.283449 0.128906 0.017213 0.017213
1 0.301027 0.130859 0.017213 0.017213
1 0.318605 0.146484 0.017213 0.017213
1 0.334230 0.158203 0.017213 0.017213
1 0.353761 0.154297 0.017213 0.017213
1 0.349855 0.166016 0.017213 0.017213
1 0.340089 0.166016 0.017213 0.017213
1 0.355714 0.179688 0.017213 0.017213
1 0.379152 0.160156 0.017213 0.017213
1 0.398683 0.146484 0.017213 0.017213
1 0.422120 0.144531 0.017213 0.017213
1 0.424074 0.154297 0.017213 0.017213
1 0.566652 0.380859 0.017213 0.017213
1 0.562745 0.408203 0.017213 0.017213
1 0.570558 0.423828 0.017213 0.017213
1 0.521730 0.404297 0.017213 0.017213
1 0.508058 0.380859 0.017213 0.017213
1 0.484620 0.392578 0.017213 0.017213
1 0.488527 0.335938 0.017213 0.017213
1 0.476808 0.353516 0.017213 0.017213
1 0.435792 0.291016 0.017213 0.017213
1 0.426027 0.265625 0.017213 0.017213
1 0.406495 0.261719 0.017213 0.017213
1 0.400636 0.281250 0.017213 0.017213
1 0.410402 0.302734 0.017213 0.017213
1 0.412355 0.320312 0.017213 0.017213
1 0.363527 0.216797 0.017213 0.017213
1 0.371339 0.191406 0.017213 0.017213
1 0.310792 0.158203 0.017213 0.017213
1 0.222902 0.128906 0.017213 0.017213
1 0.242433 0.136719 0.017213 0.017213
1 0.224855 0.099609 0.017213 0.017213
1 0.267824 0.164062 0.017213 0.017213
1 0.277589 0.171875 0.017213 0.017213
1 0.258058 0.175781 0.017213 0.017213
1 0.240480 0.166016 0.017213 0.017213
1 0.207277 0.152344 0.017213 0.017213
1 0.187745 0.134766 0.017213 0.017213
1 0.166261 0.160156 0.017213 0.017213
1 0.168214 0.187500 0.017213 0.017213
1 0.158449 0.191406 0.017213 0.017213
1 0.176027 0.195312 0.017213 0.017213
1 0.222902 0.187500 0.017213 0.017213
1 0.234620 0.187500 0.017213 0.017213
1 0.209230 0.205078 0.017213 0.017213
1 0.203370 0.216797 0.017213 0.017213
1 0.205324 0.232422 0.017213 0.017213
1 0.197511 0.246094 0.017213 0.017213
1 0.183839 0.232422 0.017213 0.017213
1 0.148683 0.228516 0.017213 0.017213
1 0.174074 0.244141 0.017213 0.017213
1 0.181886 0.257812 0.017213 0.017213
1 0.189699 0.267578 0.017213 0.017213
1 0.168214 0.259766 0.017213 0.017213
1 0.207277 0.281250 0.017213 0.017213
1 0.224855 0.246094 0.017213 0.017213
1 0.238527 0.234375 0.017213 0.017213
1 0.252199 0.220703 0.017213 0.017213
1 0.267824 0.210938 0.017213 0.017213
1 0.289308 0.212891 0.017213 0.017213
1 0.301027 0.201172 0.017213 0.017213
1 0.308839 0.220703 0.017213 0.017213
1 0.326417 0.220703 0.017213 0.017213
1 0.326417 0.240234 0.017213 0.017213
1 0.342042 0.228516 0.017213 0.017213
1 0.349855 0.246094 0.017213 0.017213
1 0.414308 0.181641 0.017213 0.017213
1 0.367433 0.242188 0.017213 0.017213
1 0.371339 0.267578 0.017213 0.017213
1 0.383058 0.296875 0.017213 0.017213
1 0.383058 0.314453 0.017213 0.017213
1 0.383058 0.332031 0.017213 0.017213
1 0.429933 0.330078 0.017213 0.017213
1 0.431886 0.347656 0.017213 0.017213
1 0.455324 0.359375 0.017213 0.017213
1 0.465089 0.371094 0.017213 0.017213
1 0.427980 0.373047 0.017213 0.017213
1 0.443605 0.394531 0.017213 0.017213
1 0.451417 0.423828 0.017213 0.017213
1 0.480714 0.417969 0.017213 0.017213
1 0.484620 0.443359 0.017213 0.017213
1 0.504152 0.421875 0.017213 0.017213
1 0.519777 0.429688 0.017213 0.017213
1 0.510011 0.447266 0.017213 0.017213
1 0.537355 0.437500 0.017213 0.017213
1 0.545167 0.464844 0.017213 0.017213
1 0.556886 0.455078 0.017213 0.017213
1 0.885011 0.986328 0.017213 0.017213
1 0.861574 0.986328 0.017213 0.017213
1 0.801027 0.832031 0.017213 0.017213
1 0.787355 0.808594 0.017213 0.017213
1 0.781495 0.796875 0.017213 0.017213
1 0.781495 0.787109 0.017213 0.017213
1 0.787355 0.761719 0.017213 0.017213
1 0.789308 0.742188 0.017213 0.017213
1 0.799074 0.630859 0.017213 0.017213
1 0.783449 0.587891 0.017213 0.017213
1 0.802980 0.552734 0.017213 0.017213
1 0.787355 0.552734 0.017213 0.017213
1 0.791261 0.521484 0.017213 0.017213
1 0.754152 0.572266 0.017213 0.017213
1 0.742433 0.578125 0.017213 0.017213
1 0.717042 0.615234 0.017213 0.017213
1 0.627199 0.564453 0.017213 0.017213
1 0.642824 0.566406 0.017213 0.017213
1 0.693605 0.476562 0.017213 0.017213
1 0.677980 0.476562 0.017213 0.017213
1 0.640870 0.500000 0.017213 0.017213
1 0.633058 0.517578 0.017213 0.017213
1 0.629152 0.480469 0.017213 0.017213
1 0.607667 0.455078 0.017213 0.017213
1 0.582277 0.455078 0.017213 0.017213
1 0.582277 0.468750 0.017213 0.017213
1 0.595949 0.466797 0.017213 0.017213
1 0.607667 0.476562 0.017213 0.017213
1 0.644777 0.535156 0.017213 0.017213
1 0.666261 0.535156 0.017213 0.017213
1 0.670167 0.552734 0.017213 0.017213
1 0.666261 0.566406 0.017213 0.017213
1 0.652589 0.582031 0.017213 0.017213
1 0.640870 0.593750 0.017213 0.017213
1 0.631105 0.585938 0.017213 0.017213
1 0.617433 0.599609 0.017213 0.017213
1 0.601808 0.593750 0.017213 0.017213
1 0.582277 0.582031 0.017213 0.017213
1 0.584230 0.562500 0.017213 0.017213
1 0.584230 0.535156 0.017213 0.017213
1 0.592042 0.527344 0.017213 0.017213
1 0.556886 0.535156 0.017213 0.017213
1 0.558839 0.560547 0.017213 0.017213
1 0.560792 0.574219 0.017213 0.017213
1 0.629152 0.640625 0.017213 0.017213
1 0.595949 0.636719 0.017213 0.017213
1 0.588136 0.650391 0.017213 0.017213
1 0.607667 0.658203 0.017213 0.017213
1 0.623292 0.660156 0.017213 0.017213
1 0.635011 0.675781 0.017213 0.017213
1 0.638917 0.687500 0.017213 0.017213
1 0.640870 0.705078 0.017213 0.017213
1 0.701417 0.744141 0.017213 0.017213
1 0.676027 0.738281 0.017213 0.017213
1 0.750245 0.810547 0.017213 0.017213
1 0.744386 0.783203 0.017213 0.017213
1 0.715089 0.775391 0.017213 0.017213
1 0.707277 0.792969 0.017213 0.017213
1 0.666261 0.775391 0.017213 0.017213
1 0.636964 0.751953 0.017213 0.017213
1 0.635011 0.734375 0.017213 0.017213
1 0.629152 0.791016 0.017213 0.017213
1 0.607667 0.771484 0.017213 0.017213
1 0.623292 0.763672 0.017213 0.017213
1 0.804933 0.964844 0.017213 0.017213
1 0.728761 0.869141 0.017213 0.017213
1 0.752199 0.873047 0.017213 0.017213
1 0.746339 0.888672 0.017213 0.017213
1 0.797120 0.859375 0.017213 0.017213
1 0.791261 0.841797 0.017213 0.017213
1 0.767824 0.822266 0.017213 0.017213
1 0.754152 0.851562 0.017213 0.017213
1 0.744386 0.832031 0.017213 0.017213
1 0.728761 0.808594 0.017213 0.017213
1 0.724855 0.828125 0.017213 0.017213
1 0.728761 0.853516 0.017213 0.017213
1 0.707277 0.837891 0.017213 0.017213
1 0.707277 0.855469 0.017213 0.017213
1 0.713136 0.880859 0.017213 0.017213
1 0.695558 0.900391 0.017213 0.017213
1 0.736574 0.910156 0.017213 0.017213
1 0.715089 0.925781 0.017213 0.017213
1 0.697511 0.947266 0.017213 0.017213
1 0.683839 0.912109 0.017213 0.017213
1 0.658449 0.921875 0.017213 0.017213
1 0.672120 0.943359 0.017213 0.017213
1 0.677980 0.976562 0.017213 0.017213
1 0.658449 0.980469 0.017213 0.017213
1 0.662355 0.962891 0.017213 0.017213
1 0.640870 0.960938 0.017213 0.017213
1 0.623292 0.976562 0.017213 0.017213
1 0.640870 0.976562 0.017213 0.017213
1 0.648589 0.992858 0.015506 0.015506
1 0.595949 0.980469 0.017213 0.017213
1 0.564699 0.980469 0.017213 0.017213
1 0.529542 0.976562 0.017213 0.017213
1 0.623292 0.939453 0.017213 0.017213
1 0.636964 0.931641 0.017213 0.017213
1 0.638917 0.914062 0.017213 0.017213
1 0.644777 0.892578 0.017213 0.017213
1 0.662355 0.898438 0.017213 0.017213
1 0.674074 0.869141 0.017213 0.017213
1 0.674074 0.847656 0.017213 0.017213
1 0.672120 0.816406 0.017213 0.017213
1 0.644777 0.822266 0.017213 0.017213
1 0.660402 0.841797 0.017213 0.017213
1 0.648683 0.861328 0.017213 0.017213
1 0.633058 0.841797 0.017213 0.017213
1 0.615480 0.853516 0.017213 0.017213
1 0.619386 0.880859 0.017213 0.017213
1 0.597902 0.880859 0.017213 0.017213
1 0.599855 0.861328 0.017213 0.017213
1 0.574464 0.880859 0.017213 0.017213
1 0.556886 0.886719 0.017213 0.017213
1 0.531495 0.894531 0.017213 0.017213
1 0.539308 0.882812 0.017213 0.017213
1 0.551027 0.863281 0.017213 0.017213
1 0.535402 0.867188 0.017213 0.017213
1 0.531495 0.849609 0.017213 0.017213
1 0.517824 0.851562 0.017213 0.017213
1 0.511964 0.865234 0.017213 0.017213
1 0.517824 0.876953 0.017213 0.017213
1 0.498292 0.882812 0.017213 0.017213
1 0.502199 0.902344 0.017213 0.017213
1 0.480714 0.896484 0.017213 0.017213
1 0.480714 0.876953 0.017213 0.017213
1 0.461183 0.888672 0.017213 0.017213
1 0.441652 0.892578 0.017213 0.017213
1 0.426027 0.900391 0.017213 0.017213
1 0.140870 0.267578 0.017213 0.017213
1 0.154542 0.279297 0.017213 0.017213
1 0.168214 0.281250 0.017213 0.017213
1 0.174074 0.292969 0.017213 0.017213
1 0.185792 0.296875 0.017213 0.017213
1 0.203370 0.304688 0.017213 0.017213
1 0.207277 0.318359 0.017213 0.017213
1 0.199464 0.335938 0.017213 0.017213
1 0.185792 0.322266 0.017213 0.017213
1 0.170167 0.322266 0.017213 0.017213
1 0.158449 0.304688 0.017213 0.017213
1 0.123292 0.287109 0.017213 0.017213
1 0.105714 0.281250 0.017213 0.017213
1 0.090089 0.300781 0.017213 0.017213
1 0.074464 0.304688 0.017213 0.017213
1 0.099855 0.312500 0.017213 0.017213
1 0.113527 0.304688 0.017213 0.017213
1 0.088136 0.324219 0.017213 0.017213
1 0.133058 0.322266 0.017213 0.017213
1 0.144777 0.330078 0.017213 0.017213
1 0.135011 0.351562 0.017213 0.017213
1 0.103761 0.351562 0.017213 0.017213
1 0.095949 0.343750 0.017213 0.017213
1 0.103761 0.376953 0.017213 0.017213
1 0.127199 0.376953 0.017213 0.017213
1 0.158449 0.361328 0.017213 0.017213
1 0.170167 0.349609 0.017213 0.017213
1 0.191652 0.355469 0.017213 0.017213
1 0.199464 0.365234 0.017213 0.017213
1 0.215089 0.351562 0.017213 0.017213
1 0.232667 0.333984 0.017213 0.017213
1 0.230714 0.316406 0.017213 0.017213
1 0.238527 0.304688 0.017213 0.017213
1 0.250245 0.310547 0.017213 0.017213
1 0.271730 0.302734 0.017213 0.017213
1 0.271730 0.283203 0.017213 0.017213
1 0.258058 0.271484 0.017213 0.017213
1 0.267824 0.257812 0.017213 0.017213
1 0.279542 0.236328 0.017213 0.017213
1 0.304933 0.236328 0.017213 0.017213
1 0.281495 0.255859 0.017213 0.017213
1 0.297120 0.261719 0.017213 0.017213
1 0.330324 0.253906 0.017213 0.017213
1 0.334230 0.275391 0.017213 0.017213
1 0.343995 0.283203 0.017213 0.017213
1 0.320558 0.279297 0.017213 0.017213
1 0.304933 0.277344 0.017213 0.017213
1 0.297120 0.300781 0.017213 0.017213
1 0.340089 0.296875 0.017213 0.017213
1 0.342042 0.310547 0.017213 0.017213
1 0.355714 0.330078 0.017213 0.017213
1 0.343995 0.341797 0.017213 0.017213
1 0.351808 0.363281 0.017213 0.017213
1 0.363527 0.355469 0.017213 0.017213
1 0.365480 0.375000 0.017213 0.017213
1 0.385011 0.390625 0.017213 0.017213
1 0.398683 0.388672 0.017213 0.017213
1 0.392824 0.400391 0.017213 0.017213
1 0.310792 0.328125 0.017213 0.017213
1 0.271730 0.333984 0.017213 0.017213
1 0.250245 0.339844 0.017213 0.017213
1 0.246339 0.351562 0.017213 0.017213
1 0.246339 0.367188 0.017213 0.017213
1 0.273683 0.359375 0.017213 0.017213
1 0.293214 0.349609 0.017213 0.017213
1 0.301027 0.369141 0.017213 0.017213
1 0.320558 0.365234 0.017213 0.017213
1 0.273683 0.378906 0.017213 0.017213
1 0.289308 0.398438 0.017213 0.017213
1 0.263917 0.398438 0.017213 0.017213
1 0.250245 0.400391 0.017213 0.017213
1 0.234620 0.386719 0.017213 0.017213
1 0.220949 0.384766 0.017213 0.017213
1 0.203370 0.390625 0.017213 0.017213
1 0.164308 0.371094 0.017213 0.017213
1 0.152589 0.419922 0.017213 0.017213
1 0.168214 0.406250 0.017213 0.017213
1 0.193605 0.406250 0.017213 0.017213
1 0.203370 0.421875 0.017213 0.017213
1 0.209230 0.410156 0.017213 0.017213
1 0.195558 0.429688 0.017213 0.017213
1 0.209230 0.433594 0.017213 0.017213
1 0.244386 0.408203 0.017213 0.017213
1 0.244386 0.429688 0.017213 0.017213
1 0.261964 0.414062 0.017213 0.017213
1 0.271730 0.429688 0.017213 0.017213
1 0.279542 0.416016 0.017213 0.017213
1 0.308839 0.392578 0.017213 0.017213
1 0.324464 0.388672 0.017213 0.017213
1 0.343995 0.398438 0.017213 0.017213
1 0.361574 0.388672 0.017213 0.017213
1 0.361574 0.402344 0.017213 0.017213
1 0.361574 0.417969 0.017213 0.017213
1 0.342042 0.417969 0.017213 0.017213
1 0.330324 0.425781 0.017213 0.017213
1 0.332277 0.439453 0.017213 0.017213
1 0.367433 0.429688 0.017213 0.017213
1 0.377199 0.451172 0.017213 0.017213
1 0.394777 0.435547 0.017213 0.017213
1 0.410402 0.431641 0.017213 0.017213
1 0.410402 0.447266 0.017213 0.017213
1 0.424074 0.441406 0.017213 0.017213
1 0.443605 0.451172 0.017213 0.017213
1 0.447511 0.464844 0.017213 0.017213
1 0.457277 0.455078 0.017213 0.017213
1 0.484620 0.460938 0.017213 0.017213
1 0.498292 0.474609 0.017213 0.017213
1 0.515870 0.480469 0.017213 0.017213
1 0.529542 0.474609 0.017213 0.017213
1 0.556886 0.498047 0.017213 0.017213
1 0.582277 0.521484 0.017213 0.017213
1 0.603761 0.507812 0.017213 0.017213
1 0.625245 0.509766 0.017213 0.017213
1 0.537355 0.515625 0.017213 0.017213
1 0.515870 0.529297 0.017213 0.017213
1 0.136964 0.402344 0.017213 0.017213
1 0.521730 0.548828 0.017213 0.017213
1 0.543214 0.550781 0.017213 0.017213
1 0.568605 0.619141 0.017213 0.017213
1 0.552980 0.628906 0.017213 0.017213
1 0.568605 0.642578 0.017213 0.017213
1 0.562745 0.666016 0.017213 0.017213
1 0.605714 0.687500 0.017213 0.017213
1 0.617433 0.708984 0.017213 0.017213
1 0.595949 0.716797 0.017213 0.017213
1 0.595949 0.742188 0.017213 0.017213
1 0.580324 0.742188 0.017213 0.017213
1 0.578370 0.771484 0.017213 0.017213
1 0.607667 0.798828 0.017213 0.017213
1 0.607667 0.833984 0.017213 0.017213
1 0.592042 0.822266 0.017213 0.017213
1 0.582277 0.804688 0.017213 0.017213
1 0.572511 0.789062 0.017213 0.017213
1 0.558839 0.779297 0.017213 0.017213
1 0.552980 0.765625 0.017213 0.017213
1 0.552980 0.750000 0.017213 0.017213
1 0.570558 0.708984 0.017213 0.017213
1 0.554933 0.705078 0.017213 0.017213
1 0.558839 0.683594 0.017213 0.017213
1 0.543214 0.660156 0.017213 0.017213
1 0.535402 0.640625 0.017213 0.017213
1 0.117433 0.417969 0.017213 0.017213
1 0.119386 0.429688 0.017213 0.017213
1 0.115480 0.447266 0.017213 0.017213
1 0.133058 0.443359 0.017213 0.017213
1 0.154542 0.447266 0.017213 0.017213
1 0.168214 0.429688 0.017213 0.017213
1 0.181886 0.451172 0.017213 0.017213
1 0.191652 0.464844 0.017213 0.017213
1 0.152589 0.462891 0.017213 0.017213
1 0.164308 0.484375 0.017213 0.017213
1 0.136964 0.484375 0.017213 0.017213
1 0.123292 0.480469 0.017213 0.017213
1 0.121339 0.464844 0.017213 0.017213
1 0.136964 0.417969 0.017213 0.017213
1 0.113527 0.492188 0.017213 0.017213
1 0.119386 0.505859 0.017213 0.017213
1 0.136964 0.515625 0.017213 0.017213
1 0.140870 0.527344 0.017213 0.017213
1 0.156495 0.501953 0.017213 0.017213
1 0.162355 0.521484 0.017213 0.017213
1 0.183839 0.494141 0.017213 0.017213
1 0.185792 0.515625 0.017213 0.017213
1 0.166261 0.539062 0.017213 0.017213
1 0.174074 0.550781 0.017213 0.017213
1 0.158449 0.564453 0.017213 0.017213
1 0.148683 0.560547 0.017213 0.017213
1 0.181886 0.576172 0.017213 0.017213
1 0.170167 0.585938 0.017213 0.017213
1 0.181886 0.609375 0.017213 0.017213
1 0.199464 0.589844 0.017213 0.017213
1 0.164308 0.615234 0.017213 0.017213
1 0.162355 0.632812 0.017213 0.017213
1 0.181886 0.623047 0.017213 0.017213
1 0.195558 0.617188 0.017213 0.017213
1 0.215089 0.615234 0.017213 0.017213
1 0.150636 0.644531 0.017213 0.017213
1 0.164308 0.658203 0.017213 0.017213
1 0.174074 0.644531 0.017213 0.017213
1 0.187745 0.642578 0.017213 0.017213
1 0.207277 0.640625 0.017213 0.017213
1 0.220949 0.644531 0.017213 0.017213
1 0.199464 0.660156 0.017213 0.017213
1 0.205324 0.671875 0.017213 0.017213
1 0.187745 0.679688 0.017213 0.017213
1 0.156495 0.677734 0.017213 0.017213
1 0.156495 0.714844 0.017213 0.017213
1 0.133058 0.761719 0.017213 0.017213
1 0.136964 0.787109 0.017213 0.017213
1 0.154542 0.775391 0.017213 0.017213
1 0.162355 0.761719 0.017213 0.017213
1 0.154542 0.800781 0.017213 0.017213
1 0.168214 0.810547 0.017213 0.017213
1 0.176027 0.830078 0.017213 0.017213
1 0.187745 0.841797 0.017213 0.017213
1 0.201417 0.835938 0.017213 0.017213
1 0.191652 0.820312 0.017213 0.017213
1 0.187745 0.802734 0.017213 0.017213
1 0.201417 0.802734 0.017213 0.017213
1 0.217042 0.804688 0.017213 0.017213
1 0.228761 0.812500 0.017213 0.017213
1 0.232667 0.830078 0.017213 0.017213
1 0.224855 0.845703 0.017213 0.017213
1 0.213136 0.855469 0.017213 0.017213
1 0.203370 0.867188 0.017213 0.017213
1 0.195558 0.882812 0.017213 0.017213
1 0.215089 0.886719 0.017213 0.017213
1 0.242433 0.871094 0.017213 0.017213
1 0.250245 0.888672 0.017213 0.017213
1 0.269777 0.867188 0.017213 0.017213
1 0.263917 0.839844 0.017213 0.017213
1 0.246339 0.830078 0.017213 0.017213
1 0.258058 0.814453 0.017213 0.017213
1 0.275636 0.796875 0.017213 0.017213
1 0.283449 0.808594 0.017213 0.017213
1 0.297120 0.845703 0.017213 0.017213
1 0.293214 0.863281 0.017213 0.017213
1 0.287355 0.888672 0.017213 0.017213
1 0.293214 0.902344 0.017213 0.017213
1 0.312745 0.910156 0.017213 0.017213
1 0.310792 0.882812 0.017213 0.017213
1 0.324464 0.876953 0.017213 0.017213
1 0.338136 0.906250 0.017213 0.017213
1 0.343995 0.892578 0.017213 0.017213
1 0.351808 0.876953 0.017213 0.017213
1 0.357667 0.859375 0.017213 0.017213
1 0.371339 0.861328 0.017213 0.017213
1 0.367433 0.890625 0.017213 0.017213
1 0.381105 0.884766 0.017213 0.017213
1 0.381105 0.912109 0.017213 0.017213
1 0.392824 0.896484 0.017213 0.017213
1 0.402589 0.884766 0.017213 0.017213
1 0.433839 0.861328 0.017213 0.017213
1 0.455324 0.851562 0.017213 0.017213
1 0.459230 0.863281 0.017213 0.017213
1 0.476808 0.859375 0.017213 0.017213
1 0.463136 0.832031 0.017213 0.017213
1 0.476808 0.845703 0.017213 0.017213
1 0.482667 0.828125 0.017213 0.017213
1 0.220949 0.445312 0.017213 0.017213
1 0.234620 0.460938 0.017213 0.017213
1 0.218995 0.480469 0.017213 0.017213
1 0.232667 0.500000 0.017213 0.017213
1 0.250245 0.492188 0.017213 0.017213
1 0.267824 0.480469 0.017213 0.017213
1 0.269777 0.468750 0.017213 0.017213
1 0.271730 0.451172 0.017213 0.017213
1 0.293214 0.468750 0.017213 0.017213
1 0.295167 0.445312 0.017213 0.017213
1 0.304933 0.464844 0.017213 0.017213
1 0.316652 0.466797 0.017213 0.017213
1 0.351808 0.457031 0.017213 0.017213
1 0.343995 0.476562 0.017213 0.017213
1 0.353761 0.474609 0.017213 0.017213
1 0.377199 0.486328 0.017213 0.017213
1 0.385011 0.474609 0.017213 0.017213
1 0.427980 0.464844 0.017213 0.017213
1 0.422120 0.486328 0.017213 0.017213
1 0.422120 0.501953 0.017213 0.017213
1 0.451417 0.500000 0.017213 0.017213
1 0.453370 0.515625 0.017213 0.017213
1 0.484620 0.494141 0.017213 0.017213
1 0.496339 0.523438 0.017213 0.017213
1 0.330324 0.496094 0.017213 0.017213
1 0.347902 0.517578 0.017213 0.017213
1 0.330324 0.519531 0.017213 0.017213
1 0.314699 0.515625 0.017213 0.017213
1 0.306886 0.494141 0.017213 0.017213
1 0.265870 0.501953 0.017213 0.017213
1 0.205324 0.521484 0.017213 0.017213
1 0.197511 0.550781 0.017213 0.017213
1 0.215089 0.550781 0.017213 0.017213
1 0.248292 0.519531 0.017213 0.017213
1 0.246339 0.533203 0.017213 0.017213
1 0.267824 0.535156 0.017213 0.017213
1 0.238527 0.556641 0.017213 0.017213
1 0.236574 0.574219 0.017213 0.017213
1 0.226808 0.582031 0.017213 0.017213
1 0.263917 0.568359 0.017213 0.017213
1 0.281495 0.560547 0.017213 0.017213
1 0.301027 0.556641 0.017213 0.017213
1 0.302980 0.533203 0.017213 0.017213
1 0.293214 0.523438 0.017213 0.017213
1 0.320558 0.546875 0.017213 0.017213
1 0.334230 0.552734 0.017213 0.017213
1 0.351808 0.541016 0.017213 0.017213
1 0.381105 0.533203 0.017213 0.017213
1 0.381105 0.548828 0.017213 0.017213
1 0.396730 0.539062 0.017213 0.017213
1 0.410402 0.519531 0.017213 0.017213
1 0.422120 0.529297 0.017213 0.017213
1 0.437745 0.539062 0.017213 0.017213
1 0.328370 0.568359 0.017213 0.017213
1 0.304933 0.578125 0.017213 0.017213
1 0.258058 0.589844 0.017213 0.017213
1 0.240480 0.611328 0.017213 0.017213
1 0.244386 0.630859 0.017213 0.017213
1 0.263917 0.615234 0.017213 0.017213
1 0.236574 0.656250 0.017213 0.017213
1 0.261964 0.648438 0.017213 0.017213
1 0.275636 0.636719 0.017213 0.017213
1 0.291261 0.640625 0.017213 0.017213
1 0.261964 0.667969 0.017213 0.017213
1 0.250245 0.679688 0.017213 0.017213
1 0.291261 0.666016 0.017213 0.017213
1 0.203370 0.693359 0.017213 0.017213
1 0.183839 0.705078 0.017213 0.017213
1 0.197511 0.714844 0.017213 0.017213
1 0.224855 0.708984 0.017213 0.017213
1 0.242433 0.710938 0.017213 0.017213
1 0.218995 0.744141 0.017213 0.017213
1 0.201417 0.742188 0.017213 0.017213
1 0.189699 0.761719 0.017213 0.017213
1 0.187745 0.779297 0.017213 0.017213
1 0.205324 0.773438 0.017213 0.017213
1 0.224855 0.775391 0.017213 0.017213
1 0.234620 0.759766 0.017213 0.017213
1 0.248292 0.751953 0.017213 0.017213
1 0.248292 0.728516 0.017213 0.017213
1 0.260011 0.775391 0.017213 0.017213
1 0.273683 0.753906 0.017213 0.017213
1 0.293214 0.753906 0.017213 0.017213
1 0.287355 0.783203 0.017213 0.017213
1 0.308839 0.789062 0.017213 0.017213
1 0.302980 0.804688 0.017213 0.017213
1 0.322511 0.808594 0.017213 0.017213
1 0.322511 0.796875 0.017213 0.017213
1 0.336183 0.781250 0.017213 0.017213
1 0.316652 0.822266 0.017213 0.017213
1 0.330324 0.826172 0.017213 0.017213
1 0.330324 0.816406 0.017213 0.017213
1 0.342042 0.830078 0.017213 0.017213
1 0.338136 0.841797 0.017213 0.017213
1 0.355714 0.816406 0.017213 0.017213
1 0.355714 0.804688 0.017213 0.017213
1 0.359620 0.828125 0.017213 0.017213
1 0.371339 0.816406 0.017213 0.017213
1 0.386964 0.822266 0.017213 0.017213
1 0.385011 0.792969 0.017213 0.017213
1 0.386964 0.841797 0.017213 0.017213
1 0.385011 0.855469 0.017213 0.017213
1 0.281495 0.720703 0.017213 0.017213
1 0.295167 0.720703 0.017213 0.017213
1 0.301027 0.708984 0.017213 0.017213
1 0.279542 0.707031 0.017213 0.017213
1 0.267824 0.687500 0.017213 0.017213
1 0.306886 0.689453 0.017213 0.017213
1 0.314699 0.671875 0.017213 0.017213
1 0.334230 0.677734 0.017213 0.017213
1 0.326417 0.644531 0.017213 0.017213
1 0.328370 0.623047 0.017213 0.017213
1 0.302980 0.617188 0.017213 0.017213
1 0.310792 0.605469 0.017213 0.017213
1 0.318605 0.589844 0.017213 0.017213
1 0.342042 0.589844 0.017213 0.017213
1 0.363527 0.560547 0.017213 0.017213
1 0.373292 0.578125 0.017213 0.017213
1 0.351808 0.611328 0.017213 0.017213
1 0.359620 0.632812 0.017213 0.017213
1 0.385011 0.613281 0.017213 0.017213
1 0.396730 0.593750 0.017213 0.017213
1 0.412355 0.589844 0.017213 0.017213
1 0.427980 0.587891 0.017213 0.017213
1 0.402589 0.566406 0.017213 0.017213
1 0.418214 0.560547 0.017213 0.017213
1 0.435792 0.564453 0.017213 0.017213
1 0.447511 0.574219 0.017213 0.017213
1 0.465089 0.578125 0.017213 0.017213
1 0.457277 0.562500 0.017213 0.017213
1 0.455324 0.539062 0.017213 0.017213
1 0.484620 0.560547 0.017213 0.017213
1 0.470949 0.527344 0.017213 0.017213
1 0.476808 0.539062 0.017213 0.017213
1 0.506105 0.570312 0.017213 0.017213
1 0.521730 0.589844 0.017213 0.017213
1 0.527589 0.615234 0.017213 0.017213
1 0.547120 0.585938 0.017213 0.017213
1 0.490480 0.613281 0.017213 0.017213
1 0.478761 0.585938 0.017213 0.017213
1 0.459230 0.601562 0.017213 0.017213
1 0.435792 0.617188 0.017213 0.017213
1 0.433839 0.632812 0.017213 0.017213
1 0.449464 0.644531 0.017213 0.017213
1 0.465089 0.642578 0.017213 0.017213
1 0.484620 0.646484 0.017213 0.017213
1 0.508058 0.646484 0.017213 0.017213
1 0.525636 0.667969 0.017213 0.017213
1 0.533449 0.687500 0.017213 0.017213
1 0.527589 0.710938 0.017213 0.017213
1 0.531495 0.728516 0.017213 0.017213
1 0.414308 0.617188 0.017213 0.017213
1 0.414308 0.632812 0.017213 0.017213
1 0.396730 0.632812 0.017213 0.017213
1 0.375245 0.658203 0.017213 0.017213
1 0.379152 0.666016 0.017213 0.017213
1 0.361574 0.673828 0.017213 0.017213
1 0.414308 0.656250 0.017213 0.017213
1 0.429933 0.687500 0.017213 0.017213
1 0.445558 0.691406 0.017213 0.017213
1 0.463136 0.687500 0.017213 0.017213
1 0.453370 0.669922 0.017213 0.017213
1 0.494386 0.669922 0.017213 0.017213
1 0.494386 0.687500 0.017213 0.017213
1 0.504152 0.712891 0.017213 0.017213
1 0.515870 0.738281 0.017213 0.017213
1 0.521730 0.761719 0.017213 0.017213
1 0.531495 0.775391 0.017213 0.017213
1 0.523683 0.796875 0.017213 0.017213
1 0.353761 0.691406 0.017213 0.017213
1 0.355714 0.712891 0.017213 0.017213
1 0.338136 0.707031 0.017213 0.017213
1 0.316652 0.712891 0.017213 0.017213
1 0.328370 0.720703 0.017213 0.017213
1 0.316652 0.744141 0.017213 0.017213
1 0.336183 0.753906 0.017213 0.017213
1 0.349855 0.744141 0.017213 0.017213
1 0.369386 0.740234 0.017213 0.017213
1 0.377199 0.728516 0.017213 0.017213
1 0.377199 0.759766 0.017213 0.017213
1 0.396730 0.755859 0.017213 0.017213
1 0.381105 0.705078 0.017213 0.017213
1 0.388917 0.683594 0.017213 0.017213
1 0.402589 0.705078 0.017213 0.017213
1 0.414308 0.707031 0.017213 0.017213
1 0.443605 0.712891 0.017213 0.017213
1 0.467042 0.714844 0.017213 0.017213
1 0.472902 0.726562 0.017213 0.017213
1 0.480714 0.712891 0.017213 0.017213
1 0.422120 0.730469 0.017213 0.017213
1 0.426027 0.748047 0.017213 0.017213
1 0.451417 0.748047 0.017213 0.017213
1 0.392824 0.728516 0.017213 0.017213
1 0.410402 0.804688 0.017213 0.017213
1 0.406495 0.837891 0.017213 0.017213
1 0.410402 0.847656 0.017213 0.017213
1 0.435792 0.826172 0.017213 0.017213
1 0.439699 0.806641 0.017213 0.017213
1 0.439699 0.775391 0.017213 0.017213
1 0.453370 0.775391 0.017213 0.017213
1 0.457277 0.808594 0.017213 0.017213
1 0.468995 0.804688 0.017213 0.017213
1 0.468995 0.787109 0.017213 0.017213
1 0.468995 0.775391 0.017213 0.017213
1 0.480714 0.748047 0.017213 0.017213
1 0.494386 0.742188 0.017213 0.017213
1 0.498292 0.757812 0.017213 0.017213
1 0.506105 0.750000 0.017213 0.017213
1 0.496339 0.773438 0.017213 0.017213
