1 0.326417 0.673828 0.017213 0.017213
1 0.552980 0.126953 0.017213 0.017213
1 0.547120 0.136719 0.017213 0.017213
1 0.572511 0.144531 0.017213 0.017213
1 0.582277 0.119141 0.017213 0.017213
1 0.552980 0.150391 0.017213 0.017213
1 0.558839 0.140625 0.017213 0.017213
1 0.560792 0.162109 0.017213 0.017213
1 0.572511 0.162109 0.017213 0.017213
1 0.584230 0.150391 0.017213 0.017213
1 0.588136 0.171875 0.017213 0.017213
1 0.545167 0.166016 0.017213 0.017213
1 0.537355 0.150391 0.017213 0.017213
1 0.416261 0.162109 0.017213 0.017213
1 0.404542 0.177734 0.017213 0.017213
1 0.427980 0.177734 0.017213 0.017213
1 0.381105 0.167969 0.017213 0.017213
1 0.359620 0.162109 0.017213 0.017213
1 0.357667 0.177734 0.017213 0.017213
1 0.371339 0.181641 0.017213 0.017213
1 0.385011 0.193359 0.017213 0.017213
1 0.363527 0.195312 0.017213 0.017213
1 0.363527 0.208984 0.017213 0.017213
1 0.373292 0.210938 0.017213 0.017213
1 0.402589 0.212891 0.017213 0.017213
1 0.431886 0.208984 0.017213 0.017213
1 0.470949 0.203125 0.017213 0.017213
1 0.482667 0.210938 0.017213 0.017213
1 0.494386 0.193359 0.017213 0.017213
1 0.281495 0.224609 0.017213 0.017213
1 0.304933 0.226562 0.017213 0.017213
1 0.318605 0.216797 0.017213 0.017213
1 0.340089 0.224609 0.017213 0.017213
1 0.263917 0.232422 0.017213 0.017213
1 0.295167 0.238281 0.017213 0.017213
1 0.287355 0.251953 0.017213 0.017213
1 0.322511 0.240234 0.017213 0.017213
1 0.338136 0.240234 0.017213 0.017213
1 0.353761 0.244141 0.017213 0.017213
1 0.365480 0.230469 0.017213 0.017213
1 0.381105 0.228516 0.017213 0.017213
1 0.385011 0.240234 0.017213 0.017213
1 0.287355 0.269531 0.017213 0.017213
1 0.306886 0.259766 0.017213 0.017213
1 0.322511 0.261719 0.017213 0.017213
1 0.342042 0.261719 0.017213 0.017213
1 0.369386 0.265625 0.017213 0.017213
1 0.263917 0.283203 0.017213 0.017213
1 0.279542 0.285156 0.017213 0.017213
1 0.295167 0.285156 0.017213 0.017213
1 0.322511 0.283203 0.017213 0.017213
1 0.330324 0.285156 0.017213 0.017213
1 0.306886 0.302734 0.017213 0.017213
1 0.287355 0.310547 0.017213 0.017213
1 0.271730 0.302734 0.017213 0.017213
1 0.254152 0.326172 0.017213 0.017213
1 0.991186 0.058594 0.015892 0.015892
1 0.896730 0.062500 0.017213 0.017213
1 0.908449 0.072266 0.017213 0.017213
1 0.881105 0.062500 0.017213 0.017213
1 0.883058 0.074219 0.017213 0.017213
1 0.927980 0.085938 0.017213 0.017213
1 0.931886 0.099609 0.017213 0.017213
1 0.951417 0.103516 0.017213 0.017213
1 0.965089 0.103516 0.017213 0.017213
1 0.935792 0.113281 0.017213 0.017213
1 0.918214 0.107422 0.017213 0.017213
1 0.904542 0.105469 0.017213 0.017213
1 0.888917 0.117188 0.017213 0.017213
1 0.873292 0.091797 0.017213 0.017213
1 0.853761 0.076172 0.017213 0.017213
1 0.838136 0.087891 0.017213 0.017213
1 0.822511 0.080078 0.017213 0.017213
1 0.228761 0.103516 0.017213 0.017213
1 0.199464 0.101562 0.017213 0.017213
1 0.179933 0.101562 0.017213 0.017213
1 0.170167 0.109375 0.017213 0.017213
1 0.162355 0.123047 0.017213 0.017213
1 0.189699 0.119141 0.017213 0.017213
1 0.176027 0.132812 0.017213 0.017213
1 0.160402 0.142578 0.017213 0.017213
1 0.142824 0.148438 0.017213 0.017213
1 0.136964 0.167969 0.017213 0.017213
1 0.154542 0.162109 0.017213 0.017213
1 0.172120 0.162109 0.017213 0.017213
1 0.185792 0.148438 0.017213 0.017213
1 0.199464 0.142578 0.017213 0.017213
1 0.213136 0.134766 0.017213 0.017213
1 0.230714 0.123047 0.017213 0.017213
1 0.242433 0.117188 0.017213 0.017213
1 0.254152 0.134766 0.017213 0.017213
1 0.263917 0.115234 0.017213 0.017213
1 0.279542 0.117188 0.017213 0.017213
1 0.367433 0.107422 0.017213 0.017213
1 0.351808 0.109375 0.017213 0.017213
1 0.357667 0.125000 0.017213 0.017213
1 0.349855 0.138672 0.017213 0.017213
1 0.334230 0.125000 0.017213 0.017213
1 0.328370 0.138672 0.017213 0.017213
1 0.297120 0.138672 0.017213 0.017213
1 0.381105 0.119141 0.017213 0.017213
1 0.406495 0.121094 0.017213 0.017213
1 0.433839 0.121094 0.017213 0.017213
1 0.459230 0.132812 0.017213 0.017213
1 0.482667 0.123047 0.017213 0.017213
1 0.492433 0.132812 0.017213 0.017213
1 0.511964 0.132812 0.017213 0.017213
1 0.506105 0.150391 0.017213 0.017213
1 0.500245 0.169922 0.017213 0.017213
1 0.470949 0.148438 0.017213 0.017213
1 0.459230 0.156250 0.017213 0.017213
1 0.441652 0.154297 0.017213 0.017213
1 0.470949 0.167969 0.017213 0.017213
1 0.447511 0.171875 0.017213 0.017213
1 0.447511 0.189453 0.017213 0.017213
1 0.482667 0.179688 0.017213 0.017213
1 0.418214 0.142578 0.017213 0.017213
1 0.398683 0.148438 0.017213 0.017213
1 0.363527 0.144531 0.017213 0.017213
1 0.377199 0.150391 0.017213 0.017213
1 0.201417 0.158203 0.017213 0.017213
1 0.218995 0.164062 0.017213 0.017213
1 0.244386 0.171875 0.017213 0.017213
1 0.281495 0.167969 0.017213 0.017213
1 0.301027 0.169922 0.017213 0.017213
1 0.316652 0.160156 0.017213 0.017213
1 0.330324 0.175781 0.017213 0.017213
1 0.328370 0.189453 0.017213 0.017213
1 0.310792 0.193359 0.017213 0.017213
1 0.330324 0.205078 0.017213 0.017213
1 0.342042 0.205078 0.017213 0.017213
1 0.168214 0.179688 0.017213 0.017213
1 0.199464 0.179688 0.017213 0.017213
1 0.193605 0.189453 0.017213 0.017213
1 0.148683 0.197266 0.017213 0.017213
1 0.232667 0.193359 0.017213 0.017213
1 0.230714 0.207031 0.017213 0.017213
1 0.248292 0.212891 0.017213 0.017213
1 0.213136 0.220703 0.017213 0.017213
1 0.201417 0.234375 0.017213 0.017213
1 0.189699 0.220703 0.017213 0.017213
1 0.166261 0.232422 0.017213 0.017213
1 0.158449 0.244141 0.017213 0.017213
1 0.162355 0.259766 0.017213 0.017213
1 0.160402 0.285156 0.017213 0.017213
1 0.172120 0.275391 0.017213 0.017213
1 0.199464 0.251953 0.017213 0.017213
1 0.193605 0.277344 0.017213 0.017213
1 0.177980 0.291016 0.017213 0.017213
1 0.166261 0.304688 0.017213 0.017213
1 0.138917 0.312500 0.017213 0.017213
1 0.150636 0.337891 0.017213 0.017213
1 0.152589 0.349609 0.017213 0.017213
1 0.205324 0.304688 0.017213 0.017213
1 0.197511 0.324219 0.017213 0.017213
1 0.220949 0.267578 0.017213 0.017213
1 0.230714 0.255859 0.017213 0.017213
1 0.226808 0.304688 0.017213 0.017213
1 0.220949 0.316406 0.017213 0.017213
1 0.213136 0.330078 0.017213 0.017213
1 0.236574 0.320312 0.017213 0.017213
1 0.217042 0.349609 0.017213 0.017213
1 0.205324 0.357422 0.017213 0.017213
1 0.191652 0.359375 0.017213 0.017213
1 0.172120 0.373047 0.017213 0.017213
1 0.164308 0.384766 0.017213 0.017213
1 0.201417 0.378906 0.017213 0.017213
1 0.213136 0.380859 0.017213 0.017213
1 0.228761 0.363281 0.017213 0.017213
1 0.177980 0.414062 0.017213 0.017213
1 0.199464 0.408203 0.017213 0.017213
1 0.215089 0.414062 0.017213 0.017213
1 0.199464 0.425781 0.017213 0.017213
1 0.193605 0.445312 0.017213 0.017213
1 0.185792 0.460938 0.017213 0.017213
1 0.203370 0.449219 0.017213 0.017213
1 0.215089 0.433594 0.017213 0.017213
1 0.234620 0.427734 0.017213 0.017213
1 0.220949 0.451172 0.017213 0.017213
1 0.236574 0.451172 0.017213 0.017213
1 0.252199 0.437500 0.017213 0.017213
1 0.260011 0.417969 0.017213 0.017213
1 0.271730 0.439453 0.017213 0.017213
1 0.230714 0.474609 0.017213 0.017213
1 0.248292 0.464844 0.017213 0.017213
1 0.248292 0.480469 0.017213 0.017213
1 0.265870 0.490234 0.017213 0.017213
1 0.256105 0.492188 0.017213 0.017213
1 0.248292 0.494141 0.017213 0.017213
1 0.240480 0.496094 0.017213 0.017213
1 0.248292 0.507812 0.017213 0.017213
1 0.263917 0.501953 0.017213 0.017213
1 0.289308 0.500000 0.017213 0.017213
1 0.230714 0.509766 0.017213 0.017213
1 0.213136 0.515625 0.017213 0.017213
1 0.224855 0.523438 0.017213 0.017213
1 0.213136 0.539062 0.017213 0.017213
1 0.199464 0.562500 0.017213 0.017213
1 0.172120 0.578125 0.017213 0.017213
1 0.181886 0.601562 0.017213 0.017213
1 0.164308 0.609375 0.017213 0.017213
1 0.152589 0.621094 0.017213 0.017213
1 0.172120 0.630859 0.017213 0.017213
1 0.172120 0.654297 0.017213 0.017213
1 0.162355 0.662109 0.017213 0.017213
1 0.191652 0.642578 0.017213 0.017213
1 0.201417 0.654297 0.017213 0.017213
1 0.201417 0.666016 0.017213 0.017213
1 0.187745 0.677734 0.017213 0.017213
1 0.181886 0.697266 0.017213 0.017213
1 0.281495 0.337891 0.017213 0.017213
1 0.263917 0.349609 0.017213 0.017213
1 0.250245 0.390625 0.017213 0.017213
1 0.271730 0.375000 0.017213 0.017213
1 0.283449 0.365234 0.017213 0.017213
1 0.279542 0.386719 0.017213 0.017213
1 0.283449 0.402344 0.017213 0.017213
1 0.295167 0.394531 0.017213 0.017213
1 0.310792 0.384766 0.017213 0.017213
1 0.301027 0.333984 0.017213 0.017213
1 0.316652 0.333984 0.017213 0.017213
1 0.328370 0.351562 0.017213 0.017213
1 0.377199 0.291016 0.017213 0.017213
1 0.365480 0.298828 0.017213 0.017213
1 0.353761 0.320312 0.017213 0.017213
1 0.353761 0.333984 0.017213 0.017213
1 0.340089 0.343750 0.017213 0.017213
1 0.369386 0.345703 0.017213 0.017213
1 0.367433 0.355469 0.017213 0.017213
1 0.369386 0.373047 0.017213 0.017213
1 0.349855 0.369141 0.017213 0.017213
1 0.351808 0.384766 0.017213 0.017213
1 0.342042 0.406250 0.017213 0.017213
1 0.342042 0.419922 0.017213 0.017213
1 0.351808 0.437500 0.017213 0.017213
1 0.373292 0.431641 0.017213 0.017213
1 0.377199 0.414062 0.017213 0.017213
1 0.332277 0.410156 0.017213 0.017213
1 0.322511 0.431641 0.017213 0.017213
1 0.306886 0.412109 0.017213 0.017213
1 0.297120 0.425781 0.017213 0.017213
1 0.293214 0.439453 0.017213 0.017213
1 0.291261 0.457031 0.017213 0.017213
1 0.310792 0.462891 0.017213 0.017213
1 0.293214 0.472656 0.017213 0.017213
1 0.277589 0.470703 0.017213 0.017213
1 0.310792 0.513672 0.017213 0.017213
1 0.271730 0.527344 0.017213 0.017213
1 0.261964 0.533203 0.017213 0.017213
1 0.222902 0.564453 0.017213 0.017213
1 0.248292 0.554688 0.017213 0.017213
1 0.236574 0.580078 0.017213 0.017213
1 0.254152 0.580078 0.017213 0.017213
1 0.269777 0.585938 0.017213 0.017213
1 0.256105 0.601562 0.017213 0.017213
1 0.261964 0.621094 0.017213 0.017213
1 0.238527 0.609375 0.017213 0.017213
1 0.217042 0.597656 0.017213 0.017213
1 0.201417 0.591797 0.017213 0.017213
1 0.207277 0.615234 0.017213 0.017213
1 0.232667 0.630859 0.017213 0.017213
1 0.265870 0.640625 0.017213 0.017213
1 0.283449 0.623047 0.017213 0.017213
1 0.295167 0.623047 0.017213 0.017213
1 0.287355 0.642578 0.017213 0.017213
1 0.295167 0.656250 0.017213 0.017213
1 0.269777 0.667969 0.017213 0.017213
1 0.277589 0.683594 0.017213 0.017213
1 0.271730 0.691406 0.017213 0.017213
1 0.248292 0.697266 0.017213 0.017213
1 0.250245 0.671875 0.017213 0.017213
1 0.236574 0.660156 0.017213 0.017213
1 0.236574 0.677734 0.017213 0.017213
1 0.226808 0.689453 0.017213 0.017213
1 0.213136 0.691406 0.017213 0.017213
1 0.201417 0.708984 0.017213 0.017213
1 0.160402 0.742188 0.017213 0.017213
1 0.176027 0.746094 0.017213 0.017213
1 0.181886 0.732422 0.017213 0.017213
1 0.195558 0.730469 0.017213 0.017213
1 0.191652 0.751953 0.017213 0.017213
1 0.213136 0.744141 0.017213 0.017213
1 0.222902 0.736328 0.017213 0.017213
1 0.232667 0.726562 0.017213 0.017213
1 0.207277 0.759766 0.017213 0.017213
1 0.222902 0.767578 0.017213 0.017213
1 0.172120 0.773438 0.017213 0.017213
1 0.164308 0.796875 0.017213 0.017213
1 0.152589 0.808594 0.017213 0.017213
1 0.170167 0.820312 0.017213 0.017213
1 0.166261 0.833984 0.017213 0.017213
1 0.166261 0.845703 0.017213 0.017213
1 0.166261 0.871094 0.017213 0.017213
1 0.177980 0.896484 0.017213 0.017213
1 0.199464 0.900391 0.017213 0.017213
1 0.199464 0.876953 0.017213 0.017213
1 0.199464 0.849609 0.017213 0.017213
1 0.183839 0.816406 0.017213 0.017213
1 0.193605 0.798828 0.017213 0.017213
1 0.201417 0.826172 0.017213 0.017213
1 0.217042 0.820312 0.017213 0.017213
1 0.213136 0.802734 0.017213 0.017213
1 0.215089 0.781250 0.017213 0.017213
1 0.238527 0.796875 0.017213 0.017213
1 0.258058 0.802734 0.017213 0.017213
1 0.261964 0.783203 0.017213 0.017213
1 0.250245 0.755859 0.017213 0.017213
1 0.271730 0.757812 0.017213 0.017213
1 0.281495 0.750000 0.017213 0.017213
1 0.279542 0.734375 0.017213 0.017213
1 0.295167 0.714844 0.017213 0.017213
1 0.248292 0.826172 0.017213 0.017213
1 0.238527 0.843750 0.017213 0.017213
1 0.234620 0.863281 0.017213 0.017213
1 0.248292 0.857422 0.017213 0.017213
1 0.242433 0.873047 0.017213 0.017213
1 0.258058 0.884766 0.017213 0.017213
1 0.218995 0.878906 0.017213 0.017213
1 0.271730 0.873047 0.017213 0.017213
1 0.289308 0.878906 0.017213 0.017213
1 0.285402 0.853516 0.017213 0.017213
1 0.271730 0.828125 0.017213 0.017213
1 0.287355 0.828125 0.017213 0.017213
1 0.299074 0.814453 0.017213 0.017213
1 0.281495 0.798828 0.017213 0.017213
1 0.299074 0.779297 0.017213 0.017213
1 0.310792 0.798828 0.017213 0.017213
1 0.330324 0.814453 0.017213 0.017213
1 0.318605 0.810547 0.017213 0.017213
1 0.314699 0.826172 0.017213 0.017213
1 0.338136 0.832031 0.017213 0.017213
1 0.306886 0.849609 0.017213 0.017213
1 0.334230 0.851562 0.017213 0.017213
1 0.345949 0.857422 0.017213 0.017213
1 0.332277 0.865234 0.017213 0.017213
1 0.320558 0.873047 0.017213 0.017213
1 0.324464 0.902344 0.017213 0.017213
1 0.336183 0.884766 0.017213 0.017213
1 0.349855 0.875000 0.017213 0.017213
1 0.365480 0.875000 0.017213 0.017213
1 0.365480 0.888672 0.017213 0.017213
1 0.342042 0.900391 0.017213 0.017213
1 0.334230 0.919922 0.017213 0.017213
1 0.328370 0.933594 0.017213 0.017213
1 0.347902 0.931641 0.017213 0.017213
1 0.353761 0.916016 0.017213 0.017213
1 0.365480 0.927734 0.017213 0.017213
1 0.367433 0.939453 0.017213 0.017213
1 0.351808 0.947266 0.017213 0.017213
1 0.367433 0.970703 0.017213 0.017213
1 0.379091 0.993883 0.014025 0.014025
1 0.396730 0.986328 0.017213 0.017213
1 0.418214 0.988281 0.017213 0.017213
1 0.404542 0.955078 0.017213 0.017213
1 0.422120 0.953125 0.017213 0.017213
1 0.426027 0.935547 0.017213 0.017213
1 0.441652 0.931641 0.017213 0.017213
1 0.420167 0.919922 0.017213 0.017213
1 0.406495 0.933594 0.017213 0.017213
1 0.398683 0.921875 0.017213 0.017213
1 0.383058 0.921875 0.017213 0.017213
1 0.385011 0.896484 0.017213 0.017213
1 0.400636 0.888672 0.017213 0.017213
1 0.392824 0.873047 0.017213 0.017213
1 0.375245 0.861328 0.017213 0.017213
1 0.375245 0.847656 0.017213 0.017213
1 0.390870 0.841797 0.017213 0.017213
1 0.371339 0.830078 0.017213 0.017213
1 0.359620 0.843750 0.017213 0.017213
1 0.353761 0.814453 0.017213 0.017213
1 0.353761 0.800781 0.017213 0.017213
1 0.367433 0.792969 0.017213 0.017213
1 0.381105 0.792969 0.017213 0.017213
1 0.392824 0.802734 0.017213 0.017213
1 0.414308 0.798828 0.017213 0.017213
1 0.410402 0.816406 0.017213 0.017213
1 0.427980 0.816406 0.017213 0.017213
1 0.424074 0.841797 0.017213 0.017213
1 0.412355 0.863281 0.017213 0.017213
1 0.420167 0.896484 0.017213 0.017213
1 0.426027 0.890625 0.017213 0.017213
1 0.435792 0.892578 0.017213 0.017213
1 0.453370 0.884766 0.017213 0.017213
1 0.437745 0.863281 0.017213 0.017213
1 0.459230 0.859375 0.017213 0.017213
1 0.459230 0.843750 0.017213 0.017213
1 0.447511 0.822266 0.017213 0.017213
1 0.467042 0.826172 0.017213 0.017213
1 0.459230 0.910156 0.017213 0.017213
1 0.476808 0.884766 0.017213 0.017213
1 0.488527 0.873047 0.017213 0.017213
1 0.488527 0.853516 0.017213 0.017213
1 0.490480 0.916016 0.017213 0.017213
1 0.506105 0.894531 0.017213 0.017213
1 0.478761 0.931641 0.017213 0.017213
1 0.457277 0.951172 0.017213 0.017213
1 0.457277 0.972656 0.017213 0.017213
1 0.468995 0.974609 0.017213 0.017213
1 0.451417 0.978516 0.017213 0.017213
1 0.465089 0.988281 0.017213 0.017213
1 0.494335 0.991713 0.016639 0.016639
1 0.502199 0.978516 0.017213 0.017213
1 0.517824 0.966797 0.017213 0.017213
1 0.718995 0.101562 0.017213 0.017213
1 0.728761 0.119141 0.017213 0.017213
1 0.769777 0.103516 0.017213 0.017213
1 0.781495 0.115234 0.017213 0.017213
1 0.793214 0.101562 0.017213 0.017213
1 0.810792 0.095703 0.017213 0.017213
1 0.824464 0.109375 0.017213 0.017213
1 0.836183 0.101562 0.017213 0.017213
1 0.857667 0.103516 0.017213 0.017213
1 0.881105 0.128906 0.017213 0.017213
1 0.871339 0.142578 0.017213 0.017213
1 0.902589 0.130859 0.017213 0.017213
1 0.918214 0.132812 0.017213 0.017213
1 0.927980 0.150391 0.017213 0.017213
1 0.916261 0.158203 0.017213 0.017213
1 0.941652 0.150391 0.017213 0.017213
1 0.945558 0.138672 0.017213 0.017213
1 0.959230 0.142578 0.017213 0.017213
1 0.974855 0.130859 0.017213 0.017213
1 0.992231 0.132812 0.014784 0.014784
1 0.988527 0.150391 0.017213 0.017213
1 0.976808 0.166016 0.017213 0.017213
1 0.957277 0.169922 0.017213 0.017213
1 0.986574 0.181641 0.017213 0.017213
1 0.957277 0.189453 0.017213 0.017213
1 0.947511 0.203125 0.017213 0.017213
1 0.972902 0.197266 0.017213 0.017213
1 0.990044 0.205078 0.016784 0.016784
1 0.976808 0.222656 0.017213 0.017213
1 0.992231 0.228516 0.014784 0.014784
1 0.974855 0.240234 0.017213 0.017213
1 0.992231 0.251953 0.014784 0.014784
1 0.957277 0.251953 0.017213 0.017213
1 0.968995 0.269531 0.017213 0.017213
1 0.982667 0.261719 0.017213 0.017213
1 0.941652 0.265625 0.017213 0.017213
1 0.935792 0.283203 0.017213 0.017213
1 0.951417 0.285156 0.017213 0.017213
1 0.974855 0.304688 0.017213 0.017213
1 0.993138 0.298828 0.013406 0.013406
1 0.991186 0.320312 0.015892 0.015892
1 0.993138 0.345703 0.013406 0.013406
1 0.965089 0.347656 0.017213 0.017213
1 0.951417 0.322266 0.017213 0.017213
1 0.951417 0.308594 0.017213 0.017213
1 0.933839 0.310547 0.017213 0.017213
1 0.933839 0.330078 0.017213 0.017213
1 0.916261 0.337891 0.017213 0.017213
1 0.916261 0.312500 0.017213 0.017213
1 0.623292 0.111328 0.017213 0.017213
1 0.603761 0.119141 0.017213 0.017213
1 0.603761 0.130859 0.017213 0.017213
1 0.611574 0.146484 0.017213 0.017213
1 0.635011 0.130859 0.017213 0.017213
1 0.648683 0.144531 0.017213 0.017213
1 0.629152 0.156250 0.017213 0.017213
1 0.693605 0.117188 0.017213 0.017213
1 0.693605 0.134766 0.017213 0.017213
1 0.681886 0.144531 0.017213 0.017213
1 0.670167 0.160156 0.017213 0.017213
1 0.711183 0.140625 0.017213 0.017213
1 0.730714 0.136719 0.017213 0.017213
1 0.740480 0.125000 0.017213 0.017213
1 0.750245 0.132812 0.017213 0.017213
1 0.726808 0.150391 0.017213 0.017213
1 0.748292 0.156250 0.017213 0.017213
1 0.734620 0.158203 0.017213 0.017213
1 0.777589 0.144531 0.017213 0.017213
1 0.791261 0.132812 0.017213 0.017213
1 0.806886 0.123047 0.017213 0.017213
1 0.822511 0.125000 0.017213 0.017213
1 0.842042 0.126953 0.017213 0.017213
1 0.799074 0.148438 0.017213 0.017213
1 0.847902 0.154297 0.017213 0.017213
1 0.836183 0.160156 0.017213 0.017213
1 0.820558 0.160156 0.017213 0.017213
1 0.804933 0.175781 0.017213 0.017213
1 0.824464 0.179688 0.017213 0.017213
1 0.789308 0.177734 0.017213 0.017213
1 0.763917 0.167969 0.017213 0.017213
1 0.752199 0.169922 0.017213 0.017213
1 0.775636 0.191406 0.017213 0.017213
1 0.799074 0.214844 0.017213 0.017213
1 0.818605 0.208984 0.017213 0.017213
1 0.834230 0.222656 0.017213 0.017213
1 0.865480 0.181641 0.017213 0.017213
1 0.890870 0.175781 0.017213 0.017213
1 0.924074 0.183594 0.017213 0.017213
1 0.929933 0.207031 0.017213 0.017213
1 0.935792 0.220703 0.017213 0.017213
1 0.933839 0.238281 0.017213 0.017213
1 0.918214 0.242188 0.017213 0.017213
1 0.900636 0.224609 0.017213 0.017213
1 0.916261 0.226562 0.017213 0.017213
1 0.916261 0.207031 0.017213 0.017213
1 0.894777 0.195312 0.017213 0.017213
1 0.871339 0.208984 0.017213 0.017213
1 0.873292 0.236328 0.017213 0.017213
1 0.857667 0.232422 0.017213 0.017213
1 0.845949 0.250000 0.017213 0.017213
1 0.883058 0.255859 0.017213 0.017213
1 0.894777 0.253906 0.017213 0.017213
1 0.853761 0.271484 0.017213 0.017213
1 0.875245 0.289062 0.017213 0.017213
1 0.883058 0.302734 0.017213 0.017213
1 0.900636 0.298828 0.017213 0.017213
1 0.453370 0.224609 0.017213 0.017213
1 0.465089 0.232422 0.017213 0.017213
1 0.480714 0.230469 0.017213 0.017213
1 0.496339 0.228516 0.017213 0.017213
1 0.519777 0.214844 0.017213 0.017213
1 0.523683 0.191406 0.017213 0.017213
1 0.531495 0.185547 0.017213 0.017213
1 0.552980 0.203125 0.017213 0.017213
1 0.558839 0.220703 0.017213 0.017213
1 0.572511 0.197266 0.017213 0.017213
1 0.584230 0.195312 0.017213 0.017213
1 0.599855 0.193359 0.017213 0.017213
1 0.588136 0.208984 0.017213 0.017213
1 0.572511 0.216797 0.017213 0.017213
1 0.597902 0.216797 0.017213 0.017213
1 0.635011 0.189453 0.017213 0.017213
1 0.642824 0.179688 0.017213 0.017213
1 0.687745 0.171875 0.017213 0.017213
1 0.707277 0.179688 0.017213 0.017213
1 0.693605 0.193359 0.017213 0.017213
1 0.664308 0.191406 0.017213 0.017213
1 0.654542 0.199219 0.017213 0.017213
1 0.650636 0.218750 0.017213 0.017213
1 0.631105 0.218750 0.017213 0.017213
1 0.701417 0.214844 0.017213 0.017213
1 0.736574 0.203125 0.017213 0.017213
1 0.752199 0.210938 0.017213 0.017213
1 0.771730 0.226562 0.017213 0.017213
1 0.517824 0.232422 0.017213 0.017213
1 0.529542 0.232422 0.017213 0.017213
1 0.525636 0.250000 0.017213 0.017213
1 0.504152 0.251953 0.017213 0.017213
1 0.488527 0.246094 0.017213 0.017213
1 0.455324 0.251953 0.017213 0.017213
1 0.416261 0.263672 0.017213 0.017213
1 0.398683 0.251953 0.017213 0.017213
1 0.435792 0.273438 0.017213 0.017213
1 0.451417 0.281250 0.017213 0.017213
1 0.468995 0.285156 0.017213 0.017213
1 0.482667 0.267578 0.017213 0.017213
1 0.531495 0.275391 0.017213 0.017213
1 0.543214 0.273438 0.017213 0.017213
1 0.543214 0.250000 0.017213 0.017213
1 0.566652 0.251953 0.017213 0.017213
1 0.605714 0.250000 0.017213 0.017213
1 0.658449 0.251953 0.017213 0.017213
1 0.679933 0.246094 0.017213 0.017213
1 0.687745 0.253906 0.017213 0.017213
1 0.697511 0.244141 0.017213 0.017213
1 0.689699 0.269531 0.017213 0.017213
1 0.726808 0.251953 0.017213 0.017213
1 0.748292 0.250000 0.017213 0.017213
1 0.752199 0.263672 0.017213 0.017213
1 0.779542 0.269531 0.017213 0.017213
1 0.799074 0.281250 0.017213 0.017213
1 0.812745 0.298828 0.017213 0.017213
1 0.824464 0.310547 0.017213 0.017213
1 0.857667 0.316406 0.017213 0.017213
1 0.877199 0.332031 0.017213 0.017213
1 0.377199 0.326172 0.017213 0.017213
1 0.392824 0.310547 0.017213 0.017213
1 0.400636 0.292969 0.017213 0.017213
1 0.427980 0.300781 0.017213 0.017213
1 0.420167 0.320312 0.017213 0.017213
1 0.435792 0.320312 0.017213 0.017213
1 0.390870 0.351562 0.017213 0.017213
1 0.404542 0.351562 0.017213 0.017213
1 0.381105 0.382812 0.017213 0.017213
1 0.400636 0.384766 0.017213 0.017213
1 0.412355 0.373047 0.017213 0.017213
1 0.424074 0.375000 0.017213 0.017213
1 0.451417 0.353516 0.017213 0.017213
1 0.459230 0.326172 0.017213 0.017213
1 0.470949 0.308594 0.017213 0.017213
1 0.502199 0.314453 0.017213 0.017213
1 0.511964 0.302734 0.017213 0.017213
1 0.547120 0.296875 0.017213 0.017213
1 0.558839 0.291016 0.017213 0.017213
1 0.586183 0.275391 0.017213 0.017213
1 0.590089 0.298828 0.017213 0.017213
1 0.597902 0.310547 0.017213 0.017213
1 0.611574 0.292969 0.017213 0.017213
1 0.635011 0.275391 0.017213 0.017213
1 0.650636 0.292969 0.017213 0.017213
1 0.683839 0.285156 0.017213 0.017213
1 0.703370 0.283203 0.017213 0.017213
1 0.722902 0.273438 0.017213 0.017213
1 0.760011 0.292969 0.017213 0.017213
1 0.777589 0.296875 0.017213 0.017213
1 0.789308 0.308594 0.017213 0.017213
1 0.799074 0.314453 0.017213 0.017213
1 0.771730 0.308594 0.017213 0.017213
1 0.775636 0.328125 0.017213 0.017213
1 0.748292 0.314453 0.017213 0.017213
1 0.740480 0.330078 0.017213 0.017213
1 0.476808 0.357422 0.017213 0.017213
1 0.494386 0.351562 0.017213 0.017213
1 0.506105 0.333984 0.017213 0.017213
1 0.525636 0.330078 0.017213 0.017213
1 0.547120 0.330078 0.017213 0.017213
1 0.556886 0.318359 0.017213 0.017213
1 0.574464 0.324219 0.017213 0.017213
1 0.543214 0.341797 0.017213 0.017213
1 0.535402 0.355469 0.017213 0.017213
1 0.556886 0.353516 0.017213 0.017213
1 0.551027 0.367188 0.017213 0.017213
1 0.515870 0.355469 0.017213 0.017213
1 0.506105 0.363281 0.017213 0.017213
1 0.490480 0.363281 0.017213 0.017213
1 0.468995 0.367188 0.017213 0.017213
1 0.461183 0.384766 0.017213 0.017213
1 0.486574 0.380859 0.017213 0.017213
1 0.426027 0.396484 0.017213 0.017213
1 0.408449 0.406250 0.017213 0.017213
1 0.418214 0.427734 0.017213 0.017213
1 0.396730 0.447266 0.017213 0.017213
1 0.371339 0.462891 0.017213 0.017213
1 0.349855 0.482422 0.017213 0.017213
1 0.330324 0.484375 0.017213 0.017213
1 0.343995 0.519531 0.017213 0.017213
1 0.359620 0.501953 0.017213 0.017213
1 0.326417 0.548828 0.017213 0.017213
1 0.324464 0.566406 0.017213 0.017213
1 0.306886 0.568359 0.017213 0.017213
1 0.293214 0.568359 0.017213 0.017213
1 0.279542 0.562500 0.017213 0.017213
1 0.281495 0.546875 0.017213 0.017213
1 0.316652 0.582031 0.017213 0.017213
1 0.318605 0.609375 0.017213 0.017213
1 0.396730 0.496094 0.017213 0.017213
1 0.486574 0.953125 0.017213 0.017213
1 0.506105 0.953125 0.017213 0.017213
1 0.508058 0.937500 0.017213 0.017213
1 0.519777 0.908203 0.017213 0.017213
1 0.535402 0.917969 0.017213 0.017213
1 0.552980 0.953125 0.017213 0.017213
1 0.568605 0.962891 0.017213 0.017213
1 0.554933 0.974609 0.017213 0.017213
1 0.564699 0.984375 0.017213 0.017213
1 0.558745 0.992858 0.015506 0.015506
1 0.592042 0.966797 0.017213 0.017213
1 0.603761 0.984375 0.017213 0.017213
1 0.640870 0.972656 0.017213 0.017213
1 0.636964 0.943359 0.017213 0.017213
1 0.619386 0.949219 0.017213 0.017213
1 0.607667 0.937500 0.017213 0.017213
1 0.623292 0.919922 0.017213 0.017213
1 0.584230 0.947266 0.017213 0.017213
1 0.578370 0.925781 0.017213 0.017213
1 0.586183 0.912109 0.017213 0.017213
1 0.574464 0.902344 0.017213 0.017213
1 0.595949 0.890625 0.017213 0.017213
1 0.619386 0.884766 0.017213 0.017213
1 0.633058 0.886719 0.017213 0.017213
1 0.646730 0.888672 0.017213 0.017213
1 0.636964 0.904297 0.017213 0.017213
1 0.652589 0.908203 0.017213 0.017213
1 0.674074 0.906250 0.017213 0.017213
1 0.683839 0.892578 0.017213 0.017213
1 0.699464 0.884766 0.017213 0.017213
1 0.713136 0.871094 0.017213 0.017213
1 0.718995 0.892578 0.017213 0.017213
1 0.715089 0.908203 0.017213 0.017213
1 0.699464 0.917969 0.017213 0.017213
1 0.689699 0.908203 0.017213 0.017213
1 0.681886 0.933594 0.017213 0.017213
1 0.668214 0.949219 0.017213 0.017213
1 0.679933 0.958984 0.017213 0.017213
1 0.687745 0.978516 0.017213 0.017213
1 0.711132 0.991713 0.016639 0.016639
1 0.715089 0.972656 0.017213 0.017213
1 0.732667 0.972656 0.017213 0.017213
1 0.740480 0.962891 0.017213 0.017213
1 0.756105 0.974609 0.017213 0.017213
1 0.738475 0.991713 0.016639 0.016639
1 0.724855 0.925781 0.017213 0.017213
1 0.734620 0.914062 0.017213 0.017213
1 0.736574 0.941406 0.017213 0.017213
1 0.717042 0.943359 0.017213 0.017213
1 0.709230 0.931641 0.017213 0.017213
1 0.697511 0.945312 0.017213 0.017213
1 0.742433 0.929688 0.017213 0.017213
1 0.761964 0.925781 0.017213 0.017213
1 0.769777 0.949219 0.017213 0.017213
1 0.785402 0.939453 0.017213 0.017213
1 0.789308 0.957031 0.017213 0.017213
1 0.810792 0.937500 0.017213 0.017213
1 0.799074 0.925781 0.017213 0.017213
1 0.781495 0.917969 0.017213 0.017213
1 0.818605 0.966797 0.017213 0.017213
1 0.842042 0.960938 0.017213 0.017213
1 0.834230 0.937500 0.017213 0.017213
1 0.853761 0.974609 0.017213 0.017213
1 0.865480 0.984375 0.017213 0.017213
1 0.881054 0.991713 0.016639 0.016639
1 0.892763 0.993883 0.014025 0.014025
1 0.902589 0.984375 0.017213 0.017213
1 0.914247 0.993883 0.014025 0.014025
1 0.933745 0.992858 0.015506 0.015506
1 0.951417 0.980469 0.017213 0.017213
1 0.972902 0.990234 0.017213 0.017213
1 0.988527 0.986328 0.017213 0.017213
1 0.978761 0.957031 0.017213 0.017213
1 0.974855 0.939453 0.017213 0.017213
1 0.947511 0.943359 0.017213 0.017213
1 0.914308 0.947266 0.017213 0.017213
1 0.916261 0.933594 0.017213 0.017213
1 0.927980 0.935547 0.017213 0.017213
1 0.916261 0.925781 0.017213 0.017213
1 0.904542 0.937500 0.017213 0.017213
1 0.890870 0.947266 0.017213 0.017213
1 0.883058 0.960938 0.017213 0.017213
1 0.877199 0.974609 0.017213 0.017213
1 0.908449 0.966797 0.017213 0.017213
1 0.920167 0.966797 0.017213 0.017213
1 0.867433 0.943359 0.017213 0.017213
1 0.885011 0.929688 0.017213 0.017213
1 0.898683 0.914062 0.017213 0.017213
1 0.879152 0.912109 0.017213 0.017213
1 0.867433 0.900391 0.017213 0.017213
1 0.886964 0.888672 0.017213 0.017213
1 0.910402 0.900391 0.017213 0.017213
1 0.912355 0.886719 0.017213 0.017213
1 0.937745 0.876953 0.017213 0.017213
1 0.957277 0.890625 0.017213 0.017213
1 0.970949 0.904297 0.017213 0.017213
1 0.949464 0.917969 0.017213 0.017213
1 0.851808 0.917969 0.017213 0.017213
1 0.836183 0.923828 0.017213 0.017213
1 0.826417 0.914062 0.017213 0.017213
1 0.842042 0.898438 0.017213 0.017213
1 0.806886 0.910156 0.017213 0.017213
1 0.795167 0.896484 0.017213 0.017213
1 0.783449 0.888672 0.017213 0.017213
1 0.785402 0.876953 0.017213 0.017213
1 0.758058 0.892578 0.017213 0.017213
1 0.761964 0.871094 0.017213 0.017213
1 0.767824 0.853516 0.017213 0.017213
1 0.748292 0.849609 0.017213 0.017213
1 0.761964 0.835938 0.017213 0.017213
1 0.779542 0.833984 0.017213 0.017213
1 0.797120 0.857422 0.017213 0.017213
1 0.814699 0.876953 0.017213 0.017213
1 0.830324 0.871094 0.017213 0.017213
1 0.847902 0.871094 0.017213 0.017213
1 0.867433 0.876953 0.017213 0.017213
1 0.906495 0.857422 0.017213 0.017213
1 0.945558 0.857422 0.017213 0.017213
1 0.959230 0.863281 0.017213 0.017213
1 0.970949 0.847656 0.017213 0.017213
1 0.991186 0.837891 0.015892 0.015892
1 0.980714 0.816406 0.017213 0.017213
1 0.982667 0.787109 0.017213 0.017213
1 0.959230 0.798828 0.017213 0.017213
1 0.926027 0.804688 0.017213 0.017213
1 0.920167 0.822266 0.017213 0.017213
1 0.908449 0.835938 0.017213 0.017213
1 0.886964 0.816406 0.017213 0.017213
1 0.877199 0.837891 0.017213 0.017213
1 0.855714 0.841797 0.017213 0.017213
1 0.842042 0.839844 0.017213 0.017213
1 0.812745 0.828125 0.017213 0.017213
1 0.842042 0.810547 0.017213 0.017213
1 0.830324 0.804688 0.017213 0.017213
1 0.849855 0.796875 0.017213 0.017213
1 0.820558 0.781250 0.017213 0.017213
1 0.806886 0.796875 0.017213 0.017213
1 0.892824 0.773438 0.017213 0.017213
1 0.906495 0.781250 0.017213 0.017213
1 0.931886 0.773438 0.017213 0.017213
1 0.935792 0.755859 0.017213 0.017213
1 0.959230 0.748047 0.017213 0.017213
1 0.970949 0.763672 0.017213 0.017213
1 0.986574 0.742188 0.017213 0.017213
1 0.992231 0.726562 0.014784 0.014784
1 0.980714 0.712891 0.017213 0.017213
1 0.993138 0.697266 0.013406 0.013406
1 0.976808 0.683594 0.017213 0.017213
1 0.965089 0.666016 0.017213 0.017213
1 0.984620 0.660156 0.017213 0.017213
1 0.972902 0.646484 0.017213 0.017213
1 0.988527 0.634766 0.017213 0.017213
1 0.974855 0.625000 0.017213 0.017213
1 0.993138 0.617188 0.013406 0.013406
1 0.963136 0.611328 0.017213 0.017213
1 0.945558 0.634766 0.017213 0.017213
1 0.953370 0.650391 0.017213 0.017213
1 0.939699 0.681641 0.017213 0.017213
1 0.927980 0.671875 0.017213 0.017213
1 0.933839 0.658203 0.017213 0.017213
1 0.941652 0.716797 0.017213 0.017213
1 0.926027 0.718750 0.017213 0.017213
1 0.904542 0.718750 0.017213 0.017213
1 0.908449 0.691406 0.017213 0.017213
1 0.885011 0.697266 0.017213 0.017213
1 0.890870 0.724609 0.017213 0.017213
1 0.867433 0.738281 0.017213 0.017213
1 0.869386 0.753906 0.017213 0.017213
1 0.881105 0.787109 0.017213 0.017213
1 0.820558 0.751953 0.017213 0.017213
1 0.838136 0.740234 0.017213 0.017213
1 0.855714 0.712891 0.017213 0.017213
1 0.867433 0.707031 0.017213 0.017213
1 0.865480 0.679688 0.017213 0.017213
1 0.890870 0.677734 0.017213 0.017213
1 0.902589 0.669922 0.017213 0.017213
1 0.916261 0.664062 0.017213 0.017213
1 0.892824 0.658203 0.017213 0.017213
1 0.877199 0.650391 0.017213 0.017213
1 0.871339 0.628906 0.017213 0.017213
1 0.855714 0.648438 0.017213 0.017213
1 0.834230 0.642578 0.017213 0.017213
1 0.847902 0.615234 0.017213 0.017213
1 0.873292 0.628906 0.017213 0.017213
1 0.881105 0.609375 0.017213 0.017213
1 0.898683 0.623047 0.017213 0.017213
1 0.902589 0.638672 0.017213 0.017213
1 0.914308 0.623047 0.017213 0.017213
1 0.922120 0.621094 0.017213 0.017213
1 0.927980 0.636719 0.017213 0.017213
1 0.933839 0.628906 0.017213 0.017213
1 0.937745 0.611328 0.017213 0.017213
1 0.920167 0.607422 0.017213 0.017213
1 0.902589 0.601562 0.017213 0.017213
1 0.890870 0.595703 0.017213 0.017213
1 0.933839 0.593750 0.017213 0.017213
1 0.953370 0.587891 0.017213 0.017213
1 0.991186 0.595703 0.015892 0.015892
1 0.529542 0.882812 0.017213 0.017213
1 0.558839 0.882812 0.017213 0.017213
1 0.578370 0.878906 0.017213 0.017213
1 0.595949 0.875000 0.017213 0.017213
1 0.611574 0.859375 0.017213 0.017213
1 0.633058 0.861328 0.017213 0.017213
1 0.664308 0.873047 0.017213 0.017213
1 0.683839 0.865234 0.017213 0.017213
1 0.691652 0.853516 0.017213 0.017213
1 0.707277 0.849609 0.017213 0.017213
1 0.699464 0.839844 0.017213 0.017213
1 0.670167 0.847656 0.017213 0.017213
1 0.740480 0.833984 0.017213 0.017213
1 0.763917 0.818359 0.017213 0.017213
1 0.773683 0.804688 0.017213 0.017213
1 0.746339 0.820312 0.017213 0.017213
1 0.746339 0.808594 0.017213 0.017213
1 0.752199 0.781250 0.017213 0.017213
1 0.730714 0.798828 0.017213 0.017213
1 0.705324 0.802734 0.017213 0.017213
1 0.687745 0.791016 0.017213 0.017213
1 0.717042 0.775391 0.017213 0.017213
1 0.724855 0.769531 0.017213 0.017213
1 0.724855 0.761719 0.017213 0.017213
1 0.709230 0.763672 0.017213 0.017213
1 0.709230 0.744141 0.017213 0.017213
1 0.744386 0.750000 0.017213 0.017213
1 0.761964 0.751953 0.017213 0.017213
1 0.783449 0.755859 0.017213 0.017213
1 0.802980 0.763672 0.017213 0.017213
1 0.812745 0.732422 0.017213 0.017213
1 0.808839 0.714844 0.017213 0.017213
1 0.828370 0.710938 0.017213 0.017213
1 0.795167 0.714844 0.017213 0.017213
1 0.795167 0.728516 0.017213 0.017213
1 0.763917 0.728516 0.017213 0.017213
1 0.777589 0.710938 0.017213 0.017213
1 0.802980 0.699219 0.017213 0.017213
1 0.818605 0.689453 0.017213 0.017213
1 0.808839 0.679688 0.017213 0.017213
1 0.806886 0.669922 0.017213 0.017213
1 0.797120 0.681641 0.017213 0.017213
1 0.824464 0.658203 0.017213 0.017213
1 0.843995 0.666016 0.017213 0.017213
1 0.855714 0.589844 0.017213 0.017213
1 0.836183 0.603516 0.017213 0.017213
1 0.816652 0.603516 0.017213 0.017213
1 0.820558 0.591797 0.017213 0.017213
1 0.812745 0.580078 0.017213 0.017213
1 0.830324 0.576172 0.017213 0.017213
1 0.832277 0.558594 0.017213 0.017213
1 0.873292 0.566406 0.017213 0.017213
1 0.888917 0.566406 0.017213 0.017213
1 0.910402 0.570312 0.017213 0.017213
1 0.927980 0.576172 0.017213 0.017213
1 0.951417 0.552734 0.017213 0.017213
1 0.974855 0.548828 0.017213 0.017213
1 0.991186 0.564453 0.015892 0.015892
1 0.992231 0.544922 0.014784 0.014784
1 0.992231 0.529297 0.014784 0.014784
1 0.984620 0.490234 0.017213 0.017213
1 0.322511 0.632812 0.017213 0.017213
1 0.332277 0.621094 0.017213 0.017213
1 0.351808 0.617188 0.017213 0.017213
1 0.345949 0.632812 0.017213 0.017213
1 0.338136 0.652344 0.017213 0.017213
1 0.564699 0.117188 0.017213 0.017213
1 0.318605 0.691406 0.017213 0.017213
1 0.334230 0.712891 0.017213 0.017213
1 0.318605 0.724609 0.017213 0.017213
1 0.308839 0.748047 0.017213 0.017213
1 0.328370 0.753906 0.017213 0.017213
1 0.338136 0.736328 0.017213 0.017213
1 0.338136 0.771484 0.017213 0.017213
1 0.340089 0.783203 0.017213 0.017213
1 0.349855 0.779297 0.017213 0.017213
1 0.363527 0.761719 0.017213 0.017213
1 0.386964 0.765625 0.017213 0.017213
1 0.400636 0.757812 0.017213 0.017213
1 0.367433 0.726562 0.017213 0.017213
1 0.363527 0.703125 0.017213 0.017213
1 0.357667 0.683594 0.017213 0.017213
1 0.371339 0.689453 0.017213 0.017213
1 0.379152 0.673828 0.017213 0.017213
1 0.392824 0.687500 0.017213 0.017213
1 0.388917 0.662109 0.017213 0.017213
1 0.367433 0.656250 0.017213 0.017213
1 0.367433 0.628906 0.017213 0.017213
1 0.385011 0.632812 0.017213 0.017213
1 0.388917 0.619141 0.017213 0.017213
1 0.388917 0.599609 0.017213 0.017213
1 0.371339 0.580078 0.017213 0.017213
1 0.351808 0.560547 0.017213 0.017213
1 0.345949 0.539062 0.017213 0.017213
1 0.359620 0.535156 0.017213 0.017213
1 0.375245 0.531250 0.017213 0.017213
1 0.371339 0.552734 0.017213 0.017213
1 0.390870 0.568359 0.017213 0.017213
1 0.400636 0.556641 0.017213 0.017213
1 0.414308 0.607422 0.017213 0.017213
1 0.424074 0.593750 0.017213 0.017213
1 0.437745 0.593750 0.017213 0.017213
1 0.451417 0.595703 0.017213 0.017213
1 0.449464 0.576172 0.017213 0.017213
1 0.410402 0.626953 0.017213 0.017213
1 0.402589 0.648438 0.017213 0.017213
1 0.418214 0.644531 0.017213 0.017213
1 0.414308 0.660156 0.017213 0.017213
1 0.402589 0.669922 0.017213 0.017213
1 0.431886 0.654297 0.017213 0.017213
1 0.400636 0.703125 0.017213 0.017213
1 0.398683 0.720703 0.017213 0.017213
1 0.416261 0.720703 0.017213 0.017213
1 0.424074 0.699219 0.017213 0.017213
1 0.437745 0.707031 0.017213 0.017213
1 0.431886 0.728516 0.017213 0.017213
1 0.418214 0.736328 0.017213 0.017213
1 0.420167 0.761719 0.017213 0.017213
1 0.433839 0.761719 0.017213 0.017213
1 0.451417 0.755859 0.017213 0.017213
1 0.461183 0.769531 0.017213 0.017213
1 0.451417 0.787109 0.017213 0.017213
1 0.437745 0.779297 0.017213 0.017213
1 0.455324 0.800781 0.017213 0.017213
1 0.470949 0.802734 0.017213 0.017213
1 0.480714 0.816406 0.017213 0.017213
1 0.492433 0.826172 0.017213 0.017213
1 0.508058 0.841797 0.017213 0.017213
1 0.527589 0.869141 0.017213 0.017213
1 0.560792 0.871094 0.017213 0.017213
1 0.531495 0.853516 0.017213 0.017213
1 0.549074 0.853516 0.017213 0.017213
1 0.564699 0.851562 0.017213 0.017213
1 0.578370 0.849609 0.017213 0.017213
1 0.539308 0.833984 0.017213 0.017213
1 0.525636 0.837891 0.017213 0.017213
1 0.513917 0.820312 0.017213 0.017213
1 0.506105 0.826172 0.017213 0.017213
1 0.490480 0.806641 0.017213 0.017213
1 0.496339 0.796875 0.017213 0.017213
1 0.472902 0.781250 0.017213 0.017213
1 0.472902 0.771484 0.017213 0.017213
1 0.461183 0.738281 0.017213 0.017213
1 0.492433 0.750000 0.017213 0.017213
1 0.494386 0.763672 0.017213 0.017213
1 0.508058 0.761719 0.017213 0.017213
1 0.513917 0.779297 0.017213 0.017213
1 0.527589 0.765625 0.017213 0.017213
1 0.552980 0.767578 0.017213 0.017213
1 0.566652 0.783203 0.017213 0.017213
1 0.576417 0.806641 0.017213 0.017213
1 0.593995 0.810547 0.017213 0.017213
1 0.605714 0.814453 0.017213 0.017213
1 0.535402 0.810547 0.017213 0.017213
1 0.515870 0.804688 0.017213 0.017213
1 0.552980 0.812500 0.017213 0.017213
1 0.562745 0.830078 0.017213 0.017213
1 0.580324 0.828125 0.017213 0.017213
1 0.633058 0.816406 0.017213 0.017213
1 0.656495 0.804688 0.017213 0.017213
1 0.672120 0.808594 0.017213 0.017213
1 0.545167 0.794922 0.017213 0.017213
1 0.709230 0.820312 0.017213 0.017213
1 0.654542 0.833984 0.017213 0.017213
1 0.644777 0.845703 0.017213 0.017213
1 0.629152 0.792969 0.017213 0.017213
1 0.640870 0.787109 0.017213 0.017213
1 0.666261 0.779297 0.017213 0.017213
1 0.687745 0.767578 0.017213 0.017213
1 0.629152 0.765625 0.017213 0.017213
1 0.619386 0.777344 0.017213 0.017213
1 0.611574 0.787109 0.017213 0.017213
1 0.400636 0.468750 0.017213 0.017213
1 0.412355 0.476562 0.017213 0.017213
1 0.414308 0.498047 0.017213 0.017213
1 0.426027 0.498047 0.017213 0.017213
1 0.441652 0.496094 0.017213 0.017213
1 0.447511 0.509766 0.017213 0.017213
1 0.435792 0.525391 0.017213 0.017213
1 0.416261 0.523438 0.017213 0.017213
1 0.424074 0.542969 0.017213 0.017213
1 0.443605 0.552734 0.017213 0.017213
1 0.465089 0.542969 0.017213 0.017213
1 0.490480 0.552734 0.017213 0.017213
1 0.480714 0.578125 0.017213 0.017213
1 0.484620 0.609375 0.017213 0.017213
1 0.461183 0.619141 0.017213 0.017213
1 0.468995 0.642578 0.017213 0.017213
1 0.453370 0.648438 0.017213 0.017213
1 0.455324 0.671875 0.017213 0.017213
1 0.455324 0.689453 0.017213 0.017213
1 0.586183 0.341797 0.017213 0.017213
1 0.603761 0.337891 0.017213 0.017213
1 0.615480 0.326172 0.017213 0.017213
1 0.633058 0.326172 0.017213 0.017213
1 0.640870 0.312500 0.017213 0.017213
1 0.654542 0.308594 0.017213 0.017213
1 0.677980 0.308594 0.017213 0.017213
1 0.693605 0.300781 0.017213 0.017213
1 0.713136 0.300781 0.017213 0.017213
1 0.726808 0.318359 0.017213 0.017213
1 0.709230 0.337891 0.017213 0.017213
1 0.689699 0.326172 0.017213 0.017213
1 0.681886 0.345703 0.017213 0.017213
1 0.658449 0.328125 0.017213 0.017213
1 0.642824 0.337891 0.017213 0.017213
1 0.631105 0.339844 0.017213 0.017213
1 0.621339 0.359375 0.017213 0.017213
1 0.629152 0.384766 0.017213 0.017213
1 0.599855 0.357422 0.017213 0.017213
1 0.574464 0.367188 0.017213 0.017213
1 0.576417 0.386719 0.017213 0.017213
1 0.588136 0.392578 0.017213 0.017213
1 0.562745 0.384766 0.017213 0.017213
1 0.560792 0.404297 0.017213 0.017213
1 0.541261 0.380859 0.017213 0.017213
1 0.523683 0.375000 0.017213 0.017213
1 0.529542 0.392578 0.017213 0.017213
1 0.511964 0.392578 0.017213 0.017213
1 0.496339 0.398438 0.017213 0.017213
1 0.519777 0.412109 0.017213 0.017213
1 0.543214 0.412109 0.017213 0.017213
1 0.549074 0.425781 0.017213 0.017213
1 0.527589 0.431641 0.017213 0.017213
1 0.523683 0.445312 0.017213 0.017213
1 0.511964 0.425781 0.017213 0.017213
1 0.492433 0.417969 0.017213 0.017213
1 0.480714 0.425781 0.017213 0.017213
1 0.474855 0.410156 0.017213 0.017213
1 0.461183 0.429688 0.017213 0.017213
1 0.447511 0.443359 0.017213 0.017213
1 0.465089 0.455078 0.017213 0.017213
1 0.488527 0.455078 0.017213 0.017213
1 0.433839 0.460938 0.017213 0.017213
1 0.463136 0.484375 0.017213 0.017213
1 0.480714 0.474609 0.017213 0.017213
1 0.468995 0.509766 0.017213 0.017213
1 0.482667 0.498047 0.017213 0.017213
1 0.484620 0.521484 0.017213 0.017213
1 0.515870 0.498047 0.017213 0.017213
1 0.523683 0.472656 0.017213 0.017213
1 0.535402 0.466797 0.017213 0.017213
1 0.552980 0.468750 0.017213 0.017213
1 0.549074 0.451172 0.017213 0.017213
1 0.562745 0.435547 0.017213 0.017213
1 0.574464 0.425781 0.017213 0.017213
1 0.576417 0.435547 0.017213 0.017213
1 0.570558 0.449219 0.017213 0.017213
1 0.590089 0.435547 0.017213 0.017213
1 0.574464 0.488281 0.017213 0.017213
1 0.539308 0.503906 0.017213 0.017213
1 0.543214 0.517578 0.017213 0.017213
1 0.519777 0.531250 0.017213 0.017213
1 0.511964 0.560547 0.017213 0.017213
1 0.502199 0.580078 0.017213 0.017213
1 0.543214 0.546875 0.017213 0.017213
1 0.560792 0.539062 0.017213 0.017213
1 0.574464 0.560547 0.017213 0.017213
1 0.590089 0.558594 0.017213 0.017213
1 0.574464 0.589844 0.017213 0.017213
1 0.560792 0.582031 0.017213 0.017213
1 0.541261 0.570312 0.017213 0.017213
1 0.535402 0.599609 0.017213 0.017213
1 0.513917 0.601562 0.017213 0.017213
1 0.494386 0.626953 0.017213 0.017213
1 0.513917 0.656250 0.017213 0.017213
1 0.521730 0.685547 0.017213 0.017213
1 0.488527 0.671875 0.017213 0.017213
1 0.482667 0.703125 0.017213 0.017213
1 0.468995 0.701172 0.017213 0.017213
1 0.521730 0.687500 0.017213 0.017213
1 0.511964 0.712891 0.017213 0.017213
1 0.506105 0.726562 0.017213 0.017213
1 0.527589 0.716797 0.017213 0.017213
1 0.545167 0.712891 0.017213 0.017213
1 0.529542 0.740234 0.017213 0.017213
1 0.554933 0.742188 0.017213 0.017213
1 0.578370 0.742188 0.017213 0.017213
1 0.578370 0.751953 0.017213 0.017213
1 0.592042 0.738281 0.017213 0.017213
1 0.601808 0.750000 0.017213 0.017213
1 0.611574 0.742188 0.017213 0.017213
1 0.617433 0.753906 0.017213 0.017213
1 0.633058 0.751953 0.017213 0.017213
1 0.648683 0.751953 0.017213 0.017213
1 0.666261 0.736328 0.017213 0.017213
1 0.658449 0.710938 0.017213 0.017213
1 0.650636 0.726562 0.017213 0.017213
1 0.635011 0.724609 0.017213 0.017213
1 0.574464 0.720703 0.017213 0.017213
1 0.570558 0.699219 0.017213 0.017213
1 0.586183 0.699219 0.017213 0.017213
1 0.713136 0.357422 0.017213 0.017213
1 0.750245 0.359375 0.017213 0.017213
1 0.765870 0.355469 0.017213 0.017213
1 0.760011 0.339844 0.017213 0.017213
1 0.781495 0.359375 0.017213 0.017213
1 0.793214 0.333984 0.017213 0.017213
1 0.818605 0.339844 0.017213 0.017213
1 0.826417 0.355469 0.017213 0.017213
1 0.814699 0.353516 0.017213 0.017213
1 0.802980 0.367188 0.017213 0.017213
1 0.896730 0.363281 0.017213 0.017213
1 0.947511 0.369141 0.017213 0.017213
1 0.968995 0.380859 0.017213 0.017213
1 0.965089 0.396484 0.017213 0.017213
1 0.980714 0.404297 0.017213 0.017213
1 0.988527 0.394531 0.017213 0.017213
1 0.992231 0.421875 0.014784 0.014784
1 0.965089 0.421875 0.017213 0.017213
1 0.949464 0.431641 0.017213 0.017213
1 0.978761 0.441406 0.017213 0.017213
1 0.974855 0.455078 0.017213 0.017213
1 0.984620 0.472656 0.017213 0.017213
1 0.968995 0.470703 0.017213 0.017213
1 0.953370 0.470703 0.017213 0.017213
1 0.947511 0.484375 0.017213 0.017213
1 0.955324 0.496094 0.017213 0.017213
1 0.968995 0.501953 0.017213 0.017213
1 0.957277 0.515625 0.017213 0.017213
1 0.937745 0.511719 0.017213 0.017213
1 0.939699 0.527344 0.017213 0.017213
1 0.920167 0.535156 0.017213 0.017213
1 0.918214 0.550781 0.017213 0.017213
1 0.881105 0.542969 0.017213 0.017213
1 0.877199 0.525391 0.017213 0.017213
1 0.888917 0.513672 0.017213 0.017213
1 0.896730 0.523438 0.017213 0.017213
1 0.875245 0.513672 0.017213 0.017213
1 0.881105 0.501953 0.017213 0.017213
1 0.900636 0.494141 0.017213 0.017213
1 0.914308 0.501953 0.017213 0.017213
1 0.922120 0.490234 0.017213 0.017213
1 0.935792 0.498047 0.017213 0.017213
1 0.611574 0.421875 0.017213 0.017213
1 0.648467 0.410207 0.020850 0.020850
1 0.623292 0.453125 0.017213 0.017213
1 0.623292 0.474609 0.017213 0.017213
1 0.625245 0.494141 0.017213 0.017213
1 0.636964 0.492188 0.017213 0.017213
1 0.650636 0.486328 0.017213 0.017213
1 0.607667 0.488281 0.017213 0.017213
1 0.599855 0.503906 0.017213 0.017213
1 0.586183 0.509766 0.017213 0.017213
1 0.605714 0.525391 0.017213 0.017213
1 0.619386 0.539062 0.017213 0.017213
1 0.554933 0.640625 0.017213 0.017213
1 0.574464 0.625000 0.017213 0.017213
1 0.599855 0.617188 0.017213 0.017213
1 0.595949 0.652344 0.017213 0.017213
1 0.595949 0.666016 0.017213 0.017213
1 0.619386 0.679688 0.017213 0.017213
1 0.619386 0.705078 0.017213 0.017213
1 0.611574 0.728516 0.017213 0.017213
1 0.629152 0.738281 0.017213 0.017213
1 0.685792 0.712891 0.017213 0.017213
1 0.695558 0.720703 0.017213 0.017213
1 0.699464 0.707031 0.017213 0.017213
1 0.713136 0.707031 0.017213 0.017213
1 0.726808 0.720703 0.017213 0.017213
1 0.644777 0.699219 0.017213 0.017213
1 0.666261 0.689453 0.017213 0.017213
1 0.638917 0.669922 0.017213 0.017213
1 0.656495 0.662109 0.017213 0.017213
1 0.638917 0.644531 0.017213 0.017213
1 0.615480 0.640625 0.017213 0.017213
1 0.636964 0.572266 0.017213 0.017213
1 0.646730 0.582031 0.017213 0.017213
1 0.601808 0.583984 0.017213 0.017213
1 0.613527 0.591797 0.017213 0.017213
1 0.615480 0.607422 0.017213 0.017213
1 0.646730 0.623047 0.017213 0.017213
1 0.654542 0.634766 0.017213 0.017213
1 0.681886 0.619141 0.017213 0.017213
1 0.693605 0.595703 0.017213 0.017213
1 0.707277 0.611328 0.017213 0.017213
1 0.718995 0.632812 0.017213 0.017213
1 0.695558 0.634766 0.017213 0.017213
1 0.699464 0.666016 0.017213 0.017213
1 0.707277 0.683594 0.017213 0.017213
1 0.687745 0.679688 0.017213 0.017213
1 0.679933 0.669922 0.017213 0.017213
1 0.670167 0.564453 0.017213 0.017213
1 0.687745 0.537109 0.017213 0.017213
1 0.676027 0.527344 0.017213 0.017213
1 0.662355 0.503906 0.017213 0.017213
1 0.644777 0.429688 0.017213 0.017213
1 0.658449 0.394531 0.017213 0.017213
1 0.679933 0.380859 0.017213 0.017213
1 0.679933 0.392578 0.017213 0.017213
1 0.677980 0.410156 0.017213 0.017213
1 0.666261 0.427734 0.017213 0.017213
1 0.656495 0.451172 0.017213 0.017213
1 0.676027 0.472656 0.017213 0.017213
1 0.691652 0.492188 0.017213 0.017213
1 0.703370 0.484375 0.017213 0.017213
1 0.726808 0.650391 0.017213 0.017213
1 0.720949 0.664062 0.017213 0.017213
1 0.744386 0.675781 0.017213 0.017213
1 0.736574 0.685547 0.017213 0.017213
1 0.738527 0.699219 0.017213 0.017213
1 0.767824 0.681641 0.017213 0.017213
1 0.773683 0.693359 0.017213 0.017213
1 0.785402 0.662109 0.017213 0.017213
1 0.783449 0.644531 0.017213 0.017213
1 0.801027 0.630859 0.017213 0.017213
1 0.812745 0.626953 0.017213 0.017213
1 0.785402 0.628906 0.017213 0.017213
1 0.801027 0.644531 0.017213 0.017213
1 0.769777 0.646484 0.017213 0.017213
1 0.787355 0.611328 0.017213 0.017213
1 0.801027 0.615234 0.017213 0.017213
1 0.767824 0.628906 0.017213 0.017213
1 0.742433 0.632812 0.017213 0.017213
1 0.752199 0.611328 0.017213 0.017213
1 0.742433 0.593750 0.017213 0.017213
1 0.767824 0.593750 0.017213 0.017213
1 0.781495 0.593750 0.017213 0.017213
1 0.799074 0.593750 0.017213 0.017213
1 0.781495 0.578125 0.017213 0.017213
1 0.785402 0.564453 0.017213 0.017213
1 0.779542 0.550781 0.017213 0.017213
1 0.812745 0.556641 0.017213 0.017213
1 0.816652 0.541016 0.017213 0.017213
1 0.799074 0.539062 0.017213 0.017213
1 0.845949 0.552734 0.017213 0.017213
1 0.857667 0.539062 0.017213 0.017213
1 0.832277 0.529297 0.017213 0.017213
1 0.851808 0.513672 0.017213 0.017213
1 0.742433 0.554688 0.017213 0.017213
1 0.742433 0.535156 0.017213 0.017213
1 0.720949 0.505859 0.017213 0.017213
1 0.738527 0.501953 0.017213 0.017213
1 0.726808 0.492188 0.017213 0.017213
1 0.763917 0.517578 0.017213 0.017213
1 0.779542 0.531250 0.017213 0.017213
1 0.804933 0.503906 0.017213 0.017213
1 0.808839 0.490234 0.017213 0.017213
1 0.820558 0.515625 0.017213 0.017213
1 0.828370 0.505859 0.017213 0.017213
1 0.679933 0.435547 0.017213 0.017213
1 0.689699 0.445312 0.017213 0.017213
1 0.705324 0.433594 0.017213 0.017213
1 0.711183 0.392578 0.017213 0.017213
1 0.707277 0.414062 0.017213 0.017213
1 0.718995 0.437500 0.017213 0.017213
1 0.717042 0.457031 0.017213 0.017213
1 0.732667 0.458984 0.017213 0.017213
1 0.746339 0.472656 0.017213 0.017213
1 0.761964 0.472656 0.017213 0.017213
1 0.756105 0.492188 0.017213 0.017213
1 0.793214 0.472656 0.017213 0.017213
1 0.816652 0.470703 0.017213 0.017213
1 0.728761 0.406250 0.017213 0.017213
1 0.732667 0.421875 0.017213 0.017213
1 0.758058 0.419922 0.017213 0.017213
1 0.748292 0.406250 0.017213 0.017213
1 0.763917 0.392578 0.017213 0.017213
1 0.791261 0.388672 0.017213 0.017213
1 0.857667 0.355469 0.017213 0.017213
1 0.867433 0.367188 0.017213 0.017213
1 0.773683 0.435547 0.017213 0.017213
1 0.779542 0.451172 0.017213 0.017213
1 0.801027 0.441406 0.017213 0.017213
1 0.804933 0.417969 0.017213 0.017213
1 0.814699 0.408203 0.017213 0.017213
1 0.818605 0.388672 0.017213 0.017213
1 0.840089 0.375000 0.017213 0.017213
1 0.849855 0.382812 0.017213 0.017213
1 0.867433 0.392578 0.017213 0.017213
1 0.883058 0.400391 0.017213 0.017213
1 0.947511 0.412109 0.017213 0.017213
1 0.922120 0.396484 0.017213 0.017213
1 0.906495 0.404297 0.017213 0.017213
1 0.922120 0.419922 0.017213 0.017213
1 0.847902 0.406250 0.017213 0.017213
1 0.830324 0.412109 0.017213 0.017213
1 0.818605 0.419922 0.017213 0.017213
1 0.834230 0.433594 0.017213 0.017213
1 0.834230 0.458984 0.017213 0.017213
1 0.867433 0.417969 0.017213 0.017213
1 0.890870 0.431641 0.017213 0.017213
1 0.922120 0.439453 0.017213 0.017213
1 0.935792 0.480469 0.017213 0.017213
1 0.922120 0.472656 0.017213 0.017213
1 0.906495 0.468750 0.017213 0.017213
1 0.900636 0.458984 0.017213 0.017213
1 0.888917 0.460938 0.017213 0.017213
1 0.885011 0.476562 0.017213 0.017213
1 0.857667 0.494141 0.017213 0.017213
1 0.843995 0.480469 0.017213 0.017213
1 0.861574 0.472656 0.017213 0.017213
1 0.853761 0.455078 0.017213 0.017213
1 0.865480 0.445312 0.017213 0.017213
1 0.867433 0.435547 0.017213 0.017213
1 0.875245 0.458984 0.017213 0.017213
1 0.121339 0.031250 0.017213 0.017213
1 0.008520 0.009766 0.016784 0.016784
1 0.027589 0.021484 0.017213 0.017213
1 0.049074 0.025391 0.017213 0.017213
1 0.062745 0.031250 0.017213 0.017213
1 0.029542 0.041016 0.017213 0.017213
1 0.051027 0.046875 0.017213 0.017213
1 0.041261 0.064453 0.017213 0.017213
1 0.072511 0.060547 0.017213 0.017213
1 0.109620 0.056641 0.017213 0.017213
1 0.008520 0.082031 0.016784 0.016784
1 0.031495 0.095703 0.017213 0.017213
1 0.047120 0.085938 0.017213 0.017213
1 0.060792 0.087891 0.017213 0.017213
1 0.070558 0.095703 0.017213 0.017213
1 0.029542 0.107422 0.017213 0.017213
1 0.013917 0.111328 0.017213 0.017213
1 0.033449 0.123047 0.017213 0.017213
1 0.017824 0.134766 0.017213 0.017213
1 0.049074 0.111328 0.017213 0.017213
1 0.058839 0.142578 0.017213 0.017213
1 0.035402 0.154297 0.017213 0.017213
1 0.049074 0.175781 0.017213 0.017213
1 0.013917 0.177734 0.017213 0.017213
1 0.084230 0.136719 0.017213 0.017213
1 0.080324 0.148438 0.017213 0.017213
1 0.103761 0.125000 0.017213 0.017213
1 0.078276 0.005189 0.015506 0.015506
1 0.121339 0.044922 0.017213 0.017213
1 0.136964 0.058594 0.017213 0.017213
1 0.129152 0.074219 0.017213 0.017213
1 0.138917 0.089844 0.017213 0.017213
1 0.129152 0.105469 0.017213 0.017213
1 0.129152 0.119141 0.017213 0.017213
1 0.158449 0.019531 0.017213 0.017213
1 0.166261 0.029297 0.017213 0.017213
1 0.166261 0.042969 0.017213 0.017213
1 0.154542 0.060547 0.017213 0.017213
1 0.179933 0.009766 0.017213 0.017213
1 0.177980 0.027344 0.017213 0.017213
1 0.201417 0.023438 0.017213 0.017213
1 0.217042 0.015625 0.017213 0.017213
1 0.232667 0.041016 0.017213 0.017213
1 0.242433 0.027344 0.017213 0.017213
1 0.258058 0.033203 0.017213 0.017213
1 0.263917 0.015625 0.017213 0.017213
1 0.287355 0.019531 0.017213 0.017213
1 0.306886 0.011719 0.017213 0.017213
1 0.334117 0.006384 0.016566 0.016566
1 0.345949 0.011719 0.017213 0.017213
1 0.365480 0.015625 0.017213 0.017213
1 0.380992 0.006384 0.016566 0.016566
1 0.007272 0.203125 0.016044 0.016044
1 0.015870 0.216797 0.017213 0.017213
1 0.029542 0.191406 0.017213 0.017213
1 0.049074 0.207031 0.017213 0.017213
1 0.078370 0.175781 0.017213 0.017213
1 0.078370 0.187500 0.017213 0.017213
1 0.068605 0.232422 0.017213 0.017213
1 0.039308 0.228516 0.017213 0.017213
1 0.027589 0.251953 0.017213 0.017213
1 0.010011 0.238281 0.017213 0.017213
1 0.051027 0.246094 0.017213 0.017213
1 0.039308 0.267578 0.017213 0.017213
1 0.054933 0.267578 0.017213 0.017213
1 0.023683 0.292969 0.017213 0.017213
1 0.031495 0.304688 0.017213 0.017213
1 0.033449 0.330078 0.017213 0.017213
1 0.060792 0.316406 0.017213 0.017213
1 0.027589 0.357422 0.017213 0.017213
1 0.052980 0.361328 0.017213 0.017213
1 0.033449 0.384766 0.017213 0.017213
1 0.019777 0.402344 0.017213 0.017213
1 0.019777 0.425781 0.017213 0.017213
1 0.023683 0.439453 0.017213 0.017213
1 0.013917 0.455078 0.017213 0.017213
1 0.023683 0.458984 0.017213 0.017213
1 0.045167 0.429688 0.017213 0.017213
1 0.058839 0.414062 0.017213 0.017213
1 0.070558 0.396484 0.017213 0.017213
1 0.086183 0.410156 0.017213 0.017213
1 0.074464 0.417969 0.017213 0.017213
1 0.072511 0.435547 0.017213 0.017213
1 0.058839 0.445312 0.017213 0.017213
1 0.076417 0.455078 0.017213 0.017213
1 0.052980 0.468750 0.017213 0.017213
1 0.052980 0.490234 0.017213 0.017213
1 0.031495 0.500000 0.017213 0.017213
1 0.010011 0.523438 0.017213 0.017213
1 0.027589 0.539062 0.017213 0.017213
1 0.015870 0.542969 0.017213 0.017213
1 0.052980 0.525391 0.017213 0.017213
1 0.052980 0.556641 0.017213 0.017213
1 0.035402 0.566406 0.017213 0.017213
1 0.019777 0.560547 0.017213 0.017213
1 0.017824 0.578125 0.017213 0.017213
1 0.031495 0.582031 0.017213 0.017213
1 0.058839 0.578125 0.017213 0.017213
1 0.049074 0.593750 0.017213 0.017213
1 0.037355 0.607422 0.017213 0.017213
1 0.010011 0.609375 0.017213 0.017213
1 0.017824 0.632812 0.017213 0.017213
1 0.049074 0.632812 0.017213 0.017213
1 0.060792 0.621094 0.017213 0.017213
1 0.031495 0.662109 0.017213 0.017213
1 0.010011 0.673828 0.017213 0.017213
1 0.031495 0.677734 0.017213 0.017213
1 0.045167 0.683594 0.017213 0.017213
1 0.066652 0.660156 0.017213 0.017213
1 0.082277 0.669922 0.017213 0.017213
1 0.076417 0.683594 0.017213 0.017213
1 0.066652 0.707031 0.017213 0.017213
1 0.080324 0.712891 0.017213 0.017213
1 0.056886 0.720703 0.017213 0.017213
1 0.045167 0.724609 0.017213 0.017213
1 0.027589 0.708984 0.017213 0.017213
1 0.015870 0.724609 0.017213 0.017213
1 0.017824 0.742188 0.017213 0.017213
1 0.029542 0.757812 0.017213 0.017213
1 0.047120 0.759766 0.017213 0.017213
1 0.056886 0.746094 0.017213 0.017213
1 0.074464 0.740234 0.017213 0.017213
1 0.093995 0.736328 0.017213 0.017213
1 0.088136 0.771484 0.017213 0.017213
1 0.066652 0.779297 0.017213 0.017213
1 0.074464 0.792969 0.017213 0.017213
1 0.086183 0.796875 0.017213 0.017213
1 0.056886 0.787109 0.017213 0.017213
1 0.062745 0.800781 0.017213 0.017213
1 0.015870 0.779297 0.017213 0.017213
1 0.033449 0.781250 0.017213 0.017213
1 0.019777 0.798828 0.017213 0.017213
1 0.035402 0.800781 0.017213 0.017213
1 0.031495 0.820312 0.017213 0.017213
1 0.010011 0.833984 0.017213 0.017213
1 0.031495 0.853516 0.017213 0.017213
1 0.051027 0.833984 0.017213 0.017213
1 0.070558 0.828125 0.017213 0.017213
1 0.078370 0.847656 0.017213 0.017213
1 0.064699 0.849609 0.017213 0.017213
1 0.052980 0.863281 0.017213 0.017213
1 0.021730 0.875000 0.017213 0.017213
1 0.007272 0.876953 0.016044 0.016044
1 0.056886 0.880859 0.017213 0.017213
1 0.035402 0.886719 0.017213 0.017213
1 0.060792 0.894531 0.017213 0.017213
1 0.045167 0.900391 0.017213 0.017213
1 0.056886 0.904297 0.017213 0.017213
1 0.072511 0.902344 0.017213 0.017213
1 0.084230 0.906250 0.017213 0.017213
1 0.054933 0.919922 0.017213 0.017213
1 0.035402 0.939453 0.017213 0.017213
1 0.039308 0.974609 0.017213 0.017213
1 0.058839 0.972656 0.017213 0.017213
1 0.066652 0.947266 0.017213 0.017213
1 0.064699 0.960938 0.017213 0.017213
1 0.078370 0.962891 0.017213 0.017213
1 0.086183 0.962891 0.017213 0.017213
1 0.088136 0.953125 0.017213 0.017213
1 0.074464 0.925781 0.017213 0.017213
1 0.086183 0.931641 0.017213 0.017213
1 0.097902 0.925781 0.017213 0.017213
1 0.115480 0.925781 0.017213 0.017213
1 0.051027 0.990234 0.017213 0.017213
1 0.064699 0.994792 0.012171 0.012171
1 0.105714 0.980469 0.017213 0.017213
1 0.119386 0.972656 0.017213 0.017213
1 0.121339 0.953125 0.017213 0.017213
1 0.103761 0.951172 0.017213 0.017213
1 0.136964 0.943359 0.017213 0.017213
1 0.154542 0.943359 0.017213 0.017213
1 0.144777 0.972656 0.017213 0.017213
1 0.135011 0.986328 0.017213 0.017213
1 0.164308 0.972656 0.017213 0.017213
1 0.168214 0.960938 0.017213 0.017213
1 0.176027 0.949219 0.017213 0.017213
1 0.170167 0.927734 0.017213 0.017213
1 0.142824 0.914062 0.017213 0.017213
1 0.105714 0.900391 0.017213 0.017213
1 0.086183 0.884766 0.017213 0.017213
1 0.082277 0.867188 0.017213 0.017213
1 0.107667 0.875000 0.017213 0.017213
1 0.119386 0.865234 0.017213 0.017213
1 0.097902 0.847656 0.017213 0.017213
1 0.195558 0.951172 0.017213 0.017213
1 0.215089 0.929688 0.017213 0.017213
1 0.187745 0.970703 0.017213 0.017213
1 0.187745 0.984375 0.017213 0.017213
1 0.199464 0.994792 0.012171 0.012171
1 0.213136 0.980469 0.017213 0.017213
1 0.220949 0.990234 0.017213 0.017213
1 0.242433 0.984375 0.017213 0.017213
1 0.244386 0.945312 0.017213 0.017213
1 0.250245 0.927734 0.017213 0.017213
1 0.283449 0.964844 0.017213 0.017213
1 0.271730 0.974609 0.017213 0.017213
1 0.271636 0.992858 0.015506 0.015506
1 0.312745 0.980469 0.017213 0.017213
1 0.334230 0.990234 0.017213 0.017213
1 0.334230 0.990234 0.017213 0.017213
1 0.324464 0.970703 0.017213 0.017213
1 0.326417 0.955078 0.017213 0.017213
1 0.306886 0.943359 0.017213 0.017213
1 0.304933 0.923828 0.017213 0.017213
1 0.285402 0.921875 0.017213 0.017213
1 0.273683 0.912109 0.017213 0.017213
1 0.297120 0.900391 0.017213 0.017213
1 0.256105 0.902344 0.017213 0.017213
1 0.109620 0.177734 0.017213 0.017213
1 0.119386 0.189453 0.017213 0.017213
1 0.093995 0.210938 0.017213 0.017213
1 0.111574 0.224609 0.017213 0.017213
1 0.119386 0.238281 0.017213 0.017213
1 0.088136 0.244141 0.017213 0.017213
1 0.123292 0.269531 0.017213 0.017213
1 0.140870 0.271484 0.017213 0.017213
1 0.101808 0.283203 0.017213 0.017213
1 0.105714 0.292969 0.017213 0.017213
1 0.084230 0.291016 0.017213 0.017213
1 0.092042 0.324219 0.017213 0.017213
1 0.107667 0.345703 0.017213 0.017213
1 0.121339 0.339844 0.017213 0.017213
1 0.088136 0.355469 0.017213 0.017213
1 0.082277 0.363281 0.017213 0.017213
1 0.101808 0.369141 0.017213 0.017213
1 0.119386 0.361328 0.017213 0.017213
1 0.136964 0.369141 0.017213 0.017213
1 0.129152 0.378906 0.017213 0.017213
1 0.109620 0.380859 0.017213 0.017213
1 0.095949 0.386719 0.017213 0.017213
1 0.107667 0.400391 0.017213 0.017213
1 0.136964 0.394531 0.017213 0.017213
1 0.103761 0.417969 0.017213 0.017213
1 0.097902 0.427734 0.017213 0.017213
1 0.117433 0.419922 0.017213 0.017213
1 0.131105 0.421875 0.017213 0.017213
1 0.146730 0.416016 0.017213 0.017213
1 0.115480 0.433594 0.017213 0.017213
1 0.095949 0.447266 0.017213 0.017213
1 0.088136 0.464844 0.017213 0.017213
1 0.099855 0.472656 0.017213 0.017213
1 0.107667 0.458984 0.017213 0.017213
1 0.119386 0.449219 0.017213 0.017213
1 0.135011 0.443359 0.017213 0.017213
1 0.154542 0.439453 0.017213 0.017213
1 0.172120 0.451172 0.017213 0.017213
1 0.144777 0.466797 0.017213 0.017213
1 0.117433 0.472656 0.017213 0.017213
1 0.125245 0.490234 0.017213 0.017213
1 0.072511 0.486328 0.017213 0.017213
1 0.072511 0.505859 0.017213 0.017213
1 0.084230 0.500000 0.017213 0.017213
1 0.093995 0.509766 0.017213 0.017213
1 0.105714 0.505859 0.017213 0.017213
1 0.107667 0.496094 0.017213 0.017213
1 0.093995 0.527344 0.017213 0.017213
1 0.076417 0.546875 0.017213 0.017213
1 0.082277 0.566406 0.017213 0.017213
1 0.099855 0.552734 0.017213 0.017213
1 0.097902 0.572266 0.017213 0.017213
1 0.092042 0.585938 0.017213 0.017213
1 0.080324 0.595703 0.017213 0.017213
1 0.092042 0.607422 0.017213 0.017213
1 0.113527 0.574219 0.017213 0.017213
1 0.135011 0.550781 0.017213 0.017213
1 0.119386 0.533203 0.017213 0.017213
1 0.123292 0.521484 0.017213 0.017213
1 0.136964 0.511719 0.017213 0.017213
1 0.140870 0.501953 0.017213 0.017213
1 0.154542 0.494141 0.017213 0.017213
1 0.166261 0.478516 0.017213 0.017213
1 0.170167 0.496094 0.017213 0.017213
1 0.189699 0.492188 0.017213 0.017213
1 0.183839 0.507812 0.017213 0.017213
1 0.176027 0.509766 0.017213 0.017213
1 0.160402 0.515625 0.017213 0.017213
1 0.146730 0.531250 0.017213 0.017213
1 0.170167 0.550781 0.017213 0.017213
1 0.189699 0.533203 0.017213 0.017213
1 0.154542 0.556641 0.017213 0.017213
1 0.140870 0.574219 0.017213 0.017213
1 0.136964 0.591797 0.017213 0.017213
1 0.119386 0.595703 0.017213 0.017213
1 0.131105 0.613281 0.017213 0.017213
1 0.135011 0.636719 0.017213 0.017213
1 0.115480 0.634766 0.017213 0.017213
1 0.086183 0.644531 0.017213 0.017213
1 0.097902 0.656250 0.017213 0.017213
1 0.095949 0.673828 0.017213 0.017213
1 0.101808 0.685547 0.017213 0.017213
1 0.109620 0.669922 0.017213 0.017213
1 0.117433 0.660156 0.017213 0.017213
1 0.127199 0.687500 0.017213 0.017213
1 0.113527 0.695312 0.017213 0.017213
1 0.135011 0.703125 0.017213 0.017213
1 0.144777 0.697266 0.017213 0.017213
1 0.152589 0.714844 0.017213 0.017213
1 0.119386 0.740234 0.017213 0.017213
1 0.140870 0.740234 0.017213 0.017213
1 0.127199 0.759766 0.017213 0.017213
1 0.144777 0.771484 0.017213 0.017213
1 0.127199 0.791016 0.017213 0.017213
1 0.111574 0.808594 0.017213 0.017213
1 0.117433 0.832031 0.017213 0.017213
1 0.135011 0.839844 0.017213 0.017213
1 0.148683 0.832031 0.017213 0.017213
1 0.136964 0.857422 0.017213 0.017213
1 0.142824 0.873047 0.017213 0.017213
1 0.135011 0.886719 0.017213 0.017213
1 0.306886 0.029297 0.017213 0.017213
1 0.318605 0.025391 0.017213 0.017213
1 0.293214 0.039062 0.017213 0.017213
1 0.312745 0.048828 0.017213 0.017213
1 0.328370 0.037109 0.017213 0.017213
1 0.343995 0.033203 0.017213 0.017213
1 0.400636 0.011719 0.017213 0.017213
1 0.429820 0.006384 0.016566 0.016566
1 0.453370 0.009766 0.017213 0.017213
1 0.441652 0.021484 0.017213 0.017213
1 0.463136 0.025391 0.017213 0.017213
1 0.453370 0.039062 0.017213 0.017213
1 0.420167 0.041016 0.017213 0.017213
1 0.392824 0.033203 0.017213 0.017213
1 0.377199 0.041016 0.017213 0.017213
1 0.386964 0.046875 0.017213 0.017213
1 0.388917 0.060547 0.017213 0.017213
1 0.408449 0.052734 0.017213 0.017213
1 0.189699 0.054688 0.017213 0.017213
1 0.162355 0.083984 0.017213 0.017213
1 0.181886 0.080078 0.017213 0.017213
1 0.201417 0.072266 0.017213 0.017213
1 0.213136 0.078125 0.017213 0.017213
1 0.226808 0.082031 0.017213 0.017213
1 0.238527 0.074219 0.017213 0.017213
1 0.267824 0.048828 0.017213 0.017213
1 0.283449 0.066406 0.017213 0.017213
1 0.299074 0.064453 0.017213 0.017213
1 0.316652 0.068359 0.017213 0.017213
1 0.336183 0.058594 0.017213 0.017213
1 0.330324 0.080078 0.017213 0.017213
1 0.275636 0.078125 0.017213 0.017213
1 0.277589 0.093750 0.017213 0.017213
1 0.302980 0.091797 0.017213 0.017213
1 0.318605 0.101562 0.017213 0.017213
1 0.301027 0.113281 0.017213 0.017213
1 0.351808 0.085938 0.017213 0.017213
1 0.365480 0.072266 0.017213 0.017213
1 0.392824 0.082031 0.017213 0.017213
1 0.410402 0.076172 0.017213 0.017213
1 0.422120 0.085938 0.017213 0.017213
1 0.447511 0.066406 0.017213 0.017213
1 0.439699 0.097656 0.017213 0.017213
1 0.457277 0.089844 0.017213 0.017213
1 0.455324 0.103516 0.017213 0.017213
1 0.465089 0.099609 0.017213 0.017213
1 0.488527 0.095703 0.017213 0.017213
1 0.482667 0.107422 0.017213 0.017213
1 0.498292 0.109375 0.017213 0.017213
1 0.486574 0.009766 0.017213 0.017213
1 0.496339 0.021484 0.017213 0.017213
1 0.511964 0.017578 0.017213 0.017213
1 0.507997 0.004163 0.014025 0.014025
1 0.529542 0.025391 0.017213 0.017213
1 0.566558 0.005189 0.015506 0.015506
1 0.582277 0.017578 0.017213 0.017213
1 0.611479 0.005189 0.015506 0.015506
1 0.636964 0.019531 0.017213 0.017213
1 0.631105 0.027344 0.017213 0.017213
1 0.623292 0.029297 0.017213 0.017213
1 0.646669 0.004163 0.014025 0.014025
1 0.674013 0.004163 0.014025 0.014025
1 0.689699 0.015625 0.017213 0.017213
1 0.707277 0.013672 0.017213 0.017213
1 0.740480 0.025391 0.017213 0.017213
1 0.758058 0.017578 0.017213 0.017213
1 0.758058 0.031250 0.017213 0.017213
1 0.752199 0.042969 0.017213 0.017213
1 0.740480 0.042969 0.017213 0.017213
1 0.720949 0.048828 0.017213 0.017213
1 0.699464 0.039062 0.017213 0.017213
1 0.607667 0.041016 0.017213 0.017213
1 0.588136 0.054688 0.017213 0.017213
1 0.562745 0.048828 0.017213 0.017213
1 0.547120 0.048828 0.017213 0.017213
1 0.525636 0.044922 0.017213 0.017213
1 0.486574 0.042969 0.017213 0.017213
1 0.482667 0.070312 0.017213 0.017213
1 0.523683 0.078125 0.017213 0.017213
1 0.537355 0.091797 0.017213 0.017213
1 0.554933 0.076172 0.017213 0.017213
1 0.605714 0.080078 0.017213 0.017213
1 0.635011 0.093750 0.017213 0.017213
1 0.658449 0.064453 0.017213 0.017213
1 0.664308 0.085938 0.017213 0.017213
1 0.681886 0.080078 0.017213 0.017213
1 0.681886 0.093750 0.017213 0.017213
1 0.699464 0.066406 0.017213 0.017213
1 0.736574 0.066406 0.017213 0.017213
1 0.720949 0.078125 0.017213 0.017213
1 0.740480 0.089844 0.017213 0.017213
1 0.758058 0.070312 0.017213 0.017213
1 0.773683 0.083984 0.017213 0.017213
1 0.787355 0.078125 0.017213 0.017213
1 0.801027 0.074219 0.017213 0.017213
1 0.777589 0.048828 0.017213 0.017213
1 0.797120 0.037109 0.017213 0.017213
1 0.812745 0.033203 0.017213 0.017213
1 0.814699 0.015625 0.017213 0.017213
1 0.838136 0.025391 0.017213 0.017213
1 0.834230 0.048828 0.017213 0.017213
1 0.855714 0.031250 0.017213 0.017213
1 0.873292 0.042969 0.017213 0.017213
1 0.888917 0.029297 0.017213 0.017213
1 0.886964 0.015625 0.017213 0.017213
1 0.869386 0.017578 0.017213 0.017213
1 0.918214 0.025391 0.017213 0.017213
1 0.910402 0.039062 0.017213 0.017213
1 0.945558 0.027344 0.017213 0.017213
1 0.959230 0.019531 0.017213 0.017213
1 0.976808 0.019531 0.017213 0.017213
1 0.991186 0.015625 0.015892 0.015892
1 0.990044 0.042969 0.016784 0.016784
1 0.963136 0.039062 0.017213 0.017213
1 0.970949 0.052734 0.017213 0.017213
1 0.937745 0.048828 0.017213 0.017213
1 0.953370 0.062500 0.017213 0.017213
1 0.951417 0.076172 0.017213 0.017213
1 0.974855 0.074219 0.017213 0.017213
1 0.976808 0.089844 0.017213 0.017213
1 0.990044 0.093750 0.016784 0.016784
