1 0.185599 0.129237 0.012369 0.012369
1 0.150442 0.209315 0.012369 0.012369
1 0.205130 0.164393 0.012369 0.012369
1 0.271536 0.101893 0.012369 0.012369
1 0.308645 0.109706 0.012369 0.012369
1 0.066458 0.254237 0.012369 0.012369
1 0.103567 0.252284 0.012369 0.012369
1 0.146536 0.402674 0.012369 0.012369
1 0.162161 0.469081 0.012369 0.012369
1 0.127005 0.453456 0.012369 0.012369
1 0.103567 0.443690 0.012369 0.012369
1 0.085989 0.504237 0.012369 0.012369
1 0.054739 0.531581 0.012369 0.012369
1 0.058645 0.547206 0.012369 0.012369
1 0.054739 0.613612 0.012369 0.012369
1 0.146536 0.596034 0.012369 0.012369
1 0.185599 0.572596 0.012369 0.012369
1 0.195364 0.537440 0.012369 0.012369
1 0.013724 0.455409 0.012369 0.012369
1 0.015677 0.389003 0.012369 0.012369
1 0.015677 0.389003 0.012369 0.012369
1 0.013724 0.359706 0.012369 0.012369
1 0.004738 0.347801 0.011452 0.011452
1 0.044974 0.205409 0.012369 0.012369
1 0.214895 0.326503 0.012369 0.012369
1 0.308645 0.232753 0.012369 0.012369
1 0.326224 0.250331 0.012369 0.012369
1 0.109427 0.830409 0.012369 0.012369
1 0.156250 0.931641 0.014947 0.014947
1 0.138724 0.941737 0.012369 0.012369
1 0.220755 0.963221 0.012369 0.012369
1 0.185599 0.918299 0.012369 0.012369
1 0.201224 0.832362 0.012369 0.012369
1 0.179739 0.762049 0.012369 0.012369
1 0.181692 0.701503 0.012369 0.012369
1 0.216849 0.713221 0.012369 0.012369
1 0.289114 0.758143 0.012369 0.012369
1 0.148489 0.711268 0.012369 0.012369
1 0.082083 0.875331 0.012369 0.012369
1 0.007864 0.803065 0.012369 0.012369
1 0.021536 0.736659 0.012369 0.012369
1 0.113333 0.803065 0.012369 0.012369
1 0.123099 0.754237 0.012369 0.012369
1 0.127005 0.734706 0.012369 0.012369
1 0.148489 0.637049 0.012369 0.012369
1 0.183645 0.644862 0.012369 0.012369
1 0.207083 0.640956 0.012369 0.012369
1 0.244192 0.617518 0.012369 0.012369
1 0.232474 0.597987 0.012369 0.012369
1 0.296927 0.637049 0.012369 0.012369
1 0.322317 0.621424 0.012369 0.012369
1 0.261770 0.896815 0.012369 0.012369
1 0.271536 0.931971 0.012369 0.012369
1 0.230520 0.844081 0.012369 0.012369
1 0.240286 0.834315 0.012369 0.012369
1 0.304739 0.867518 0.012369 0.012369
1 0.322317 0.945643 0.012369 0.012369
1 0.378958 0.859706 0.012369 0.012369
1 0.377005 0.838221 0.012369 0.012369
1 0.378958 0.889003 0.012369 0.012369
1 0.406302 0.803065 0.012369 0.012369
1 0.433645 0.922206 0.012369 0.012369
1 0.453177 0.971034 0.012369 0.012369
1 0.466849 0.922206 0.012369 0.012369
1 0.474661 0.933924 0.012369 0.012369
1 0.521536 0.928065 0.012369 0.012369
1 0.541067 0.914393 0.012369 0.012369
1 0.603567 0.887049 0.012369 0.012369
1 0.625052 0.877284 0.012369 0.012369
1 0.593802 0.945643 0.012369 0.012369
1 0.550833 0.881190 0.012369 0.012369
1 0.544974 0.904628 0.012369 0.012369
1 0.625052 0.969081 0.012369 0.012369
1 0.640677 0.955409 0.012369 0.012369
1 0.652395 0.965174 0.012369 0.012369
1 0.668020 0.851893 0.012369 0.012369
1 0.681692 0.890956 0.012369 0.012369
1 0.748099 0.810878 0.012369 0.012369
1 0.648489 0.722987 0.012369 0.012369
1 0.529349 0.609706 0.012369 0.012369
1 0.578177 0.703456 0.012369 0.012369
1 0.517630 0.707362 0.012369 0.012369
1 0.513724 0.719081 0.012369 0.012369
1 0.546927 0.726893 0.012369 0.012369
1 0.669974 0.680018 0.012369 0.012369
1 0.652395 0.633143 0.012369 0.012369
1 0.607474 0.627284 0.012369 0.012369
1 0.552786 0.619471 0.012369 0.012369
1 0.459036 0.601893 0.012369 0.012369
1 0.482474 0.564784 0.012369 0.012369
1 0.834036 0.072596 0.012369 0.012369
1 0.375052 0.689784 0.012369 0.012369
1 0.384817 0.558924 0.012369 0.012369
1 0.445364 0.535487 0.012369 0.012369
1 0.341849 0.543299 0.012369 0.012369
1 0.332083 0.512049 0.012369 0.012369
1 0.722708 0.652674 0.012369 0.012369
1 0.748099 0.717128 0.012369 0.012369
1 0.775442 0.680018 0.012369 0.012369
1 0.789114 0.633143 0.012369 0.012369
1 0.761770 0.588221 0.012369 0.012369
1 0.755911 0.611659 0.012369 0.012369
1 0.847708 0.711268 0.012369 0.012369
1 0.339895 0.439784 0.012369 0.012369
1 0.408255 0.416346 0.012369 0.012369
1 0.543020 0.414393 0.012369 0.012369
1 0.601614 0.406581 0.012369 0.012369
1 0.636770 0.400721 0.012369 0.012369
1 0.252005 0.408534 0.012369 0.012369
1 0.236380 0.148768 0.012369 0.012369
1 0.199270 0.242518 0.012369 0.012369
1 0.177786 0.156581 0.012369 0.012369
1 0.164114 0.168299 0.012369 0.012369
1 0.142630 0.070643 0.012369 0.012369
1 0.185599 0.088221 0.012369 0.012369
1 0.339895 0.258143 0.012369 0.012369
1 0.404349 0.264003 0.012369 0.012369
1 0.480520 0.299159 0.012369 0.012369
1 0.503958 0.283534 0.012369 0.012369
1 0.502005 0.336268 0.012369 0.012369
1 0.548880 0.310878 0.012369 0.012369
1 0.580130 0.367518 0.012369 0.012369
1 0.570364 0.344081 0.012369 0.012369
1 0.621145 0.385096 0.012369 0.012369
1 0.681692 0.349940 0.012369 0.012369
1 0.513724 0.180018 0.012369 0.012369
1 0.433645 0.189784 0.012369 0.012369
1 0.445364 0.180018 0.012369 0.012369
1 0.398489 0.176112 0.012369 0.012369
1 0.392630 0.164393 0.012369 0.012369
1 0.402395 0.156581 0.012369 0.012369
1 0.416067 0.148768 0.012369 0.012369
1 0.382864 0.133143 0.012369 0.012369
1 0.363333 0.115565 0.012369 0.012369
1 0.439505 0.094081 0.012369 0.012369
1 0.449270 0.103846 0.012369 0.012369
1 0.666067 0.428065 0.012369 0.012369
1 0.685599 0.428065 0.012369 0.012369
1 0.699270 0.414393 0.012369 0.012369
1 0.539114 0.060878 0.012369 0.012369
1 0.632864 0.178065 0.012369 0.012369
1 0.662161 0.123378 0.012369 0.012369
1 0.673880 0.166346 0.012369 0.012369
1 0.689505 0.181971 0.012369 0.012369
1 0.419974 0.072596 0.012369 0.012369
1 0.402395 0.049159 0.012369 0.012369
1 0.404349 0.037440 0.012369 0.012369
1 0.414114 0.017909 0.012369 0.012369
1 0.351614 0.019862 0.012369 0.012369
1 0.335989 0.008143 0.012369 0.012369
1 0.585989 0.017909 0.012369 0.012369
1 0.650442 0.019862 0.012369 0.012369
1 0.714895 0.014003 0.012369 0.012369
1 0.740286 0.012049 0.012369 0.012369
1 0.740286 0.461268 0.012369 0.012369
1 0.703177 0.472987 0.012369 0.012369
1 0.681692 0.474940 0.012369 0.012369
1 0.716849 0.531581 0.012369 0.012369
1 0.818411 0.430018 0.012369 0.012369
1 0.837942 0.404628 0.012369 0.012369
1 0.730520 0.394862 0.012369 0.012369
1 0.724661 0.416346 0.012369 0.012369
1 0.709036 0.408534 0.012369 0.012369
1 0.916067 0.437831 0.012369 0.012369
1 0.923880 0.424159 0.012369 0.012369
1 0.964895 0.424159 0.012369 0.012369
1 0.976614 0.478846 0.012369 0.012369
1 0.966849 0.572596 0.012369 0.012369
1 0.953177 0.576503 0.012369 0.012369
1 0.951224 0.627284 0.012369 0.012369
1 0.908255 0.678065 0.012369 0.012369
1 0.867239 0.680018 0.012369 0.012369
1 0.839895 0.670253 0.012369 0.012369
1 0.834036 0.568690 0.012369 0.012369
1 0.822317 0.572596 0.012369 0.012369
1 0.910208 0.717128 0.012369 0.012369
1 0.927786 0.711268 0.012369 0.012369
1 0.951224 0.668299 0.012369 0.012369
1 0.875052 0.355799 0.012369 0.012369
1 0.896536 0.369471 0.012369 0.012369
1 0.894583 0.328456 0.012369 0.012369
1 0.921927 0.353846 0.012369 0.012369
1 0.968802 0.338221 0.012369 0.012369
1 0.984427 0.359706 0.012369 0.012369
1 0.925833 0.281581 0.012369 0.012369
1 0.808645 0.275721 0.012369 0.012369
1 0.830130 0.222987 0.012369 0.012369
1 0.824270 0.127284 0.012369 0.012369
1 0.945364 0.144862 0.012369 0.012369
1 0.978567 0.135096 0.012369 0.012369
1 0.951224 0.121424 0.012369 0.012369
1 0.957083 0.111659 0.012369 0.012369
1 0.822317 0.812831 0.012369 0.012369
1 0.867239 0.826503 0.012369 0.012369
1 0.869192 0.803065 0.012369 0.012369
1 0.847708 0.865565 0.012369 0.012369
1 0.857474 0.906581 0.012369 0.012369
1 0.822317 0.941737 0.012369 0.012369
1 0.970755 0.920253 0.012369 0.012369
1 0.984427 0.875331 0.012369 0.012369
1 0.974661 0.842128 0.012369 0.012369
1 0.968802 0.972987 0.012369 0.012369
1 0.978595 0.994569 0.009978 0.009978
1 0.995401 0.990654 0.008677 0.008677
1 0.900442 0.976893 0.012369 0.012369
1 0.929739 0.267909 0.012369 0.012369
1 0.421927 0.211268 0.012369 0.012369
1 0.419974 0.295253 0.012369 0.012369
1 0.265677 0.328456 0.012369 0.012369
1 0.248099 0.310878 0.012369 0.012369
1 0.507864 0.094081 0.012369 0.012369
1 0.587942 0.152674 0.012369 0.012369
1 0.615286 0.131190 0.012369 0.012369
1 0.640677 0.131190 0.012369 0.012369
1 0.968750 0.066406 0.014947 0.014947
1 0.878906 0.039062 0.014947 0.014947
1 0.951224 0.033534 0.012369 0.012369
1 0.812552 0.137049 0.012369 0.012369
1 0.777395 0.113612 0.012369 0.012369
1 0.779349 0.064784 0.012369 0.012369
1 0.765677 0.049159 0.012369 0.012369
1 0.753958 0.041346 0.012369 0.012369
1 0.498099 0.027674 0.012369 0.012369
1 0.820364 0.176112 0.012369 0.012369
1 0.750052 0.248378 0.012369 0.012369
1 0.841849 0.213221 0.012369 0.012369
1 0.832083 0.240565 0.012369 0.012369
1 0.834036 0.252284 0.012369 0.012369
1 0.861380 0.322596 0.012369 0.012369
1 0.902395 0.260096 0.012369 0.012369
1 0.957083 0.279628 0.012369 0.012369
1 0.937552 0.103846 0.012369 0.012369
1 0.744192 0.164393 0.012369 0.012369
1 0.933645 0.082362 0.012369 0.012369
1 0.939505 0.070643 0.012369 0.012369
1 0.714895 0.181971 0.012369 0.012369
1 0.474661 0.553065 0.012369 0.012369
1 0.843802 0.158534 0.012369 0.012369
1 0.814505 0.336268 0.012369 0.012369
1 0.783255 0.383143 0.012369 0.012369
1 0.566458 0.248378 0.012369 0.012369
1 0.584036 0.199549 0.012369 0.012369
1 0.455130 0.246424 0.012369 0.012369
1 0.066458 0.097987 0.012369 0.012369
1 0.011770 0.070643 0.012369 0.012369
1 0.033255 0.164393 0.012369 0.012369
1 0.015677 0.135096 0.012369 0.012369
1 0.021536 0.144862 0.012369 0.012369
1 0.119192 0.045253 0.012369 0.012369
1 0.199270 0.035487 0.012369 0.012369
