1 0.074219 0.191406 0.022475 0.022475
1 0.039062 0.150391 0.022475 0.022475
1 0.041016 0.130859 0.022475 0.022475
1 0.136719 0.115234 0.022475 0.022475
1 0.115234 0.083984 0.022475 0.022475
1 0.091797 0.119141 0.022475 0.022475
1 0.085938 0.103516 0.022475 0.022475
1 0.093750 0.087891 0.022475 0.022475
1 0.095703 0.048828 0.022475 0.022475
1 0.117188 0.033203 0.022475 0.022475
1 0.960938 0.613281 0.022475 0.022475
1 0.769531 0.455078 0.022475 0.022475
1 0.740234 0.427734 0.022475 0.022475
1 0.847656 0.416016 0.022475 0.022475
1 0.843750 0.402344 0.022475 0.022475
1 0.904297 0.412109 0.022475 0.022475
1 0.925781 0.486328 0.022475 0.022475
1 0.910156 0.494141 0.022475 0.022475
1 0.822266 0.509766 0.022475 0.022475
1 0.820312 0.482422 0.022475 0.022475
1 0.863281 0.587891 0.022475 0.022475
1 0.871094 0.533203 0.022475 0.022475
1 0.916016 0.568359 0.022475 0.022475
1 0.990372 0.535156 0.020319 0.020319
1 0.972656 0.564453 0.022475 0.022475
1 0.791016 0.453125 0.022475 0.022475
1 0.728516 0.324219 0.022475 0.022475
1 0.560547 0.339844 0.022475 0.022475
1 0.300781 0.376953 0.022475 0.022475
1 0.248047 0.240234 0.022475 0.022475
1 0.058594 0.246094 0.022475 0.022475
1 0.609375 0.390625 0.022475 0.022475
1 0.029297 0.470703 0.022475 0.022475
1 0.058594 0.529297 0.022475 0.022475
1 0.091797 0.437500 0.022475 0.022475
1 0.189453 0.492188 0.022475 0.022475
1 0.208984 0.558594 0.022475 0.022475
1 0.259766 0.529297 0.022475 0.022475
1 0.287109 0.550781 0.022475 0.022475
1 0.316406 0.541016 0.022475 0.022475
1 0.361328 0.439453 0.022475 0.022475
1 0.361328 0.488281 0.022475 0.022475
1 0.375000 0.517578 0.022475 0.022475
1 0.414062 0.496094 0.022475 0.022475
1 0.607422 0.582031 0.022475 0.022475
1 0.746094 0.828125 0.022475 0.022475
1 0.736328 0.896484 0.022475 0.022475
1 0.042969 0.826172 0.022475 0.022475
1 0.033203 0.607422 0.022475 0.022475
1 0.150391 0.656250 0.022475 0.022475
1 0.134766 0.679688 0.022475 0.022475
1 0.111328 0.666016 0.022475 0.022475
1 0.121094 0.716797 0.022475 0.022475
1 0.214844 0.697266 0.022475 0.022475
1 0.167969 0.779297 0.022475 0.022475
1 0.144531 0.818359 0.022475 0.022475
1 0.177734 0.833984 0.022475 0.022475
1 0.140625 0.992421 0.017631 0.017631
1 0.107422 0.976562 0.022475 0.022475
1 0.128906 0.951172 0.022475 0.022475
1 0.126953 0.898438 0.022475 0.022475
1 0.187500 0.921875 0.022475 0.022475
1 0.207031 0.941406 0.022475 0.022475
1 0.236328 0.955078 0.022475 0.022475
1 0.324219 0.990372 0.020319 0.020319
1 0.189453 0.871094 0.022475 0.022475
1 0.318359 0.873047 0.022475 0.022475
1 0.271484 0.933594 0.022475 0.022475
1 0.273438 0.890625 0.022475 0.022475
1 0.257812 0.832031 0.022475 0.022475
1 0.312500 0.650391 0.022475 0.022475
1 0.330078 0.628906 0.022475 0.022475
1 0.298828 0.607422 0.022475 0.022475
1 0.359375 0.562500 0.022475 0.022475
1 0.541016 0.597656 0.022475 0.022475
1 0.451172 0.599609 0.022475 0.022475
1 0.472656 0.574219 0.022475 0.022475
1 0.468750 0.714844 0.022475 0.022475
1 0.476562 0.763672 0.022475 0.022475
1 0.531250 0.908203 0.022475 0.022475
1 0.490234 0.843750 0.022475 0.022475
1 0.414062 0.888672 0.022475 0.022475
1 0.435547 0.904297 0.022475 0.022475
1 0.544922 0.947266 0.022475 0.022475
1 0.619141 0.917969 0.022475 0.022475
1 0.609375 0.800781 0.022475 0.022475
1 0.671875 0.937500 0.022475 0.022475
1 0.712891 0.939453 0.022475 0.022475
1 0.728516 0.839844 0.022475 0.022475
1 0.873047 0.989244 0.021367 0.021367
1 0.900391 0.853516 0.022475 0.022475
1 0.955078 0.984375 0.022475 0.022475
1 0.947266 0.914062 0.022475 0.022475
1 0.957031 0.900391 0.022475 0.022475
1 0.869141 0.771484 0.022475 0.022475
1 0.761719 0.693359 0.022475 0.022475
1 0.750000 0.675781 0.022475 0.022475
1 0.703125 0.765625 0.022475 0.022475
1 0.636719 0.689453 0.022475 0.022475
1 0.648438 0.642578 0.022475 0.022475
1 0.603516 0.623047 0.022475 0.022475
1 0.642578 0.595703 0.022475 0.022475
1 0.652344 0.560547 0.022475 0.022475
1 0.666016 0.535156 0.022475 0.022475
1 0.648438 0.500000 0.022475 0.022475
1 0.492188 0.480469 0.022475 0.022475
1 0.539062 0.410156 0.022475 0.022475
1 0.632812 0.386719 0.022475 0.022475
1 0.777344 0.302734 0.022475 0.022475
1 0.896484 0.328125 0.022475 0.022475
1 0.876953 0.308594 0.022475 0.022475
1 0.869141 0.263672 0.022475 0.022475
1 0.855469 0.244141 0.022475 0.022475
1 0.814453 0.246094 0.022475 0.022475
1 0.816406 0.167969 0.022475 0.022475
1 0.843750 0.123047 0.022475 0.022475
1 0.968750 0.208984 0.022475 0.022475
1 0.908203 0.103516 0.022475 0.022475
1 0.886719 0.072266 0.022475 0.022475
1 0.910156 0.006615 0.019086 0.019086
1 0.812500 0.010081 0.022149 0.022149
1 0.476562 0.357422 0.022475 0.022475
1 0.220703 0.398438 0.022475 0.022475
1 0.201172 0.406250 0.022475 0.022475
1 0.181641 0.376953 0.022475 0.022475
1 0.220703 0.361328 0.022475 0.022475
1 0.195312 0.357422 0.022475 0.022475
1 0.039062 0.367188 0.022475 0.022475
1 0.060547 0.335938 0.022475 0.022475
1 0.351562 0.263672 0.022475 0.022475
1 0.316406 0.275391 0.022475 0.022475
1 0.203125 0.306641 0.022475 0.022475
1 0.179688 0.298828 0.022475 0.022475
1 0.148438 0.283203 0.022475 0.022475
1 0.595703 0.263672 0.022475 0.022475
1 0.666016 0.285156 0.022475 0.022475
1 0.712891 0.203125 0.022475 0.022475
1 0.734375 0.099609 0.022475 0.022475
1 0.589844 0.205078 0.022475 0.022475
1 0.617188 0.119141 0.022475 0.022475
1 0.609375 0.027344 0.022475 0.022475
1 0.537109 0.085938 0.022475 0.022475
1 0.378906 0.130859 0.022475 0.022475
1 0.337891 0.099609 0.022475 0.022475
1 0.304688 0.068359 0.022475 0.022475
1 0.269531 0.056641 0.022475 0.022475
1 0.214844 0.148438 0.022475 0.022475
1 0.156250 0.171875 0.022475 0.022475
1 0.230469 0.091797 0.022475 0.022475
1 0.251953 0.004745 0.015892 0.015892
1 0.179688 0.037109 0.022475 0.022475
1 0.173828 0.099609 0.022475 0.022475
