1 0.584111 0.890857 0.019022 0.019022
1 0.580205 0.918200 0.019022 0.019022
1 0.578252 0.931872 0.019022 0.019022
1 0.683720 0.896716 0.019022 0.019022
1 0.675908 0.875232 0.019022 0.019022
1 0.675908 0.863513 0.019022 0.019022
1 0.996354 0.690430 0.006969 0.006969
1 0.996354 0.754883 0.006969 0.006969
1 0.718877 0.310778 0.019022 0.019022
1 0.877080 0.894763 0.019022 0.019022
1 0.834111 0.886950 0.019022 0.019022
1 0.808720 0.894763 0.019022 0.019022
1 0.795049 0.886950 0.019022 0.019022
1 0.828252 0.910388 0.019022 0.019022
1 0.841924 0.918200 0.019022 0.019022
1 0.867314 0.933825 0.019022 0.019022
1 0.880986 0.933825 0.019022 0.019022
1 0.880986 0.916247 0.019022 0.019022
1 0.896611 0.902575 0.019022 0.019022
1 0.896611 0.881091 0.019022 0.019022
1 0.912236 0.894763 0.019022 0.019022
1 0.923955 0.877185 0.019022 0.019022
1 0.937627 0.896716 0.019022 0.019022
1 0.927861 0.920153 0.019022 0.019022
1 0.910283 0.924060 0.019022 0.019022
1 0.923955 0.842028 0.019022 0.019022
1 0.927861 0.822497 0.019022 0.019022
1 0.923955 0.797107 0.019022 0.019022
1 0.929814 0.779528 0.019022 0.019022
1 0.949345 0.781482 0.019022 0.019022
1 0.980595 0.787341 0.019022 0.019022
1 0.964970 0.804919 0.019022 0.019022
1 0.949345 0.810778 0.019022 0.019022
1 0.972783 0.832263 0.019022 0.019022
1 0.978642 0.847888 0.019022 0.019022
1 0.945439 0.845935 0.019022 0.019022
1 0.955205 0.873278 0.019022 0.019022
1 0.943486 0.875232 0.019022 0.019022
1 0.963017 0.890857 0.019022 0.019022
1 0.974736 0.912341 0.019022 0.019022
1 0.989874 0.894721 0.018505 0.018505
1 0.996354 0.885742 0.006969 0.006969
1 0.982549 0.869372 0.019022 0.019022
1 0.992123 0.865475 0.016418 0.016418
1 0.995554 0.830841 0.009219 0.009219
1 0.982549 0.758044 0.019022 0.019022
1 0.955205 0.750232 0.019022 0.019022
1 0.992123 0.709225 0.016418 0.016418
1 0.992123 0.968990 0.016418 0.016418
1 0.993126 0.982709 0.015028 0.015028
1 0.978642 0.972888 0.019022 0.019022
1 0.968877 0.986560 0.019022 0.019022
1 0.953391 0.994131 0.013131 0.013131
1 0.959111 0.947497 0.019022 0.019022
1 0.949345 0.931872 0.019022 0.019022
1 0.955205 0.922107 0.019022 0.019022
1 0.974736 0.929919 0.019022 0.019022
1 0.988408 0.929919 0.019022 0.019022
1 0.994792 0.918472 0.011345 0.011345
1 0.939580 0.947497 0.019022 0.019022
1 0.925908 0.957263 0.019022 0.019022
1 0.916142 0.949450 0.019022 0.019022
1 0.931767 0.984607 0.019022 0.019022
1 0.904443 0.991314 0.017700 0.017700
1 0.884898 0.990111 0.018635 0.018635
1 0.867314 0.988513 0.019022 0.019022
1 0.890752 0.965075 0.019022 0.019022
1 0.991039 0.955288 0.017562 0.017562
1 0.963017 0.968982 0.019022 0.019022
1 0.916142 0.744372 0.019022 0.019022
1 0.939580 0.736560 0.019022 0.019022
1 0.918095 0.718982 0.019022 0.019022
1 0.896611 0.738513 0.019022 0.019022
1 0.886845 0.717028 0.019022 0.019022
1 0.859502 0.705310 0.019022 0.019022
1 0.861455 0.691638 0.019022 0.019022
1 0.890752 0.677966 0.019022 0.019022
1 0.906377 0.697497 0.019022 0.019022
1 0.910283 0.672107 0.019022 0.019022
1 0.929814 0.672107 0.019022 0.019022
1 0.927861 0.687732 0.019022 0.019022
1 0.945439 0.687732 0.019022 0.019022
1 0.953252 0.650622 0.019022 0.019022
1 0.978642 0.642810 0.019022 0.019022
1 0.976689 0.662341 0.019022 0.019022
1 0.974736 0.679919 0.019022 0.019022
1 0.993126 0.607709 0.015028 0.015028
1 0.966924 0.615466 0.019022 0.019022
1 0.972783 0.590075 0.019022 0.019022
1 0.988408 0.586169 0.019022 0.019022
1 0.736455 0.808825 0.019022 0.019022
1 0.966924 0.717028 0.019022 0.019022
1 0.873174 0.715075 0.019022 0.019022
1 0.880986 0.677966 0.019022 0.019022
1 0.888799 0.699450 0.019022 0.019022
1 0.949345 0.670153 0.019022 0.019022
1 0.775517 0.674060 0.019022 0.019022
1 0.759892 0.676013 0.019022 0.019022
1 0.777470 0.697497 0.019022 0.019022
1 0.793095 0.685778 0.019022 0.019022
1 0.816533 0.672107 0.019022 0.019022
1 0.800908 0.660388 0.019022 0.019022
1 0.820439 0.642810 0.019022 0.019022
1 0.832158 0.634997 0.019022 0.019022
1 0.843877 0.646716 0.019022 0.019022
1 0.857549 0.666247 0.019022 0.019022
1 0.849736 0.681872 0.019022 0.019022
1 0.838017 0.683825 0.019022 0.019022
1 0.836064 0.666247 0.019022 0.019022
1 0.886845 0.650622 0.019022 0.019022
1 0.906377 0.652575 0.019022 0.019022
1 0.929814 0.654528 0.019022 0.019022
1 0.918095 0.660388 0.019022 0.019022
1 0.912236 0.634997 0.019022 0.019022
1 0.931767 0.638903 0.019022 0.019022
1 0.908330 0.609607 0.019022 0.019022
1 0.922002 0.603747 0.019022 0.019022
1 0.922002 0.588122 0.019022 0.019022
1 0.896611 0.613513 0.019022 0.019022
1 0.886845 0.597888 0.019022 0.019022
1 0.871220 0.586169 0.019022 0.019022
1 0.865361 0.564685 0.019022 0.019022
1 0.896611 0.547107 0.019022 0.019022
1 0.902470 0.570544 0.019022 0.019022
1 0.929814 0.558825 0.019022 0.019022
1 0.949345 0.549060 0.019022 0.019022
1 0.949345 0.595935 0.019022 0.019022
1 0.941533 0.605700 0.019022 0.019022
1 0.935674 0.619372 0.019022 0.019022
1 0.951299 0.623278 0.019022 0.019022
1 0.953252 0.568591 0.019022 0.019022
1 0.972783 0.568591 0.019022 0.019022
1 0.968877 0.554919 0.019022 0.019022
1 0.972783 0.539294 0.019022 0.019022
1 0.957158 0.535388 0.019022 0.019022
1 0.976689 0.517810 0.019022 0.019022
1 0.989874 0.509955 0.018505 0.018505
1 0.988408 0.556872 0.019022 0.019022
1 0.993126 0.572553 0.015028 0.015028
1 0.989874 0.543158 0.018505 0.018505
1 0.994792 0.535660 0.011345 0.011345
1 0.933720 0.531482 0.019022 0.019022
1 0.933720 0.517810 0.019022 0.019022
1 0.943486 0.511950 0.019022 0.019022
1 0.916142 0.509997 0.019022 0.019022
1 0.894658 0.517810 0.019022 0.019022
1 0.875127 0.523669 0.019022 0.019022
1 0.849736 0.517810 0.019022 0.019022
1 0.839970 0.531482 0.019022 0.019022
1 0.859502 0.537341 0.019022 0.019022
1 0.834111 0.551013 0.019022 0.019022
1 0.810674 0.529528 0.019022 0.019022
1 0.810674 0.560778 0.019022 0.019022
1 0.828252 0.574450 0.019022 0.019022
1 0.818486 0.590075 0.019022 0.019022
1 0.841924 0.599841 0.019022 0.019022
1 0.851689 0.582263 0.019022 0.019022
1 0.836064 0.619372 0.019022 0.019022
1 0.859502 0.623278 0.019022 0.019022
1 0.814580 0.625232 0.019022 0.019022
1 0.783330 0.621325 0.019022 0.019022
1 0.775517 0.588122 0.019022 0.019022
1 0.800908 0.599841 0.019022 0.019022
1 0.761845 0.617419 0.019022 0.019022
1 0.746220 0.611560 0.019022 0.019022
1 0.726689 0.597888 0.019022 0.019022
1 0.732549 0.588122 0.019022 0.019022
1 0.732549 0.554919 0.019022 0.019022
1 0.755986 0.584216 0.019022 0.019022
1 0.761845 0.566638 0.019022 0.019022
1 0.755986 0.539294 0.019022 0.019022
1 0.742314 0.511950 0.019022 0.019022
1 0.757939 0.508044 0.019022 0.019022
1 0.767705 0.517810 0.019022 0.019022
1 0.728642 0.627185 0.019022 0.019022
1 0.740361 0.629138 0.019022 0.019022
1 0.746220 0.648669 0.019022 0.019022
1 0.711064 0.642810 0.019022 0.019022
1 0.711064 0.672107 0.019022 0.019022
1 0.711064 0.691638 0.019022 0.019022
1 0.693486 0.607653 0.019022 0.019022
1 0.652470 0.662341 0.019022 0.019022
1 0.640752 0.625232 0.019022 0.019022
1 0.648564 0.634997 0.019022 0.019022
1 0.677861 0.646716 0.019022 0.019022
1 0.689580 0.654528 0.019022 0.019022
1 0.677861 0.687732 0.019022 0.019022
1 0.666142 0.687732 0.019022 0.019022
1 0.650517 0.691638 0.019022 0.019022
1 0.636845 0.681872 0.019022 0.019022
1 0.638799 0.701403 0.019022 0.019022
1 0.644658 0.724841 0.019022 0.019022
1 0.654424 0.744372 0.019022 0.019022
1 0.675908 0.718982 0.019022 0.019022
1 0.685674 0.732653 0.019022 0.019022
1 0.699345 0.730700 0.019022 0.019022
1 0.691533 0.717028 0.019022 0.019022
1 0.689580 0.703357 0.019022 0.019022
1 0.713017 0.713122 0.019022 0.019022
1 0.757939 0.726794 0.019022 0.019022
1 0.724736 0.730700 0.019022 0.019022
1 0.734502 0.724841 0.019022 0.019022
1 0.752080 0.763903 0.019022 0.019022
1 0.736455 0.763903 0.019022 0.019022
1 0.742314 0.781482 0.019022 0.019022
1 0.709111 0.793200 0.019022 0.019022
1 0.685674 0.787341 0.019022 0.019022
1 0.687627 0.763903 0.019022 0.019022
1 0.720830 0.758044 0.019022 0.019022
1 0.709111 0.758044 0.019022 0.019022
1 0.761845 0.744372 0.019022 0.019022
1 0.783330 0.744372 0.019022 0.019022
1 0.767705 0.785388 0.019022 0.019022
1 0.791142 0.765857 0.019022 0.019022
1 0.816533 0.758044 0.019022 0.019022
1 0.820439 0.738513 0.019022 0.019022
1 0.798955 0.715075 0.019022 0.019022
1 0.777470 0.713122 0.019022 0.019022
1 0.812627 0.705310 0.019022 0.019022
1 0.810674 0.689685 0.019022 0.019022
1 0.839970 0.703357 0.019022 0.019022
1 0.814580 0.724841 0.019022 0.019022
1 0.824345 0.717028 0.019022 0.019022
1 0.841924 0.726794 0.019022 0.019022
1 0.695439 0.828357 0.019022 0.019022
1 0.716924 0.857653 0.019022 0.019022
1 0.703252 0.869372 0.019022 0.019022
1 0.673955 0.816638 0.019022 0.019022
1 0.634892 0.855700 0.019022 0.019022
1 0.640752 0.830310 0.019022 0.019022
1 0.630986 0.824450 0.019022 0.019022
1 0.646611 0.806872 0.019022 0.019022
1 0.664189 0.791247 0.019022 0.019022
1 0.652470 0.773669 0.019022 0.019022
1 0.605595 0.840075 0.019022 0.019022
1 0.591924 0.838122 0.019022 0.019022
1 0.584111 0.863513 0.019022 0.019022
1 0.601689 0.861560 0.019022 0.019022
1 0.615361 0.873278 0.019022 0.019022
1 0.609502 0.818591 0.019022 0.019022
1 0.597783 0.806872 0.019022 0.019022
1 0.584111 0.804919 0.019022 0.019022
1 0.586064 0.789294 0.019022 0.019022
1 0.601689 0.783435 0.019022 0.019022
1 0.621220 0.775622 0.019022 0.019022
1 0.634892 0.789294 0.019022 0.019022
1 0.621220 0.802966 0.019022 0.019022
1 0.636845 0.761950 0.019022 0.019022
1 0.630986 0.744372 0.019022 0.019022
1 0.597783 0.750232 0.019022 0.019022
1 0.601689 0.736560 0.019022 0.019022
1 0.601689 0.713122 0.019022 0.019022
1 0.576299 0.732653 0.019022 0.019022
1 0.545049 0.734607 0.019022 0.019022
1 0.570439 0.756091 0.019022 0.019022
1 0.552861 0.777575 0.019022 0.019022
1 0.541142 0.765857 0.019022 0.019022
1 0.564580 0.795153 0.019022 0.019022
1 0.541142 0.816638 0.019022 0.019022
1 0.589970 0.765857 0.019022 0.019022
1 0.535283 0.797107 0.019022 0.019022
1 0.523564 0.783435 0.019022 0.019022
1 0.504033 0.758044 0.019022 0.019022
1 0.775517 0.759997 0.019022 0.019022
1 0.806767 0.752185 0.019022 0.019022
1 0.654424 0.582263 0.019022 0.019022
1 0.683720 0.580310 0.019022 0.019022
1 0.681767 0.554919 0.019022 0.019022
1 0.449345 0.756091 0.019022 0.019022
1 0.416142 0.924060 0.019022 0.019022
1 0.431767 0.910388 0.019022 0.019022
1 0.441533 0.881091 0.019022 0.019022
1 0.382939 0.738513 0.019022 0.019022
1 0.369267 0.748278 0.019022 0.019022
1 0.427861 0.744372 0.019022 0.019022
1 0.664189 0.847888 0.019022 0.019022
1 0.470830 0.754138 0.019022 0.019022
1 0.482549 0.750232 0.019022 0.019022
1 0.478642 0.773669 0.019022 0.019022
1 0.490361 0.773669 0.019022 0.019022
1 0.507939 0.777575 0.019022 0.019022
1 0.484502 0.795153 0.019022 0.019022
1 0.474736 0.810778 0.019022 0.019022
1 0.496220 0.826403 0.019022 0.019022
1 0.482549 0.826403 0.019022 0.019022
1 0.515752 0.816638 0.019022 0.019022
1 0.496220 0.806872 0.019022 0.019022
1 0.476689 0.869372 0.019022 0.019022
1 0.488408 0.859607 0.019022 0.019022
1 0.447392 0.853747 0.019022 0.019022
1 0.461064 0.859607 0.019022 0.019022
1 0.439580 0.843982 0.019022 0.019022
1 0.490361 0.947497 0.019022 0.019022
1 0.490361 0.967028 0.019022 0.019022
1 0.509892 0.947497 0.019022 0.019022
1 0.519658 0.972888 0.019022 0.019022
1 0.548955 0.968982 0.019022 0.019022
1 0.535283 0.988513 0.019022 0.019022
1 0.509892 0.980700 0.019022 0.019022
1 0.508078 0.994131 0.013131 0.013131
1 0.564599 0.991314 0.017700 0.017700
1 0.580205 0.982653 0.019022 0.019022
1 0.605595 0.980700 0.019022 0.019022
1 0.617358 0.992340 0.016418 0.016418
1 0.654424 0.972888 0.019022 0.019022
1 0.677861 0.972888 0.019022 0.019022
1 0.662317 0.993253 0.014866 0.014866
1 0.658330 0.935778 0.019022 0.019022
1 0.644658 0.933825 0.019022 0.019022
1 0.632939 0.918200 0.019022 0.019022
1 0.617314 0.931872 0.019022 0.019022
1 0.599736 0.920153 0.019022 0.019022
1 0.593877 0.947497 0.019022 0.019022
1 0.576299 0.951403 0.019022 0.019022
1 0.531377 0.935778 0.019022 0.019022
1 0.539189 0.926013 0.019022 0.019022
1 0.550908 0.926013 0.019022 0.019022
1 0.560674 0.937732 0.019022 0.019022
1 0.826299 0.953357 0.019022 0.019022
1 0.726770 0.993253 0.014866 0.014866
1 0.736455 0.972888 0.019022 0.019022
1 0.761845 0.976794 0.019022 0.019022
1 0.767844 0.994131 0.013131 0.013131
1 0.787480 0.994932 0.011129 0.011129
1 0.808720 0.965075 0.019022 0.019022
1 0.798955 0.951403 0.019022 0.019022
1 0.838017 0.965075 0.019022 0.019022
1 0.857549 0.967028 0.019022 0.019022
1 0.869267 0.957263 0.019022 0.019022
1 0.849980 0.994932 0.011129 0.011129
1 0.830248 0.992340 0.016418 0.016418
1 0.818486 0.988513 0.019022 0.019022
1 0.634892 0.890857 0.019022 0.019022
1 0.711064 0.959216 0.019022 0.019022
1 0.728642 0.937732 0.019022 0.019022
1 0.740361 0.935778 0.019022 0.019022
1 0.750127 0.920153 0.019022 0.019022
1 0.765752 0.927966 0.019022 0.019022
1 0.779424 0.929919 0.019022 0.019022
1 0.787236 0.918200 0.019022 0.019022
1 0.773564 0.949450 0.019022 0.019022
1 0.759892 0.947497 0.019022 0.019022
1 0.699345 0.937732 0.019022 0.019022
1 0.691533 0.929919 0.019022 0.019022
1 0.677861 0.927966 0.019022 0.019022
1 0.666142 0.908435 0.019022 0.019022
1 0.646611 0.910388 0.019022 0.019022
1 0.654424 0.890857 0.019022 0.019022
1 0.613408 0.898669 0.019022 0.019022
1 0.586064 0.902575 0.019022 0.019022
1 0.761845 0.263903 0.019022 0.019022
1 0.826299 0.359607 0.019022 0.019022
1 0.670049 0.334216 0.019022 0.019022
1 0.630986 0.357653 0.019022 0.019022
1 0.619267 0.371325 0.019022 0.019022
1 0.619267 0.390857 0.019022 0.019022
1 0.634892 0.390857 0.019022 0.019022
1 0.634892 0.410388 0.019022 0.019022
1 0.650517 0.412341 0.019022 0.019022
1 0.658330 0.422107 0.019022 0.019022
1 0.679814 0.420153 0.019022 0.019022
1 0.703252 0.406482 0.019022 0.019022
1 0.699345 0.433825 0.019022 0.019022
1 0.716924 0.439685 0.019022 0.019022
1 0.695439 0.463122 0.019022 0.019022
1 0.668095 0.455310 0.019022 0.019022
1 0.670049 0.486560 0.019022 0.019022
1 0.722783 0.474841 0.019022 0.019022
1 0.738408 0.492419 0.019022 0.019022
1 0.750127 0.472888 0.019022 0.019022
1 0.761845 0.459216 0.019022 0.019022
1 0.775517 0.443591 0.019022 0.019022
1 0.752080 0.422107 0.019022 0.019022
1 0.730595 0.427966 0.019022 0.019022
1 0.738408 0.414294 0.019022 0.019022
1 0.744267 0.400622 0.019022 0.019022
1 0.759892 0.408435 0.019022 0.019022
1 0.761845 0.388903 0.019022 0.019022
1 0.728642 0.388903 0.019022 0.019022
1 0.724736 0.406482 0.019022 0.019022
1 0.718877 0.363513 0.019022 0.019022
1 0.722783 0.345935 0.019022 0.019022
1 0.740361 0.353747 0.019022 0.019022
1 0.750127 0.369372 0.019022 0.019022
1 0.765752 0.334216 0.019022 0.019022
1 0.746220 0.318591 0.019022 0.019022
1 0.728642 0.328357 0.019022 0.019022
1 0.687627 0.299060 0.019022 0.019022
1 0.699345 0.289294 0.019022 0.019022
1 0.707158 0.275622 0.019022 0.019022
1 0.732549 0.261950 0.019022 0.019022
1 0.732549 0.240466 0.019022 0.019022
1 0.748174 0.232653 0.019022 0.019022
1 0.777470 0.283435 0.019022 0.019022
1 0.791142 0.297107 0.019022 0.019022
1 0.793095 0.318591 0.019022 0.019022
1 0.783330 0.330310 0.019022 0.019022
1 0.795049 0.351794 0.019022 0.019022
1 0.810674 0.351794 0.019022 0.019022
1 0.802861 0.332263 0.019022 0.019022
1 0.783330 0.363513 0.019022 0.019022
1 0.802861 0.383044 0.019022 0.019022
1 0.818486 0.377185 0.019022 0.019022
1 0.824345 0.336169 0.019022 0.019022
1 0.814580 0.308825 0.019022 0.019022
1 0.797002 0.265857 0.019022 0.019022
1 0.804814 0.222888 0.019022 0.019022
1 0.822392 0.271716 0.019022 0.019022
1 0.828252 0.287341 0.019022 0.019022
1 0.836064 0.267810 0.019022 0.019022
1 0.847783 0.277575 0.019022 0.019022
1 0.851689 0.256091 0.019022 0.019022
1 0.861455 0.244372 0.019022 0.019022
1 0.875127 0.252185 0.019022 0.019022
1 0.890752 0.222888 0.019022 0.019022
1 0.892705 0.193591 0.019022 0.019022
1 0.859502 0.207263 0.019022 0.019022
1 0.843877 0.193591 0.019022 0.019022
1 0.806767 0.195544 0.019022 0.019022
1 0.793095 0.205310 0.019022 0.019022
1 0.789189 0.191638 0.019022 0.019022
1 0.761845 0.203357 0.019022 0.019022
1 0.738408 0.217028 0.019022 0.019022
1 0.740361 0.189685 0.019022 0.019022
1 0.713017 0.203357 0.019022 0.019022
1 0.685674 0.269763 0.019022 0.019022
1 0.677861 0.289294 0.019022 0.019022
1 0.656377 0.271716 0.019022 0.019022
1 0.673955 0.277575 0.019022 0.019022
1 0.646611 0.285388 0.019022 0.019022
1 0.629033 0.271716 0.019022 0.019022
1 0.666142 0.232653 0.019022 0.019022
1 0.636845 0.240466 0.019022 0.019022
1 0.619267 0.256091 0.019022 0.019022
1 0.619267 0.279528 0.019022 0.019022
1 0.619267 0.302966 0.019022 0.019022
1 0.586064 0.326403 0.019022 0.019022
1 0.548955 0.318591 0.019022 0.019022
1 0.570439 0.357653 0.019022 0.019022
1 0.558720 0.373278 0.019022 0.019022
1 0.572392 0.383044 0.019022 0.019022
1 0.597783 0.383044 0.019022 0.019022
1 0.599736 0.406482 0.019022 0.019022
1 0.578252 0.424060 0.019022 0.019022
1 0.556767 0.408435 0.019022 0.019022
1 0.586064 0.449450 0.019022 0.019022
1 0.576299 0.474841 0.019022 0.019022
1 0.605595 0.478747 0.019022 0.019022
1 0.613408 0.459216 0.019022 0.019022
1 0.625127 0.437732 0.019022 0.019022
1 0.761845 0.490466 0.019022 0.019022
1 0.785283 0.500232 0.019022 0.019022
1 0.802861 0.437732 0.019022 0.019022
1 0.783330 0.426013 0.019022 0.019022
1 0.791142 0.412341 0.019022 0.019022
1 0.773564 0.416247 0.019022 0.019022
1 0.822392 0.414294 0.019022 0.019022
1 0.839970 0.400622 0.019022 0.019022
1 0.824345 0.433825 0.019022 0.019022
1 0.834111 0.451403 0.019022 0.019022
1 0.847783 0.439685 0.019022 0.019022
1 0.859502 0.449450 0.019022 0.019022
1 0.869267 0.492419 0.019022 0.019022
1 0.861455 0.504138 0.019022 0.019022
1 0.912236 0.498278 0.019022 0.019022
1 0.886845 0.455310 0.019022 0.019022
1 0.873174 0.426013 0.019022 0.019022
1 0.853642 0.424060 0.019022 0.019022
1 0.867314 0.373278 0.019022 0.019022
1 0.879033 0.404528 0.019022 0.019022
1 0.886845 0.388903 0.019022 0.019022
1 0.908330 0.408435 0.019022 0.019022
1 0.920049 0.386950 0.019022 0.019022
1 0.910283 0.365466 0.019022 0.019022
1 0.890752 0.363513 0.019022 0.019022
1 0.886845 0.353747 0.019022 0.019022
1 0.857549 0.373278 0.019022 0.019022
1 0.841924 0.326403 0.019022 0.019022
1 0.836064 0.306872 0.019022 0.019022
1 0.857549 0.316638 0.019022 0.019022
1 0.898564 0.304919 0.019022 0.019022
1 0.548955 0.209216 0.019022 0.019022
1 0.791142 0.240466 0.019022 0.019022
1 0.810674 0.244372 0.019022 0.019022
1 0.826299 0.222888 0.019022 0.019022
1 0.834111 0.215075 0.019022 0.019022
1 0.828252 0.248278 0.019022 0.019022
1 0.845830 0.242419 0.019022 0.019022
1 0.896611 0.263903 0.019022 0.019022
1 0.910283 0.207263 0.019022 0.019022
1 0.910283 0.185778 0.019022 0.019022
1 0.920049 0.177966 0.019022 0.019022
1 0.707158 0.226794 0.019022 0.019022
1 0.693486 0.236560 0.019022 0.019022
1 0.699345 0.254138 0.019022 0.019022
1 0.672002 0.258044 0.019022 0.019022
1 0.648564 0.258044 0.019022 0.019022
1 0.808720 0.484607 0.019022 0.019022
1 0.818486 0.467028 0.019022 0.019022
1 0.798955 0.453357 0.019022 0.019022
1 0.857549 0.468982 0.019022 0.019022
1 0.838017 0.480700 0.019022 0.019022
1 0.886845 0.488513 0.019022 0.019022
1 0.904424 0.472888 0.019022 0.019022
1 0.888799 0.468982 0.019022 0.019022
1 0.884892 0.437732 0.019022 0.019022
1 0.900517 0.392810 0.019022 0.019022
1 0.900517 0.424060 0.019022 0.019022
1 0.927861 0.365466 0.019022 0.019022
1 0.875127 0.342028 0.019022 0.019022
1 0.896611 0.336169 0.019022 0.019022
1 0.841924 0.357653 0.019022 0.019022
1 0.884892 0.310778 0.019022 0.019022
1 0.916142 0.334216 0.019022 0.019022
1 0.923955 0.320544 0.019022 0.019022
1 0.922002 0.217028 0.019022 0.019022
1 0.927861 0.254138 0.019022 0.019022
1 0.929814 0.275622 0.019022 0.019022
1 0.933720 0.302966 0.019022 0.019022
1 0.949345 0.301013 0.019022 0.019022
1 0.947392 0.318591 0.019022 0.019022
1 0.961064 0.306872 0.019022 0.019022
1 0.972783 0.316638 0.019022 0.019022
1 0.982549 0.336169 0.019022 0.019022
1 0.963017 0.353747 0.019022 0.019022
1 0.947392 0.377185 0.019022 0.019022
1 0.931767 0.424060 0.019022 0.019022
1 0.918095 0.445544 0.019022 0.019022
1 0.922002 0.480700 0.019022 0.019022
1 0.935674 0.488513 0.019022 0.019022
1 0.949345 0.484607 0.019022 0.019022
1 0.968877 0.482653 0.019022 0.019022
1 0.980595 0.494372 0.019022 0.019022
1 0.984502 0.467028 0.019022 0.019022
1 0.996354 0.450195 0.006969 0.006969
1 0.980595 0.433825 0.019022 0.019022
1 0.964970 0.443591 0.019022 0.019022
1 0.955205 0.420153 0.019022 0.019022
1 0.943486 0.449450 0.019022 0.019022
1 0.945439 0.468982 0.019022 0.019022
1 0.989874 0.420111 0.018505 0.018505
1 0.982549 0.400622 0.019022 0.019022
1 0.993998 0.379272 0.013315 0.013315
1 0.976689 0.373278 0.019022 0.019022
1 0.988408 0.363513 0.019022 0.019022
1 0.991039 0.349820 0.017562 0.017562
1 0.993126 0.310834 0.015028 0.015028
1 0.984502 0.295153 0.019022 0.019022
1 0.986455 0.277575 0.019022 0.019022
1 0.995554 0.268341 0.009219 0.009219
1 0.986455 0.252185 0.019022 0.019022
1 0.996354 0.252930 0.006969 0.006969
1 0.996354 0.233398 0.006969 0.006969
1 0.993998 0.215209 0.013315 0.013315
1 0.976689 0.226794 0.019022 0.019022
1 0.972783 0.207263 0.019022 0.019022
1 0.959111 0.191638 0.019022 0.019022
1 0.939580 0.193591 0.019022 0.019022
1 0.945439 0.177966 0.019022 0.019022
1 0.931767 0.164294 0.019022 0.019022
1 0.941533 0.148669 0.019022 0.019022
1 0.957158 0.134997 0.019022 0.019022
1 0.978642 0.142810 0.019022 0.019022
1 0.993998 0.156616 0.013315 0.013315
1 0.982549 0.179919 0.019022 0.019022
1 0.984502 0.119372 0.019022 0.019022
1 0.993998 0.098022 0.013315 0.013315
1 0.966924 0.095935 0.019022 0.019022
1 0.951299 0.090075 0.019022 0.019022
1 0.929814 0.097888 0.019022 0.019022
1 0.916142 0.113513 0.019022 0.019022
1 0.918095 0.138903 0.019022 0.019022
1 0.943486 0.074450 0.019022 0.019022
1 0.963017 0.072497 0.019022 0.019022
1 0.966924 0.052966 0.019022 0.019022
1 0.970830 0.043200 0.019022 0.019022
1 0.976689 0.060778 0.019022 0.019022
1 0.989874 0.058783 0.018505 0.018505
1 0.991039 0.047085 0.017562 0.017562
1 0.986455 0.029528 0.019022 0.019022
1 0.976689 0.019763 0.019022 0.019022
1 0.732549 0.121325 0.019022 0.019022
1 0.996354 0.020508 0.006969 0.006969
1 0.986328 0.004943 0.015427 0.015427
1 0.972656 0.004006 0.013763 0.013763
1 0.957031 0.002262 0.009606 0.009606
1 0.957158 0.017810 0.019022 0.019022
1 0.935674 0.037341 0.019022 0.019022
1 0.906377 0.056872 0.019022 0.019022
1 0.906377 0.084216 0.019022 0.019022
1 0.894658 0.138903 0.019022 0.019022
1 0.896611 0.146716 0.019022 0.019022
1 0.896611 0.160388 0.019022 0.019022
1 0.873174 0.148669 0.019022 0.019022
1 0.830205 0.174060 0.019022 0.019022
1 0.810674 0.174060 0.019022 0.019022
1 0.795049 0.176013 0.019022 0.019022
1 0.775517 0.160388 0.019022 0.019022
1 0.761845 0.158435 0.019022 0.019022
1 0.763799 0.176013 0.019022 0.019022
1 0.748174 0.172107 0.019022 0.019022
1 0.720830 0.160388 0.019022 0.019022
1 0.716924 0.179919 0.019022 0.019022
1 0.769658 0.134997 0.019022 0.019022
1 0.787236 0.136950 0.019022 0.019022
1 0.808720 0.152575 0.019022 0.019022
1 0.839970 0.131091 0.019022 0.019022
1 0.857549 0.121325 0.019022 0.019022
1 0.847783 0.095935 0.019022 0.019022
1 0.879033 0.107653 0.019022 0.019022
1 0.880986 0.092028 0.019022 0.019022
1 0.849736 0.054919 0.019022 0.019022
1 0.838017 0.051013 0.019022 0.019022
1 0.830205 0.064685 0.019022 0.019022
1 0.816533 0.045153 0.019022 0.019022
1 0.822392 0.021716 0.019022 0.019022
1 0.857549 0.017810 0.019022 0.019022
1 0.890752 0.025622 0.019022 0.019022
1 0.787236 0.009997 0.019022 0.019022
1 0.761845 0.009997 0.019022 0.019022
1 0.726562 0.005983 0.016784 0.016784
1 0.750127 0.027575 0.019022 0.019022
1 0.757939 0.039294 0.019022 0.019022
1 0.746220 0.039294 0.019022 0.019022
1 0.736455 0.045153 0.019022 0.019022
1 0.752080 0.060778 0.019022 0.019022
1 0.752080 0.078357 0.019022 0.019022
1 0.757939 0.093982 0.019022 0.019022
1 0.769658 0.092028 0.019022 0.019022
1 0.779424 0.066638 0.019022 0.019022
1 0.797002 0.052966 0.019022 0.019022
1 0.797002 0.080310 0.019022 0.019022
1 0.808720 0.076403 0.019022 0.019022
1 0.791142 0.101794 0.019022 0.019022
1 0.814580 0.097888 0.019022 0.019022
1 0.808720 0.121325 0.019022 0.019022
1 0.752080 0.117419 0.019022 0.019022
1 0.601689 0.252185 0.019022 0.019022
1 0.588017 0.265857 0.019022 0.019022
1 0.578252 0.256091 0.019022 0.019022
1 0.576299 0.269763 0.019022 0.019022
1 0.572392 0.273669 0.019022 0.019022
1 0.554814 0.265857 0.019022 0.019022
1 0.554814 0.248278 0.019022 0.019022
1 0.543095 0.259997 0.019022 0.019022
1 0.552861 0.232653 0.019022 0.019022
1 0.568486 0.207263 0.019022 0.019022
1 0.568486 0.220935 0.019022 0.019022
1 0.580205 0.234607 0.019022 0.019022
1 0.591924 0.236560 0.019022 0.019022
1 0.595830 0.218982 0.019022 0.019022
1 0.586064 0.209216 0.019022 0.019022
1 0.593877 0.195544 0.019022 0.019022
1 0.574345 0.191638 0.019022 0.019022
1 0.615361 0.226794 0.019022 0.019022
1 0.629033 0.217028 0.019022 0.019022
1 0.658330 0.205310 0.019022 0.019022
1 0.668095 0.185778 0.019022 0.019022
1 0.662236 0.176013 0.019022 0.019022
1 0.629033 0.140857 0.019022 0.019022
1 0.623174 0.129138 0.019022 0.019022
1 0.611455 0.138903 0.019022 0.019022
1 0.650517 0.125232 0.019022 0.019022
1 0.660283 0.117419 0.019022 0.019022
1 0.673955 0.131091 0.019022 0.019022
1 0.670049 0.140857 0.019022 0.019022
1 0.693486 0.144763 0.019022 0.019022
1 0.705205 0.150622 0.019022 0.019022
1 0.695439 0.129138 0.019022 0.019022
1 0.713017 0.129138 0.019022 0.019022
1 0.722783 0.107653 0.019022 0.019022
1 0.740361 0.101794 0.019022 0.019022
1 0.720830 0.093982 0.019022 0.019022
1 0.699345 0.078357 0.019022 0.019022
1 0.699345 0.103747 0.019022 0.019022
1 0.681767 0.064685 0.019022 0.019022
1 0.533330 0.240466 0.019022 0.019022
1 0.586064 0.177966 0.019022 0.019022
1 0.629033 0.177966 0.019022 0.019022
1 0.634892 0.158435 0.019022 0.019022
1 0.672002 0.092028 0.019022 0.019022
1 0.705205 0.043200 0.019022 0.019022
1 0.693486 0.029528 0.019022 0.019022
1 0.695439 0.009997 0.019022 0.019022
1 0.677861 0.013903 0.019022 0.019022
1 0.664189 0.045153 0.019022 0.019022
1 0.652470 0.064685 0.019022 0.019022
1 0.644658 0.078357 0.019022 0.019022
1 0.634892 0.092028 0.019022 0.019022
1 0.629033 0.076403 0.019022 0.019022
1 0.619267 0.066638 0.019022 0.019022
1 0.630986 0.052966 0.019022 0.019022
1 0.623174 0.031482 0.019022 0.019022
1 0.648564 0.025622 0.019022 0.019022
1 0.626953 0.004006 0.013763 0.013763
1 0.591797 0.008276 0.018830 0.018830
1 0.586064 0.021716 0.019022 0.019022
1 0.597783 0.037341 0.019022 0.019022
1 0.607549 0.051013 0.019022 0.019022
1 0.580205 0.043200 0.019022 0.019022
1 0.584111 0.076403 0.019022 0.019022
1 0.611455 0.097888 0.019022 0.019022
1 0.580205 0.097888 0.019022 0.019022
1 0.588017 0.117419 0.019022 0.019022
1 0.566533 0.117419 0.019022 0.019022
1 0.556767 0.101794 0.019022 0.019022
1 0.547002 0.109607 0.019022 0.019022
1 0.552861 0.123278 0.019022 0.019022
1 0.537236 0.097888 0.019022 0.019022
1 0.539189 0.070544 0.019022 0.019022
1 0.562627 0.068591 0.019022 0.019022
1 0.547002 0.043200 0.019022 0.019022
1 0.542969 0.005983 0.016784 0.016784
1 0.525517 0.015857 0.019022 0.019022
1 0.525517 0.039294 0.019022 0.019022
1 0.517705 0.045153 0.019022 0.019022
1 0.523564 0.058825 0.019022 0.019022
1 0.513799 0.076403 0.019022 0.019022
1 0.523564 0.090075 0.019022 0.019022
1 0.507939 0.097888 0.019022 0.019022
1 0.494267 0.099841 0.019022 0.019022
1 0.474736 0.111560 0.019022 0.019022
1 0.496220 0.080310 0.019022 0.019022
1 0.494267 0.058825 0.019022 0.019022
1 0.484502 0.043200 0.019022 0.019022
1 0.496220 0.031482 0.019022 0.019022
1 0.490361 0.009997 0.019022 0.019022
1 0.474736 0.031482 0.019022 0.019022
1 0.461064 0.027575 0.019022 0.019022
1 0.449345 0.013903 0.019022 0.019022
1 0.464970 0.049060 0.019022 0.019022
1 0.455205 0.070544 0.019022 0.019022
1 0.464970 0.090075 0.019022 0.019022
1 0.496220 0.125232 0.019022 0.019022
1 0.482549 0.134997 0.019022 0.019022
1 0.494267 0.154528 0.019022 0.019022
1 0.521611 0.150622 0.019022 0.019022
1 0.529424 0.131091 0.019022 0.019022
1 0.511845 0.172107 0.019022 0.019022
1 0.547002 0.185778 0.019022 0.019022
1 0.558720 0.172107 0.019022 0.019022
1 0.527470 0.218982 0.019022 0.019022
1 0.509892 0.240466 0.019022 0.019022
1 0.519658 0.252185 0.019022 0.019022
1 0.482549 0.273669 0.019022 0.019022
1 0.570439 0.299060 0.019022 0.019022
1 0.552861 0.297107 0.019022 0.019022
1 0.525517 0.172107 0.019022 0.019022
1 0.509892 0.195544 0.019022 0.019022
1 0.513799 0.218982 0.019022 0.019022
1 0.505986 0.269763 0.019022 0.019022
1 0.529424 0.318591 0.019022 0.019022
1 0.515752 0.302966 0.019022 0.019022
1 0.529424 0.293200 0.019022 0.019022
1 0.504033 0.310778 0.019022 0.019022
1 0.484502 0.299060 0.019022 0.019022
1 0.476689 0.318591 0.019022 0.019022
1 0.492314 0.334216 0.019022 0.019022
1 0.459111 0.293200 0.019022 0.019022
1 0.459111 0.271716 0.019022 0.019022
1 0.459111 0.261950 0.019022 0.019022
1 0.470830 0.244372 0.019022 0.019022
1 0.453252 0.226794 0.019022 0.019022
1 0.482549 0.215075 0.019022 0.019022
1 0.478642 0.193591 0.019022 0.019022
1 0.490361 0.195544 0.019022 0.019022
1 0.478642 0.172107 0.019022 0.019022
1 0.453252 0.189685 0.019022 0.019022
1 0.451299 0.179919 0.019022 0.019022
1 0.449345 0.164294 0.019022 0.019022
1 0.431767 0.205310 0.019022 0.019022
1 0.418095 0.013903 0.019022 0.019022
1 0.410283 0.187732 0.019022 0.019022
1 0.416142 0.172107 0.019022 0.019022
1 0.427861 0.164294 0.019022 0.019022
1 0.420049 0.142810 0.019022 0.019022
1 0.396611 0.138903 0.019022 0.019022
1 0.422002 0.121325 0.019022 0.019022
1 0.431767 0.109607 0.019022 0.019022
1 0.447392 0.125232 0.019022 0.019022
1 0.451299 0.138903 0.019022 0.019022
1 0.463017 0.146716 0.019022 0.019022
1 0.463017 0.125232 0.019022 0.019022
1 0.425908 0.086169 0.019022 0.019022
1 0.433720 0.068591 0.019022 0.019022
1 0.414189 0.066638 0.019022 0.019022
1 0.404424 0.084216 0.019022 0.019022
1 0.402470 0.107653 0.019022 0.019022
1 0.386845 0.095935 0.019022 0.019022
1 0.388799 0.115466 0.019022 0.019022
1 0.363408 0.107653 0.019022 0.019022
1 0.353642 0.133044 0.019022 0.019022
1 0.351689 0.148669 0.019022 0.019022
1 0.361455 0.160388 0.019022 0.019022
1 0.347783 0.183825 0.019022 0.019022
1 0.363408 0.201403 0.019022 0.019022
1 0.377080 0.217028 0.019022 0.019022
1 0.390752 0.205310 0.019022 0.019022
1 0.386845 0.176013 0.019022 0.019022
1 0.414189 0.238513 0.019022 0.019022
1 0.431767 0.242419 0.019022 0.019022
1 0.441533 0.263903 0.019022 0.019022
1 0.425908 0.265857 0.019022 0.019022
1 0.437627 0.279528 0.019022 0.019022
1 0.445439 0.252185 0.019022 0.019022
1 0.416142 0.322497 0.019022 0.019022
1 0.871220 0.228747 0.019022 0.019022
1 0.820439 0.187732 0.019022 0.019022
1 0.937627 0.285388 0.019022 0.019022
1 0.879033 0.174060 0.019022 0.019022
1 0.851689 0.172107 0.019022 0.019022
1 0.824345 0.140857 0.019022 0.019022
1 0.869267 0.084216 0.019022 0.019022
1 0.435674 0.306872 0.019022 0.019022
1 0.439580 0.322497 0.019022 0.019022
1 0.443486 0.340075 0.019022 0.019022
1 0.453252 0.351794 0.019022 0.019022
1 0.464970 0.343982 0.019022 0.019022
1 0.478642 0.343982 0.019022 0.019022
1 0.502080 0.361560 0.019022 0.019022
1 0.523564 0.353747 0.019022 0.019022
1 0.543095 0.363513 0.019022 0.019022
1 0.537236 0.381091 0.019022 0.019022
1 0.527470 0.381091 0.019022 0.019022
1 0.531377 0.406482 0.019022 0.019022
1 0.515752 0.426013 0.019022 0.019022
1 0.505986 0.431872 0.019022 0.019022
1 0.492314 0.422107 0.019022 0.019022
1 0.505986 0.412341 0.019022 0.019022
1 0.496220 0.388903 0.019022 0.019022
1 0.478642 0.375232 0.019022 0.019022
1 0.464970 0.388903 0.019022 0.019022
1 0.463017 0.406482 0.019022 0.019022
1 0.476689 0.420153 0.019022 0.019022
1 0.480595 0.433825 0.019022 0.019022
1 0.463017 0.447497 0.019022 0.019022
1 0.439580 0.441638 0.019022 0.019022
1 0.427861 0.433825 0.019022 0.019022
1 0.437627 0.424060 0.019022 0.019022
1 0.449345 0.412341 0.019022 0.019022
1 0.447392 0.392810 0.019022 0.019022
1 0.437627 0.396716 0.019022 0.019022
1 0.423955 0.406482 0.019022 0.019022
1 0.420049 0.392810 0.019022 0.019022
1 0.404424 0.381091 0.019022 0.019022
1 0.394658 0.371325 0.019022 0.019022
1 0.408330 0.357653 0.019022 0.019022
1 0.420049 0.369372 0.019022 0.019022
1 0.433720 0.373278 0.019022 0.019022
1 0.439580 0.361560 0.019022 0.019022
1 0.457158 0.371325 0.019022 0.019022
1 0.396611 0.340075 0.019022 0.019022
1 0.384892 0.314685 0.019022 0.019022
1 0.412236 0.285388 0.019022 0.019022
1 0.398564 0.275622 0.019022 0.019022
1 0.388799 0.279528 0.019022 0.019022
1 0.386845 0.263903 0.019022 0.019022
1 0.359502 0.285388 0.019022 0.019022
1 0.334111 0.289294 0.019022 0.019022
1 0.312627 0.302966 0.019022 0.019022
1 0.345830 0.316638 0.019022 0.019022
1 0.312627 0.334216 0.019022 0.019022
1 0.293095 0.343982 0.019022 0.019022
1 0.353642 0.242419 0.019022 0.019022
1 0.322392 0.259997 0.019022 0.019022
1 0.332158 0.238513 0.019022 0.019022
1 0.351689 0.218982 0.019022 0.019022
1 0.338017 0.205310 0.019022 0.019022
1 0.312627 0.199450 0.019022 0.019022
1 0.306767 0.170153 0.019022 0.019022
1 0.316533 0.148669 0.019022 0.019022
1 0.312627 0.220935 0.019022 0.019022
1 0.302861 0.238513 0.019022 0.019022
1 0.291142 0.220935 0.019022 0.019022
1 0.283330 0.207263 0.019022 0.019022
1 0.275517 0.234607 0.019022 0.019022
1 0.283330 0.259997 0.019022 0.019022
1 0.269658 0.265857 0.019022 0.019022
1 0.277470 0.293200 0.019022 0.019022
1 0.252080 0.293200 0.019022 0.019022
1 0.248174 0.279528 0.019022 0.019022
1 0.232549 0.265857 0.019022 0.019022
1 0.248174 0.256091 0.019022 0.019022
1 0.248174 0.242419 0.019022 0.019022
1 0.254033 0.220935 0.019022 0.019022
1 0.261845 0.205310 0.019022 0.019022
1 0.242314 0.195544 0.019022 0.019022
1 0.244267 0.174060 0.019022 0.019022
1 0.224736 0.179919 0.019022 0.019022
1 0.222783 0.205310 0.019022 0.019022
1 0.197392 0.211169 0.019022 0.019022
1 0.234502 0.158435 0.019022 0.019022
1 0.254033 0.156482 0.019022 0.019022
1 0.273564 0.166247 0.019022 0.019022
1 0.281377 0.183825 0.019022 0.019022
1 0.291142 0.158435 0.019022 0.019022
1 0.277470 0.148669 0.019022 0.019022
1 0.273564 0.136950 0.019022 0.019022
1 0.289189 0.131091 0.019022 0.019022
1 0.302861 0.121325 0.019022 0.019022
1 0.289189 0.113513 0.019022 0.019022
1 0.273564 0.113513 0.019022 0.019022
1 0.310674 0.095935 0.019022 0.019022
1 0.318486 0.117419 0.019022 0.019022
1 0.334111 0.113513 0.019022 0.019022
1 0.339970 0.093982 0.019022 0.019022
1 0.351689 0.107653 0.019022 0.019022
1 0.361455 0.080310 0.019022 0.019022
1 0.388799 0.070544 0.019022 0.019022
1 0.379033 0.052966 0.019022 0.019022
1 0.402470 0.045153 0.019022 0.019022
1 0.431767 0.039294 0.019022 0.019022
1 0.425908 0.029528 0.019022 0.019022
1 0.380986 0.021716 0.019022 0.019022
1 0.371220 0.027575 0.019022 0.019022
1 0.351689 0.027575 0.019022 0.019022
1 0.353642 0.049060 0.019022 0.019022
1 0.339970 0.068591 0.019022 0.019022
1 0.326299 0.080310 0.019022 0.019022
1 0.312627 0.072497 0.019022 0.019022
1 0.314580 0.056872 0.019022 0.019022
1 0.314580 0.035388 0.019022 0.019022
1 0.324345 0.011950 0.019022 0.019022
1 0.277470 0.043200 0.019022 0.019022
1 0.275517 0.066638 0.019022 0.019022
1 0.279424 0.088122 0.019022 0.019022
1 0.257939 0.086169 0.019022 0.019022
1 0.242314 0.084216 0.019022 0.019022
1 0.244267 0.064685 0.019022 0.019022
1 0.248174 0.043200 0.019022 0.019022
1 0.250127 0.013903 0.019022 0.019022
1 0.283203 0.008276 0.018830 0.018830
1 0.298955 0.011950 0.019022 0.019022
1 0.224736 0.013903 0.019022 0.019022
1 0.226689 0.043200 0.019022 0.019022
1 0.214970 0.070544 0.019022 0.019022
1 0.211064 0.097888 0.019022 0.019022
1 0.222783 0.113513 0.019022 0.019022
1 0.246220 0.127185 0.019022 0.019022
1 0.250127 0.113513 0.019022 0.019022
1 0.207158 0.129138 0.019022 0.019022
1 0.214970 0.140857 0.019022 0.019022
1 0.189580 0.166247 0.019022 0.019022
1 0.172002 0.172107 0.019022 0.019022
1 0.144658 0.148669 0.019022 0.019022
1 0.166142 0.136950 0.019022 0.019022
1 0.152470 0.123278 0.019022 0.019022
1 0.173955 0.127185 0.019022 0.019022
1 0.150517 0.103747 0.019022 0.019022
1 0.150517 0.078357 0.019022 0.019022
1 0.173955 0.086169 0.019022 0.019022
1 0.187627 0.097888 0.019022 0.019022
1 0.179814 0.064685 0.019022 0.019022
1 0.166142 0.045153 0.019022 0.019022
1 0.183720 0.043200 0.019022 0.019022
1 0.203252 0.043200 0.019022 0.019022
1 0.152470 0.027575 0.019022 0.019022
1 0.130986 0.029528 0.019022 0.019022
1 0.132939 0.009997 0.019022 0.019022
1 0.144658 0.054919 0.019022 0.019022
1 0.156377 0.066638 0.019022 0.019022
1 0.132939 0.062732 0.019022 0.019022
1 0.115361 0.060778 0.019022 0.019022
1 0.091924 0.051013 0.019022 0.019022
1 0.101689 0.080310 0.019022 0.019022
1 0.119267 0.076403 0.019022 0.019022
1 0.129033 0.090075 0.019022 0.019022
1 0.115361 0.117419 0.019022 0.019022
1 0.089970 0.103747 0.019022 0.019022
1 0.064580 0.097888 0.019022 0.019022
1 0.078252 0.072497 0.019022 0.019022
1 0.066533 0.052966 0.019022 0.019022
1 0.056767 0.039294 0.019022 0.019022
1 0.056767 0.019763 0.019022 0.019022
1 0.072392 0.023669 0.019022 0.019022
1 0.064453 0.007092 0.017904 0.017904
1 0.088017 0.025622 0.019022 0.019022
1 0.103516 0.007092 0.017904 0.017904
1 0.025517 0.023669 0.019022 0.019022
1 0.008374 0.007109 0.017353 0.017353
1 0.027470 0.074450 0.019022 0.019022
1 0.037236 0.095935 0.019022 0.019022
1 0.035283 0.123278 0.019022 0.019022
1 0.088017 0.127185 0.019022 0.019022
1 0.089970 0.148669 0.019022 0.019022
1 0.101689 0.146716 0.019022 0.019022
1 0.125127 0.154528 0.019022 0.019022
1 0.115361 0.172107 0.019022 0.019022
1 0.127080 0.183825 0.019022 0.019022
1 0.144658 0.179919 0.019022 0.019022
1 0.140752 0.205310 0.019022 0.019022
1 0.156377 0.222888 0.019022 0.019022
1 0.152470 0.234607 0.019022 0.019022
1 0.103642 0.217028 0.019022 0.019022
1 0.084111 0.177966 0.019022 0.019022
1 0.072392 0.156482 0.019022 0.019022
1 0.050908 0.154528 0.019022 0.019022
1 0.035283 0.138903 0.019022 0.019022
1 0.017705 0.129138 0.019022 0.019022
1 0.006036 0.117256 0.016639 0.016639
1 0.006036 0.091865 0.016639 0.016639
1 0.006036 0.064522 0.016639 0.016639
1 0.037236 0.164294 0.019022 0.019022
1 0.039189 0.177966 0.019022 0.019022
1 0.025517 0.183825 0.019022 0.019022
1 0.019658 0.170153 0.019022 0.019022
1 0.006036 0.158272 0.016639 0.016639
1 0.068486 0.179919 0.019022 0.019022
1 0.074345 0.203357 0.019022 0.019022
1 0.103642 0.250232 0.019022 0.019022
1 0.111455 0.256091 0.019022 0.019022
1 0.125127 0.246325 0.019022 0.019022
1 0.127080 0.265857 0.019022 0.019022
1 0.142705 0.256091 0.019022 0.019022
1 0.162236 0.265857 0.019022 0.019022
1 0.154424 0.283435 0.019022 0.019022
1 0.136845 0.289294 0.019022 0.019022
1 0.115361 0.283435 0.019022 0.019022
1 0.103642 0.273669 0.019022 0.019022
1 0.078252 0.261950 0.019022 0.019022
1 0.064580 0.279528 0.019022 0.019022
1 0.066533 0.299060 0.019022 0.019022
1 0.047002 0.285388 0.019022 0.019022
1 0.035283 0.275622 0.019022 0.019022
1 0.017705 0.273669 0.019022 0.019022
1 0.017705 0.291247 0.019022 0.019022
1 0.015752 0.256091 0.019022 0.019022
1 0.037236 0.256091 0.019022 0.019022
1 0.052861 0.256091 0.019022 0.019022
1 0.052861 0.304919 0.019022 0.019022
1 0.054814 0.318591 0.019022 0.019022
1 0.076299 0.316638 0.019022 0.019022
1 0.099736 0.312732 0.019022 0.019022
1 0.099736 0.328357 0.019022 0.019022
1 0.154424 0.322497 0.019022 0.019022
1 0.144658 0.310778 0.019022 0.019022
1 0.162236 0.302966 0.019022 0.019022
1 0.181767 0.248278 0.019022 0.019022
1 0.191533 0.234607 0.019022 0.019022
1 0.203252 0.238513 0.019022 0.019022
1 0.222783 0.238513 0.019022 0.019022
1 0.203252 0.256091 0.019022 0.019022
1 0.209111 0.269763 0.019022 0.019022
1 0.211064 0.285388 0.019022 0.019022
1 0.191533 0.281482 0.019022 0.019022
1 0.197392 0.299060 0.019022 0.019022
1 0.181767 0.308825 0.019022 0.019022
1 0.175908 0.320544 0.019022 0.019022
1 0.160283 0.332263 0.019022 0.019022
1 0.168095 0.349841 0.019022 0.019022
1 0.168095 0.371325 0.019022 0.019022
1 0.156377 0.383044 0.019022 0.019022
1 0.189580 0.371325 0.019022 0.019022
1 0.181767 0.340075 0.019022 0.019022
1 0.195439 0.330310 0.019022 0.019022
1 0.203252 0.351794 0.019022 0.019022
1 0.220830 0.343982 0.019022 0.019022
1 0.205205 0.318591 0.019022 0.019022
1 0.218877 0.314685 0.019022 0.019022
1 0.234502 0.306872 0.019022 0.019022
1 0.232549 0.291247 0.019022 0.019022
1 0.236455 0.326403 0.019022 0.019022
1 0.254033 0.318591 0.019022 0.019022
1 0.269658 0.314685 0.019022 0.019022
1 0.275517 0.330310 0.019022 0.019022
1 0.271611 0.343982 0.019022 0.019022
1 0.261845 0.363513 0.019022 0.019022
1 0.257939 0.379138 0.019022 0.019022
1 0.281377 0.365466 0.019022 0.019022
1 0.281377 0.388903 0.019022 0.019022
1 0.267705 0.396716 0.019022 0.019022
1 0.265752 0.420153 0.019022 0.019022
1 0.269658 0.435778 0.019022 0.019022
1 0.240361 0.390857 0.019022 0.019022
1 0.224736 0.383044 0.019022 0.019022
1 0.234502 0.363513 0.019022 0.019022
1 0.203252 0.390857 0.019022 0.019022
1 0.187627 0.400622 0.019022 0.019022
1 0.197392 0.422107 0.019022 0.019022
1 0.213017 0.441638 0.019022 0.019022
1 0.207158 0.455310 0.019022 0.019022
1 0.306767 0.398669 0.019022 0.019022
1 0.324345 0.408435 0.019022 0.019022
1 0.308720 0.383044 0.019022 0.019022
1 0.316533 0.369372 0.019022 0.019022
1 0.336064 0.379138 0.019022 0.019022
1 0.349736 0.367419 0.019022 0.019022
1 0.359502 0.384997 0.019022 0.019022
1 0.375127 0.379138 0.019022 0.019022
1 0.371220 0.398669 0.019022 0.019022
1 0.394658 0.402575 0.019022 0.019022
1 0.398564 0.416247 0.019022 0.019022
1 0.404424 0.445544 0.019022 0.019022
1 0.414189 0.427966 0.019022 0.019022
1 0.410283 0.410388 0.019022 0.019022
1 0.357549 0.414294 0.019022 0.019022
1 0.361455 0.433825 0.019022 0.019022
1 0.345830 0.445544 0.019022 0.019022
1 0.365361 0.455310 0.019022 0.019022
1 0.336064 0.426013 0.019022 0.019022
1 0.314580 0.424060 0.019022 0.019022
1 0.320439 0.445544 0.019022 0.019022
1 0.320439 0.461169 0.019022 0.019022
1 0.295049 0.455310 0.019022 0.019022
1 0.248174 0.461169 0.019022 0.019022
1 0.505986 0.449450 0.019022 0.019022
1 0.547002 0.459216 0.019022 0.019022
1 0.068486 0.343982 0.019022 0.019022
1 0.181767 0.193591 0.019022 0.019022
1 0.162236 0.160388 0.019022 0.019022
1 0.132939 0.115466 0.019022 0.019022
1 0.066533 0.131091 0.019022 0.019022
1 0.093877 0.197497 0.019022 0.019022
1 0.037236 0.201403 0.019022 0.019022
1 0.015752 0.211169 0.019022 0.019022
1 0.060674 0.209216 0.019022 0.019022
1 0.050908 0.226794 0.019022 0.019022
1 0.080205 0.226794 0.019022 0.019022
1 0.082158 0.285388 0.019022 0.019022
1 0.113408 0.310778 0.019022 0.019022
1 0.380986 0.240466 0.019022 0.019022
1 0.349736 0.269763 0.019022 0.019022
1 0.244267 0.441638 0.019022 0.019022
1 0.005025 0.201253 0.015269 0.015269
1 0.005025 0.193441 0.015269 0.015269
1 0.013799 0.320544 0.019022 0.019022
1 0.025517 0.336169 0.019022 0.019022
1 0.035283 0.318591 0.019022 0.019022
1 0.041142 0.355700 0.019022 0.019022
1 0.017705 0.355700 0.019022 0.019022
1 0.006036 0.359444 0.016639 0.016639
1 0.015752 0.373278 0.019022 0.019022
1 0.701299 0.308825 0.019022 0.019022
1 0.019658 0.386950 0.019022 0.019022
1 0.008386 0.400542 0.018570 0.018570
1 0.017705 0.416247 0.019022 0.019022
1 0.008386 0.427886 0.018570 0.018570
1 0.025517 0.435778 0.019022 0.019022
1 0.045049 0.441638 0.019022 0.019022
1 0.033330 0.402575 0.019022 0.019022
1 0.047002 0.390857 0.019022 0.019022
1 0.058720 0.392810 0.019022 0.019022
1 0.074345 0.400622 0.019022 0.019022
1 0.052861 0.418200 0.019022 0.019022
1 0.066533 0.426013 0.019022 0.019022
1 0.070439 0.439685 0.019022 0.019022
1 0.082158 0.455310 0.019022 0.019022
1 0.097783 0.435778 0.019022 0.019022
1 0.117314 0.431872 0.019022 0.019022
1 0.097783 0.408435 0.019022 0.019022
1 0.117314 0.400622 0.019022 0.019022
1 0.134892 0.396716 0.019022 0.019022
1 0.142705 0.416247 0.019022 0.019022
1 0.105595 0.377185 0.019022 0.019022
1 0.088017 0.381091 0.019022 0.019022
1 0.076299 0.367419 0.019022 0.019022
1 0.060674 0.371325 0.019022 0.019022
1 0.093877 0.347888 0.019022 0.019022
1 0.115361 0.359607 0.019022 0.019022
1 0.111455 0.340075 0.019022 0.019022
1 0.125127 0.345935 0.019022 0.019022
1 0.136845 0.340075 0.019022 0.019022
1 0.136845 0.357653 0.019022 0.019022
1 0.172002 0.427966 0.019022 0.019022
1 0.164189 0.439685 0.019022 0.019022
1 0.142705 0.443591 0.019022 0.019022
1 0.158330 0.459216 0.019022 0.019022
1 0.175908 0.474841 0.019022 0.019022
1 0.193486 0.476794 0.019022 0.019022
1 0.185674 0.498278 0.019022 0.019022
1 0.234502 0.480700 0.019022 0.019022
1 0.261845 0.496325 0.019022 0.019022
1 0.287236 0.500232 0.019022 0.019022
1 0.298955 0.484607 0.019022 0.019022
1 0.250127 0.513903 0.019022 0.019022
1 0.232549 0.508044 0.019022 0.019022
1 0.687627 0.115466 0.019022 0.019022
1 0.218877 0.519763 0.019022 0.019022
1 0.230595 0.535388 0.019022 0.019022
1 0.248174 0.531482 0.019022 0.019022
1 0.193486 0.543200 0.019022 0.019022
1 0.123174 0.459216 0.019022 0.019022
1 0.115361 0.468982 0.019022 0.019022
1 0.123174 0.496325 0.019022 0.019022
1 0.138799 0.480700 0.019022 0.019022
1 0.146611 0.496325 0.019022 0.019022
1 0.142705 0.509997 0.019022 0.019022
1 0.156377 0.527575 0.019022 0.019022
1 0.177861 0.562732 0.019022 0.019022
1 0.091924 0.508044 0.019022 0.019022
1 0.070439 0.496325 0.019022 0.019022
1 0.095830 0.476794 0.019022 0.019022
1 0.027470 0.463122 0.019022 0.019022
1 0.013799 0.447497 0.019022 0.019022
1 0.006036 0.455147 0.016639 0.016639
1 0.025517 0.517810 0.019022 0.019022
1 0.006036 0.505928 0.016639 0.016639
1 0.052861 0.506091 0.019022 0.019022
1 0.693486 0.324450 0.019022 0.019022
1 0.062627 0.523669 0.019022 0.019022
1 0.035283 0.539294 0.019022 0.019022
1 0.005025 0.533285 0.015269 0.015269
1 0.019658 0.558825 0.019022 0.019022
1 0.043095 0.576403 0.019022 0.019022
1 0.062627 0.572497 0.019022 0.019022
1 0.060674 0.549060 0.019022 0.019022
1 0.089970 0.533435 0.019022 0.019022
1 0.111455 0.525622 0.019022 0.019022
1 0.129033 0.527575 0.019022 0.019022
1 0.140752 0.539294 0.019022 0.019022
1 0.150517 0.556872 0.019022 0.019022
1 0.129033 0.554919 0.019022 0.019022
1 0.107549 0.556872 0.019022 0.019022
1 0.095830 0.560778 0.019022 0.019022
1 0.084111 0.574450 0.019022 0.019022
1 0.113408 0.578357 0.019022 0.019022
1 0.127080 0.595935 0.019022 0.019022
1 0.111455 0.603747 0.019022 0.019022
1 0.097783 0.619372 0.019022 0.019022
1 0.062627 0.461169 0.019022 0.019022
1 0.056767 0.603747 0.019022 0.019022
1 0.035283 0.595935 0.019022 0.019022
1 0.017705 0.584216 0.019022 0.019022
1 0.013799 0.607653 0.019022 0.019022
1 0.008386 0.625151 0.018570 0.018570
1 0.041142 0.648669 0.019022 0.019022
1 0.027470 0.636950 0.019022 0.019022
1 0.048955 0.621325 0.019022 0.019022
1 0.035283 0.623278 0.019022 0.019022
1 0.076299 0.623278 0.019022 0.019022
1 0.152470 0.592028 0.019022 0.019022
1 0.152470 0.576403 0.019022 0.019022
1 0.168095 0.597888 0.019022 0.019022
1 0.154424 0.615466 0.019022 0.019022
1 0.158330 0.634997 0.019022 0.019022
1 0.134892 0.627185 0.019022 0.019022
1 0.123174 0.642810 0.019022 0.019022
1 0.107549 0.660388 0.019022 0.019022
1 0.099736 0.677966 0.019022 0.019022
1 0.084111 0.685778 0.019022 0.019022
1 0.062627 0.677966 0.019022 0.019022
1 0.050908 0.695544 0.019022 0.019022
1 0.033330 0.715075 0.019022 0.019022
1 0.009892 0.717028 0.019022 0.019022
1 0.019658 0.705310 0.019022 0.019022
1 0.009892 0.681872 0.019022 0.019022
1 0.076299 0.656482 0.019022 0.019022
1 0.089970 0.648669 0.019022 0.019022
1 0.054814 0.636950 0.019022 0.019022
1 0.066533 0.640857 0.019022 0.019022
1 0.156377 0.652575 0.019022 0.019022
1 0.156377 0.670153 0.019022 0.019022
1 0.179814 0.660388 0.019022 0.019022
1 0.685674 0.310778 0.019022 0.019022
1 0.201299 0.652575 0.019022 0.019022
1 0.187627 0.634997 0.019022 0.019022
1 0.181767 0.613513 0.019022 0.019022
1 0.236455 0.566638 0.019022 0.019022
1 0.242314 0.592028 0.019022 0.019022
1 0.254033 0.580310 0.019022 0.019022
1 0.259892 0.570544 0.019022 0.019022
1 0.275517 0.572497 0.019022 0.019022
1 0.269658 0.549060 0.019022 0.019022
1 0.273564 0.531482 0.019022 0.019022
1 0.293095 0.521716 0.019022 0.019022
1 0.302861 0.552966 0.019022 0.019022
1 0.287236 0.556872 0.019022 0.019022
1 0.310674 0.574450 0.019022 0.019022
1 0.216924 0.578357 0.019022 0.019022
1 0.207158 0.576403 0.019022 0.019022
1 0.189580 0.592028 0.019022 0.019022
1 0.197392 0.588122 0.019022 0.019022
1 0.070439 0.728747 0.019022 0.019022
1 0.103642 0.754138 0.019022 0.019022
1 0.111455 0.726794 0.019022 0.019022
1 0.129033 0.744372 0.019022 0.019022
1 0.142705 0.699450 0.019022 0.019022
1 0.154424 0.691638 0.019022 0.019022
1 0.129033 0.693591 0.019022 0.019022
1 0.103642 0.697497 0.019022 0.019022
1 0.088017 0.699450 0.019022 0.019022
1 0.043095 0.754138 0.019022 0.019022
1 0.027470 0.750232 0.019022 0.019022
1 0.006036 0.746162 0.016639 0.016639
1 0.007126 0.769591 0.017768 0.017768
1 0.035283 0.787341 0.019022 0.019022
1 0.009892 0.804919 0.019022 0.019022
1 0.039189 0.812732 0.019022 0.019022
1 0.023564 0.824450 0.019022 0.019022
1 0.037236 0.834216 0.019022 0.019022
1 0.060674 0.812732 0.019022 0.019022
1 0.060674 0.765857 0.019022 0.019022
1 0.074345 0.759997 0.019022 0.019022
1 0.089970 0.801013 0.019022 0.019022
1 0.718877 0.287341 0.019022 0.019022
1 0.107549 0.793200 0.019022 0.019022
1 0.103642 0.820544 0.019022 0.019022
1 0.134892 0.769763 0.019022 0.019022
1 0.152470 0.781482 0.019022 0.019022
1 0.146611 0.746325 0.019022 0.019022
1 0.177861 0.748278 0.019022 0.019022
1 0.187627 0.724841 0.019022 0.019022
1 0.199345 0.738513 0.019022 0.019022
1 0.197392 0.758044 0.019022 0.019022
1 0.201299 0.773669 0.019022 0.019022
1 0.181767 0.779528 0.019022 0.019022
1 0.168095 0.771716 0.019022 0.019022
1 0.166142 0.787341 0.019022 0.019022
1 0.170049 0.804919 0.019022 0.019022
1 0.152470 0.806872 0.019022 0.019022
1 0.170049 0.818591 0.019022 0.019022
1 0.187627 0.801013 0.019022 0.019022
1 0.191533 0.818591 0.019022 0.019022
1 0.183720 0.838122 0.019022 0.019022
1 0.152470 0.832263 0.019022 0.019022
1 0.132939 0.818591 0.019022 0.019022
1 0.129033 0.851794 0.019022 0.019022
1 0.150517 0.855700 0.019022 0.019022
1 0.211064 0.824450 0.019022 0.019022
1 0.232549 0.820544 0.019022 0.019022
1 0.238408 0.802966 0.019022 0.019022
1 0.226689 0.740466 0.019022 0.019022
1 0.265752 0.752185 0.019022 0.019022
1 0.283330 0.763903 0.019022 0.019022
1 0.285283 0.783435 0.019022 0.019022
1 0.279424 0.724841 0.019022 0.019022
1 0.297002 0.728747 0.019022 0.019022
1 0.312627 0.742419 0.019022 0.019022
1 0.322392 0.767810 0.019022 0.019022
1 0.304814 0.806872 0.019022 0.019022
1 0.285283 0.828357 0.019022 0.019022
1 0.263799 0.826403 0.019022 0.019022
1 0.240361 0.840075 0.019022 0.019022
1 0.214970 0.855700 0.019022 0.019022
1 0.234502 0.857653 0.019022 0.019022
1 0.246220 0.865466 0.019022 0.019022
1 0.261845 0.875232 0.019022 0.019022
1 0.261845 0.849841 0.019022 0.019022
1 0.209111 0.875232 0.019022 0.019022
1 0.187627 0.875232 0.019022 0.019022
1 0.160283 0.879138 0.019022 0.019022
1 0.166142 0.914294 0.019022 0.019022
1 0.125127 0.896716 0.019022 0.019022
1 0.121220 0.927966 0.019022 0.019022
1 0.097783 0.926013 0.019022 0.019022
1 0.058720 0.920153 0.019022 0.019022
1 0.093877 0.947497 0.019022 0.019022
1 0.089970 0.965075 0.019022 0.019022
1 0.070439 0.963122 0.019022 0.019022
1 0.047002 0.953357 0.019022 0.019022
1 0.025517 0.959216 0.019022 0.019022
1 0.045049 0.937732 0.019022 0.019022
1 0.021611 0.931872 0.019022 0.019022
1 0.007126 0.892638 0.017768 0.017768
1 0.004138 0.912212 0.013586 0.013586
1 0.008386 0.869292 0.018570 0.018570
1 0.023564 0.861560 0.019022 0.019022
1 0.048955 0.875232 0.019022 0.019022
1 0.052861 0.853747 0.019022 0.019022
1 0.074345 0.838122 0.019022 0.019022
1 0.074345 0.861560 0.019022 0.019022
1 0.070439 0.875232 0.019022 0.019022
1 0.095830 0.863513 0.019022 0.019022
1 0.103642 0.845935 0.019022 0.019022
1 0.117314 0.869372 0.019022 0.019022
1 0.107549 0.881091 0.019022 0.019022
1 0.088017 0.888903 0.019022 0.019022
1 0.099736 0.902575 0.019022 0.019022
1 0.070439 0.896716 0.019022 0.019022
1 0.005025 0.839925 0.015269 0.015269
1 0.004138 0.826275 0.013586 0.013586
1 0.189580 0.697497 0.019022 0.019022
1 0.214970 0.888903 0.019022 0.019022
1 0.006036 0.984444 0.016639 0.016639
1 0.025523 0.990111 0.018635 0.018635
1 0.039189 0.980700 0.019022 0.019022
1 0.078252 0.988513 0.019022 0.019022
1 0.130991 0.990111 0.018635 0.018635
1 0.113408 0.957263 0.019022 0.019022
1 0.130986 0.953357 0.019022 0.019022
1 0.144658 0.953357 0.019022 0.019022
1 0.156377 0.933825 0.019022 0.019022
1 0.179814 0.937732 0.019022 0.019022
1 0.177861 0.953357 0.019022 0.019022
1 0.187627 0.982653 0.019022 0.019022
1 0.209111 0.980700 0.019022 0.019022
1 0.209111 0.957263 0.019022 0.019022
1 0.230595 0.968982 0.019022 0.019022
1 0.228642 0.951403 0.019022 0.019022
1 0.214970 0.941638 0.019022 0.019022
1 0.232549 0.931872 0.019022 0.019022
1 0.222783 0.922107 0.019022 0.019022
1 0.242314 0.910388 0.019022 0.019022
1 0.254033 0.896716 0.019022 0.019022
1 0.265752 0.910388 0.019022 0.019022
1 0.285283 0.894763 0.019022 0.019022
1 0.277470 0.924060 0.019022 0.019022
1 0.255986 0.931872 0.019022 0.019022
1 0.265752 0.947497 0.019022 0.019022
1 0.248174 0.949450 0.019022 0.019022
1 0.248174 0.967028 0.019022 0.019022
1 0.238451 0.992340 0.016418 0.016418
1 0.275523 0.990111 0.018635 0.018635
1 0.258183 0.994932 0.011129 0.011129
1 0.265752 0.970935 0.019022 0.019022
1 0.277470 0.978747 0.019022 0.019022
1 0.677861 0.105700 0.019022 0.019022
1 0.281377 0.959216 0.019022 0.019022
1 0.291142 0.970935 0.019022 0.019022
1 0.302861 0.976794 0.019022 0.019022
1 0.314580 0.988513 0.019022 0.019022
1 0.314580 0.955310 0.019022 0.019022
1 0.298955 0.951403 0.019022 0.019022
1 0.285283 0.937732 0.019022 0.019022
1 0.302861 0.918200 0.019022 0.019022
1 0.300908 0.900622 0.019022 0.019022
1 0.316533 0.898669 0.019022 0.019022
1 0.320439 0.914294 0.019022 0.019022
1 0.334111 0.896716 0.019022 0.019022
1 0.320439 0.927966 0.019022 0.019022
1 0.341924 0.920153 0.019022 0.019022
1 0.359502 0.910388 0.019022 0.019022
1 0.336064 0.955310 0.019022 0.019022
1 0.328252 0.968982 0.019022 0.019022
1 0.371220 0.945544 0.019022 0.019022
1 0.392705 0.941638 0.019022 0.019022
1 0.746220 0.134997 0.019022 0.019022
1 0.384892 0.972888 0.019022 0.019022
1 0.375132 0.990111 0.018635 0.018635
1 0.359641 0.994131 0.013131 0.013131
1 0.344120 0.994932 0.011129 0.011129
1 0.386985 0.994131 0.013131 0.013131
1 0.414189 0.988513 0.019022 0.019022
1 0.422141 0.994131 0.013131 0.013131
1 0.435717 0.992340 0.016418 0.016418
1 0.459111 0.986560 0.019022 0.019022
1 0.459250 0.994131 0.013131 0.013131
1 0.447392 0.933825 0.019022 0.019022
1 0.429814 0.945544 0.019022 0.019022
1 0.414189 0.953357 0.019022 0.019022
1 0.404424 0.961169 0.019022 0.019022
1 0.379033 0.879138 0.019022 0.019022
1 0.402470 0.859607 0.019022 0.019022
1 0.433720 0.863513 0.019022 0.019022
1 0.373174 0.838122 0.019022 0.019022
1 0.390752 0.832263 0.019022 0.019022
1 0.361455 0.826403 0.019022 0.019022
1 0.355595 0.849841 0.019022 0.019022
1 0.336064 0.845935 0.019022 0.019022
1 0.308720 0.836169 0.019022 0.019022
1 0.310674 0.853747 0.019022 0.019022
1 0.291142 0.865466 0.019022 0.019022
1 0.351689 0.804919 0.019022 0.019022
1 0.250127 0.736560 0.019022 0.019022
1 0.689580 0.496325 0.019022 0.019022
1 0.211064 0.701403 0.019022 0.019022
1 0.224736 0.705310 0.019022 0.019022
1 0.205205 0.676013 0.019022 0.019022
1 0.226689 0.683825 0.019022 0.019022
1 0.248174 0.691638 0.019022 0.019022
1 0.263799 0.677966 0.019022 0.019022
1 0.281377 0.691638 0.019022 0.019022
1 0.293095 0.703357 0.019022 0.019022
1 0.734502 0.299060 0.019022 0.019022
1 0.298955 0.670153 0.019022 0.019022
1 0.304814 0.685778 0.019022 0.019022
1 0.322392 0.670153 0.019022 0.019022
1 0.236455 0.652575 0.019022 0.019022
1 0.246220 0.662341 0.019022 0.019022
1 0.250127 0.640857 0.019022 0.019022
1 0.267705 0.629138 0.019022 0.019022
1 0.265752 0.648669 0.019022 0.019022
1 0.293095 0.640857 0.019022 0.019022
1 0.285283 0.660388 0.019022 0.019022
1 0.306767 0.654528 0.019022 0.019022
1 0.324345 0.644763 0.019022 0.019022
1 0.339970 0.650622 0.019022 0.019022
1 0.357549 0.638903 0.019022 0.019022
1 0.343877 0.627185 0.019022 0.019022
1 0.334111 0.613513 0.019022 0.019022
1 0.314580 0.597888 0.019022 0.019022
1 0.308720 0.609607 0.019022 0.019022
1 0.298955 0.623278 0.019022 0.019022
1 0.277470 0.621325 0.019022 0.019022
1 0.279424 0.599841 0.019022 0.019022
1 0.255986 0.609607 0.019022 0.019022
1 0.242314 0.621325 0.019022 0.019022
1 0.326299 0.558825 0.019022 0.019022
1 0.334111 0.543200 0.019022 0.019022
1 0.347783 0.517810 0.019022 0.019022
1 0.332158 0.584216 0.019022 0.019022
1 0.355595 0.607653 0.019022 0.019022
1 0.365361 0.584216 0.019022 0.019022
1 0.375127 0.564685 0.019022 0.019022
1 0.388799 0.554919 0.019022 0.019022
1 0.404424 0.574450 0.019022 0.019022
1 0.390752 0.599841 0.019022 0.019022
1 0.388799 0.625232 0.019022 0.019022
1 0.310674 0.509997 0.019022 0.019022
1 0.322392 0.492419 0.019022 0.019022
1 0.336064 0.478747 0.019022 0.019022
1 0.339970 0.500232 0.019022 0.019022
1 0.351689 0.494372 0.019022 0.019022
1 0.365361 0.484607 0.019022 0.019022
1 0.371220 0.504138 0.019022 0.019022
1 0.388799 0.492419 0.019022 0.019022
1 0.386845 0.508044 0.019022 0.019022
1 0.365361 0.539294 0.019022 0.019022
1 0.410283 0.554919 0.019022 0.019022
1 0.388799 0.541247 0.019022 0.019022
1 0.416142 0.527575 0.019022 0.019022
1 0.429814 0.511950 0.019022 0.019022
1 0.447392 0.513903 0.019022 0.019022
1 0.449345 0.529528 0.019022 0.019022
1 0.463017 0.535388 0.019022 0.019022
1 0.459111 0.551013 0.019022 0.019022
1 0.443486 0.547107 0.019022 0.019022
1 0.427861 0.562732 0.019022 0.019022
1 0.437627 0.580310 0.019022 0.019022
1 0.422002 0.597888 0.019022 0.019022
1 0.435674 0.607653 0.019022 0.019022
1 0.453252 0.617419 0.019022 0.019022
1 0.459111 0.597888 0.019022 0.019022
1 0.486455 0.574450 0.019022 0.019022
1 0.488408 0.593982 0.019022 0.019022
1 0.507939 0.588122 0.019022 0.019022
1 0.500127 0.566638 0.019022 0.019022
1 0.519658 0.564685 0.019022 0.019022
1 0.521611 0.533435 0.019022 0.019022
1 0.504033 0.533435 0.019022 0.019022
1 0.490361 0.547107 0.019022 0.019022
1 0.484502 0.525622 0.019022 0.019022
1 0.474736 0.511950 0.019022 0.019022
1 0.500127 0.511950 0.019022 0.019022
1 0.480595 0.494372 0.019022 0.019022
1 0.464970 0.492419 0.019022 0.019022
1 0.447392 0.496325 0.019022 0.019022
1 0.423955 0.486560 0.019022 0.019022
1 0.406377 0.484607 0.019022 0.019022
1 0.402470 0.461169 0.019022 0.019022
1 0.431767 0.455310 0.019022 0.019022
1 0.422002 0.467028 0.019022 0.019022
1 0.437627 0.474841 0.019022 0.019022
1 0.463017 0.468982 0.019022 0.019022
1 0.478642 0.472888 0.019022 0.019022
1 0.488408 0.459216 0.019022 0.019022
1 0.496220 0.478747 0.019022 0.019022
1 0.517705 0.465075 0.019022 0.019022
1 0.513799 0.492419 0.019022 0.019022
1 0.533330 0.494372 0.019022 0.019022
1 0.541142 0.476794 0.019022 0.019022
1 0.552861 0.502185 0.019022 0.019022
1 0.564580 0.492419 0.019022 0.019022
1 0.568486 0.509997 0.019022 0.019022
1 0.550908 0.523669 0.019022 0.019022
1 0.586064 0.498278 0.019022 0.019022
1 0.586064 0.525622 0.019022 0.019022
1 0.636845 0.506091 0.019022 0.019022
1 0.644658 0.492419 0.019022 0.019022
1 0.656377 0.496325 0.019022 0.019022
1 0.650517 0.527575 0.019022 0.019022
1 0.675908 0.523669 0.019022 0.019022
1 0.707158 0.515857 0.019022 0.019022
1 0.714970 0.531482 0.019022 0.019022
1 0.562627 0.551013 0.019022 0.019022
1 0.550908 0.560778 0.019022 0.019022
1 0.562627 0.574450 0.019022 0.019022
1 0.574345 0.564685 0.019022 0.019022
1 0.591924 0.556872 0.019022 0.019022
1 0.619267 0.549060 0.019022 0.019022
1 0.617314 0.574450 0.019022 0.019022
1 0.638799 0.560778 0.019022 0.019022
1 0.636845 0.586169 0.019022 0.019022
1 0.338017 0.824450 0.019022 0.019022
1 0.459111 0.578357 0.019022 0.019022
1 0.468877 0.633044 0.019022 0.019022
1 0.457158 0.640857 0.019022 0.019022
1 0.443486 0.650622 0.019022 0.019022
1 0.418095 0.650622 0.019022 0.019022
1 0.420049 0.633044 0.019022 0.019022
1 0.398564 0.660388 0.019022 0.019022
1 0.380986 0.644763 0.019022 0.019022
1 0.369267 0.658435 0.019022 0.019022
1 0.361455 0.668200 0.019022 0.019022
1 0.343877 0.674060 0.019022 0.019022
1 0.349736 0.707263 0.019022 0.019022
1 0.328252 0.711169 0.019022 0.019022
1 0.338017 0.728747 0.019022 0.019022
1 0.355595 0.728747 0.019022 0.019022
1 0.371220 0.717028 0.019022 0.019022
1 0.422002 0.685778 0.019022 0.019022
1 0.443486 0.672107 0.019022 0.019022
1 0.464970 0.685778 0.019022 0.019022
1 0.463017 0.662341 0.019022 0.019022
1 0.480595 0.668200 0.019022 0.019022
1 0.498174 0.674060 0.019022 0.019022
1 0.502080 0.689685 0.019022 0.019022
1 0.490361 0.697497 0.019022 0.019022
1 0.513799 0.660388 0.019022 0.019022
1 0.494267 0.621325 0.019022 0.019022
1 0.509892 0.631091 0.019022 0.019022
1 0.517705 0.617419 0.019022 0.019022
1 0.517705 0.603747 0.019022 0.019022
1 0.539189 0.613513 0.019022 0.019022
1 0.552861 0.609607 0.019022 0.019022
1 0.566533 0.623278 0.019022 0.019022
1 0.572392 0.592028 0.019022 0.019022
1 0.588017 0.605700 0.019022 0.019022
1 0.550908 0.636950 0.019022 0.019022
1 0.535283 0.644763 0.019022 0.019022
1 0.556767 0.658435 0.019022 0.019022
1 0.541142 0.666247 0.019022 0.019022
1 0.539189 0.689685 0.019022 0.019022
1 0.560674 0.689685 0.019022 0.019022
1 0.578252 0.689685 0.019022 0.019022
1 0.578252 0.701403 0.019022 0.019022
1 0.576299 0.666247 0.019022 0.019022
1 0.588017 0.640857 0.019022 0.019022
1 0.613408 0.636950 0.019022 0.019022
1 0.605595 0.658435 0.019022 0.019022
1 0.601689 0.681872 0.019022 0.019022
1 0.621220 0.603747 0.019022 0.019022
1 0.652470 0.607653 0.019022 0.019022
1 0.384892 0.685778 0.019022 0.019022
1 0.392705 0.744372 0.019022 0.019022
1 0.388799 0.773669 0.019022 0.019022
1 0.398564 0.783435 0.019022 0.019022
1 0.418095 0.777575 0.019022 0.019022
1 0.431767 0.720935 0.019022 0.019022
1 0.451299 0.713122 0.019022 0.019022
1 0.451299 0.699450 0.019022 0.019022
1 0.470830 0.720935 0.019022 0.019022
1 0.507939 0.711169 0.019022 0.019022
1 0.523564 0.720935 0.019022 0.019022
1 0.488408 0.736560 0.019022 0.019022
1 0.347783 0.783435 0.019022 0.019022
1 0.718877 0.836169 0.019022 0.019022
1 0.402470 0.705310 0.019022 0.019022
1 0.414189 0.717028 0.019022 0.019022
1 0.365361 0.779528 0.019022 0.019022
1 0.382939 0.801013 0.019022 0.019022
1 0.408330 0.804919 0.019022 0.019022
1 0.427861 0.799060 0.019022 0.019022
1 0.422002 0.822497 0.019022 0.019022
1 0.425908 0.838122 0.019022 0.019022
1 0.470830 0.847888 0.019022 0.019022
1 0.463017 0.877185 0.019022 0.019022
1 0.476689 0.888903 0.019022 0.019022
1 0.490361 0.900622 0.019022 0.019022
1 0.482549 0.918200 0.019022 0.019022
1 0.525517 0.916247 0.019022 0.019022
1 0.545049 0.906482 0.019022 0.019022
1 0.531377 0.900622 0.019022 0.019022
1 0.560674 0.896716 0.019022 0.019022
1 0.564580 0.875232 0.019022 0.019022
1 0.562627 0.853747 0.019022 0.019022
1 0.564580 0.836169 0.019022 0.019022
1 0.541142 0.840075 0.019022 0.019022
1 0.566533 0.818591 0.019022 0.019022
1 0.515752 0.865466 0.019022 0.019022
1 0.517705 0.849841 0.019022 0.019022
1 0.455205 0.834216 0.019022 0.019022
1 0.507939 0.920153 0.019022 0.019022
1 0.732549 0.683825 0.019022 0.019022
1 0.759892 0.242419 0.019022 0.019022
1 0.894658 0.771716 0.019022 0.019022
1 0.873174 0.799060 0.019022 0.019022
1 0.888799 0.818591 0.019022 0.019022
1 0.871220 0.832263 0.019022 0.019022
1 0.857549 0.818591 0.019022 0.019022
1 0.839970 0.812732 0.019022 0.019022
1 0.822392 0.812732 0.019022 0.019022
1 0.820439 0.799060 0.019022 0.019022
1 0.804814 0.799060 0.019022 0.019022
1 0.798955 0.781482 0.019022 0.019022
1 0.816533 0.779528 0.019022 0.019022
1 0.832158 0.771716 0.019022 0.019022
1 0.845830 0.783435 0.019022 0.019022
1 0.838017 0.752185 0.019022 0.019022
1 0.847783 0.740466 0.019022 0.019022
1 0.855595 0.728747 0.019022 0.019022
1 0.875127 0.734607 0.019022 0.019022
1 0.884892 0.759997 0.019022 0.019022
1 0.759892 0.883044 0.019022 0.019022
1 0.740361 0.896716 0.019022 0.019022
1 0.732549 0.908435 0.019022 0.019022
1 0.718877 0.912341 0.019022 0.019022
1 0.713017 0.886950 0.019022 0.019022
1 0.738408 0.871325 0.019022 0.019022
1 0.744267 0.857653 0.019022 0.019022
1 0.767705 0.851794 0.019022 0.019022
1 0.754033 0.845935 0.019022 0.019022
1 0.748174 0.836169 0.019022 0.019022
1 0.755986 0.826403 0.019022 0.019022
1 0.773564 0.808825 0.019022 0.019022
1 0.775517 0.834216 0.019022 0.019022
1 0.787236 0.836169 0.019022 0.019022
1 0.806767 0.838122 0.019022 0.019022
1 0.818486 0.861560 0.019022 0.019022
1 0.830205 0.853747 0.019022 0.019022
1 0.832158 0.830310 0.019022 0.019022
1 0.845830 0.834216 0.019022 0.019022
1 0.855595 0.857653 0.019022 0.019022
1 0.875127 0.867419 0.019022 0.019022
1 0.867314 0.881091 0.019022 0.019022
