1 0.669974 0.172206 0.012369 0.012369
1 0.369192 0.564784 0.012369 0.012369
1 0.423880 0.560878 0.012369 0.012369
1 0.421927 0.521815 0.012369 0.012369
1 0.423880 0.629237 0.012369 0.012369
1 0.400442 0.666346 0.012369 0.012369
1 0.412161 0.474940 0.012369 0.012369
1 0.480520 0.545253 0.012369 0.012369
1 0.587942 0.537440 0.012369 0.012369
1 0.548880 0.699549 0.012369 0.012369
1 0.673880 0.472987 0.012369 0.012369
1 0.720755 0.545253 0.012369 0.012369
1 0.634817 0.594081 0.012369 0.012369
1 0.648489 0.572596 0.012369 0.012369
1 0.654349 0.586268 0.012369 0.012369
1 0.718802 0.566737 0.012369 0.012369
1 0.246145 0.633143 0.012369 0.012369
1 0.277395 0.685878 0.012369 0.012369
1 0.308645 0.687831 0.012369 0.012369
1 0.279349 0.724940 0.012369 0.012369
1 0.294974 0.611659 0.012369 0.012369
1 0.505911 0.799159 0.012369 0.012369
1 0.537161 0.808924 0.012369 0.012369
1 0.593802 0.767909 0.012369 0.012369
1 0.617239 0.750331 0.012369 0.012369
1 0.519583 0.963221 0.012369 0.012369
1 0.681692 0.726893 0.012369 0.012369
1 0.677786 0.822596 0.012369 0.012369
1 0.654349 0.865565 0.012369 0.012369
1 0.666067 0.957362 0.012369 0.012369
1 0.701224 0.965174 0.012369 0.012369
1 0.810599 0.838221 0.012369 0.012369
1 0.757864 0.832362 0.012369 0.012369
1 0.748099 0.842128 0.012369 0.012369
1 0.339895 0.937831 0.012369 0.012369
1 0.787161 0.875331 0.012369 0.012369
1 0.857474 0.871424 0.012369 0.012369
1 0.890677 0.887049 0.012369 0.012369
1 0.912161 0.803065 0.012369 0.012369
1 0.988333 0.877284 0.012369 0.012369
1 0.921927 0.734706 0.012369 0.012369
1 0.394583 0.705409 0.012369 0.012369
1 0.402395 0.738612 0.012369 0.012369
1 0.769583 0.603846 0.012369 0.012369
1 0.806692 0.648768 0.012369 0.012369
1 0.826224 0.656581 0.012369 0.012369
1 0.957083 0.613612 0.012369 0.012369
1 0.982474 0.639003 0.012369 0.012369
1 0.960989 0.547206 0.012369 0.012369
1 0.959036 0.533534 0.012369 0.012369
1 0.988333 0.504237 0.012369 0.012369
1 0.830130 0.514003 0.012369 0.012369
1 0.794974 0.469081 0.012369 0.012369
1 0.818411 0.428065 0.012369 0.012369
1 0.787161 0.406581 0.012369 0.012369
1 0.808645 0.379237 0.012369 0.012369
1 0.771536 0.389003 0.012369 0.012369
1 0.918020 0.453456 0.012369 0.012369
1 0.812552 0.342128 0.012369 0.012369
1 0.826224 0.349940 0.012369 0.012369
1 0.918020 0.389003 0.012369 0.012369
1 0.869192 0.351893 0.012369 0.012369
1 0.904349 0.349940 0.012369 0.012369
1 0.914114 0.357753 0.012369 0.012369
1 0.970755 0.256190 0.012369 0.012369
1 0.892630 0.236659 0.012369 0.012369
1 0.796927 0.305018 0.012369 0.012369
1 0.767630 0.301112 0.012369 0.012369
1 0.816458 0.256190 0.012369 0.012369
1 0.781302 0.267909 0.012369 0.012369
1 0.556692 0.472987 0.012369 0.012369
1 0.550833 0.441737 0.012369 0.012369
1 0.472708 0.439784 0.012369 0.012369
1 0.445364 0.515956 0.012369 0.012369
1 0.464895 0.494471 0.012369 0.012369
1 0.462942 0.510096 0.012369 0.012369
1 0.410208 0.847987 0.012369 0.012369
1 0.334036 0.892909 0.012369 0.012369
1 0.293020 0.916346 0.012369 0.012369
1 0.275442 0.951503 0.012369 0.012369
1 0.183645 0.988612 0.012369 0.012369
1 0.205130 0.894862 0.012369 0.012369
1 0.240286 0.875331 0.012369 0.012369
1 0.255911 0.849940 0.012369 0.012369
1 0.322317 0.867518 0.012369 0.012369
1 0.302786 0.865565 0.012369 0.012369
1 0.332083 0.877284 0.012369 0.012369
1 0.294974 0.836268 0.012369 0.012369
1 0.074270 0.967128 0.012369 0.012369
1 0.228567 0.709315 0.012369 0.012369
1 0.195364 0.760096 0.012369 0.012369
1 0.029349 0.933924 0.012369 0.012369
1 0.007864 0.793299 0.012369 0.012369
1 0.035208 0.717128 0.012369 0.012369
1 0.054739 0.738612 0.012369 0.012369
1 0.011770 0.664393 0.012369 0.012369
1 0.021536 0.603846 0.012369 0.012369
1 0.115286 0.732753 0.012369 0.012369
1 0.214895 0.574549 0.012369 0.012369
1 0.236380 0.558924 0.012369 0.012369
1 0.128958 0.476893 0.012369 0.012369
1 0.136770 0.572596 0.012369 0.012369
1 0.154349 0.584315 0.012369 0.012369
1 0.314505 0.480799 0.012369 0.012369
1 0.337942 0.459315 0.012369 0.012369
1 0.353567 0.480799 0.012369 0.012369
1 0.158255 0.426112 0.012369 0.012369
1 0.168020 0.412440 0.012369 0.012369
1 0.185599 0.627284 0.012369 0.012369
1 0.169974 0.629237 0.012369 0.012369
1 0.189505 0.681971 0.012369 0.012369
1 0.152395 0.697596 0.012369 0.012369
1 0.072317 0.410487 0.012369 0.012369
1 0.064505 0.377284 0.012369 0.012369
1 0.115286 0.365565 0.012369 0.012369
1 0.005911 0.377284 0.012369 0.012369
1 0.004738 0.347801 0.011452 0.011452
1 0.152395 0.289393 0.012369 0.012369
1 0.181692 0.303065 0.012369 0.012369
1 0.025442 0.375331 0.012369 0.012369
1 0.281302 0.283534 0.012369 0.012369
1 0.302786 0.244471 0.012369 0.012369
1 0.298880 0.215174 0.012369 0.012369
1 0.310599 0.207362 0.012369 0.012369
1 0.209036 0.199549 0.012369 0.012369
1 0.152395 0.240565 0.012369 0.012369
1 0.148489 0.207362 0.012369 0.012369
1 0.105520 0.172206 0.012369 0.012369
1 0.064505 0.119471 0.012369 0.012369
1 0.107474 0.113612 0.012369 0.012369
1 0.326224 0.103846 0.012369 0.012369
1 0.128958 0.096034 0.012369 0.012369
1 0.150442 0.103846 0.012369 0.012369
1 0.158255 0.094081 0.012369 0.012369
1 0.371145 0.205409 0.012369 0.012369
1 0.353567 0.154628 0.012369 0.012369
1 0.386770 0.211268 0.012369 0.012369
1 0.457083 0.205409 0.012369 0.012369
1 0.466849 0.219081 0.012369 0.012369
1 0.511770 0.154628 0.012369 0.012369
1 0.505911 0.195643 0.012369 0.012369
1 0.511770 0.224940 0.012369 0.012369
1 0.511770 0.092128 0.012369 0.012369
1 0.418020 0.279628 0.012369 0.012369
1 0.404349 0.318690 0.012369 0.012369
1 0.419974 0.340174 0.012369 0.012369
1 0.365286 0.355799 0.012369 0.012369
1 0.400442 0.383143 0.012369 0.012369
1 0.378958 0.414393 0.012369 0.012369
1 0.574270 0.308924 0.012369 0.012369
1 0.556692 0.353846 0.012369 0.012369
1 0.611380 0.365565 0.012369 0.012369
1 0.316458 0.041346 0.012369 0.012369
1 0.429739 0.045253 0.012369 0.012369
1 0.369192 0.039393 0.012369 0.012369
1 0.378958 0.021815 0.012369 0.012369
1 0.394583 0.037440 0.012369 0.012369
1 0.359427 0.064784 0.012369 0.012369
1 0.347708 0.055018 0.012369 0.012369
1 0.337942 0.047206 0.012369 0.012369
1 0.005911 0.072596 0.012369 0.012369
1 0.564505 0.088221 0.012369 0.012369
1 0.611380 0.053065 0.012369 0.012369
1 0.691458 0.055018 0.012369 0.012369
1 0.709036 0.109706 0.012369 0.012369
1 0.726614 0.172206 0.012369 0.012369
1 0.787161 0.183924 0.012369 0.012369
1 0.796927 0.195643 0.012369 0.012369
1 0.845755 0.058924 0.012369 0.012369
1 0.912161 0.068690 0.012369 0.012369
1 0.918020 0.137049 0.012369 0.012369
1 0.945364 0.207362 0.012369 0.012369
1 0.935599 0.164393 0.012369 0.012369
1 0.970755 0.096034 0.012369 0.012369
1 0.740286 0.092128 0.012369 0.012369
1 0.099661 0.869471 0.012369 0.012369
1 0.960989 0.594081 0.012369 0.012369
1 0.929739 0.445643 0.012369 0.012369
1 0.834036 0.295253 0.012369 0.012369
1 0.650442 0.271815 0.012369 0.012369
1 0.636770 0.205409 0.012369 0.012369
1 0.693411 0.230799 0.012369 0.012369
1 0.738333 0.201503 0.012369 0.012369
1 0.752005 0.207362 0.012369 0.012369
1 0.007864 0.096034 0.012369 0.012369
1 0.267630 0.150721 0.012369 0.012369
1 0.927786 0.041346 0.012369 0.012369
1 0.970755 0.047206 0.012369 0.012369
1 0.988333 0.082362 0.012369 0.012369
1 0.970755 0.176112 0.012369 0.012369
1 0.871145 0.187831 0.012369 0.012369
1 0.880911 0.015956 0.012369 0.012369
1 0.357474 0.685878 0.012369 0.012369
1 0.334036 0.722987 0.012369 0.012369
1 0.355520 0.721034 0.012369 0.012369
1 0.351614 0.769862 0.012369 0.012369
1 0.339895 0.414393 0.012369 0.012369
1 0.330130 0.428065 0.012369 0.012369
1 0.345755 0.428065 0.012369 0.012369
1 0.166067 0.711268 0.012369 0.012369
