1 0.144552 0.211009 0.060756 0.060756
1 0.125021 0.168041 0.060756 0.060756
1 0.970423 0.677797 0.060436 0.060436
1 0.826192 0.914134 0.060756 0.060756
1 0.584005 0.798900 0.060756 0.060756
1 0.654317 0.634838 0.060756 0.060756
1 0.291036 0.791088 0.060756 0.060756
1 0.193380 0.800853 0.060756 0.060756
1 0.041036 0.640697 0.060756 0.060756
1 0.089864 0.494213 0.060756 0.060756
1 0.515646 0.478588 0.060756 0.060756
1 0.501974 0.441478 0.060756 0.060756
1 0.818380 0.259838 0.060756 0.060756
1 0.917989 0.246166 0.060756 0.060756
1 0.908224 0.205150 0.060756 0.060756
