1 0.457051 0.628926 0.053713 0.053713
1 0.541092 0.683670 0.058971 0.058971
1 0.464920 0.711014 0.058971 0.058971
1 0.425802 0.730541 0.060756 0.060756
1 0.152364 0.627025 0.060756 0.060756
1 0.123123 0.662186 0.058971 0.058971
1 0.189525 0.712911 0.060756 0.060756
1 0.302754 0.777363 0.062490 0.062490
1 0.347733 0.798905 0.058971 0.058971
1 0.252030 0.839920 0.058971 0.058971
1 0.232494 0.886739 0.060756 0.060756
1 0.195332 0.148457 0.053713 0.053713
1 0.353592 0.408280 0.058971 0.058971
1 0.507812 0.041068 0.056875 0.056875
1 0.205155 0.226639 0.058971 0.058971
1 0.503983 0.453201 0.058971 0.058971
1 0.595723 0.423848 0.062490 0.062490
1 0.880880 0.048900 0.060756 0.060756
1 0.933670 0.087967 0.058971 0.058971
1 0.947286 0.128978 0.060756 0.060756
1 0.951192 0.166088 0.060756 0.060756
1 0.418045 0.587967 0.058971 0.058971
