1 0.154297 0.066406 0.046958 0.046958
1 0.158203 0.021835 0.046595 0.046595
1 0.070312 0.037109 0.046958 0.046958
1 0.437500 0.166016 0.046958 0.046958
1 0.753906 0.275391 0.046958 0.046958
1 0.939453 0.070312 0.046958 0.046958
1 0.935547 0.410156 0.046958 0.046958
1 0.500000 0.578125 0.046958 0.046958
1 0.580078 0.851562 0.046958 0.046958
1 0.392578 0.398438 0.046958 0.046958
1 0.453125 0.324219 0.046958 0.046958
1 0.261719 0.335938 0.046958 0.046958
1 0.236328 0.601562 0.046958 0.046958
1 0.201172 0.625000 0.046958 0.046958
1 0.123047 0.976211 0.046595 0.046595
