1 0.158223 0.591817 0.053713 0.053713
1 0.347676 0.068379 0.053713 0.053713
1 0.679707 0.074238 0.053713 0.053713
1 0.302754 0.138692 0.053713 0.053713
1 0.080098 0.253926 0.053713 0.053713
1 0.738301 0.769551 0.053713 0.053713
1 0.736348 0.810567 0.053713 0.053713
1 0.753926 0.880879 0.053713 0.053713
1 0.855488 0.935567 0.053713 0.053713
1 0.416026 0.975226 0.052246 0.052246
1 0.302754 0.929707 0.053713 0.053713
1 0.134785 0.908223 0.053713 0.053713
1 0.990912 0.658240 0.027964 0.027964
1 0.937520 0.584004 0.053713 0.053713
1 0.826192 0.546895 0.053713 0.053713
1 0.503926 0.697285 0.053713 0.053713
1 0.263692 0.705098 0.053713 0.053713
