1 0.020239 0.806684 0.055097 0.055097
1 0.033224 0.732494 0.060756 0.060756
1 0.714864 0.595775 0.060756 0.060756
1 0.791036 0.533275 0.060756 0.060756
1 0.888692 0.484447 0.060756 0.060756
1 0.410177 0.267650 0.060756 0.060756
1 0.199239 0.330150 0.060756 0.060756
1 0.039083 0.207103 0.060756 0.060756
1 0.855489 0.953197 0.060756 0.060756
1 0.810567 0.869213 0.060756 0.060756
1 0.732442 0.836009 0.060756 0.060756
1 0.574239 0.892650 0.060756 0.060756
1 0.457052 0.923900 0.060756 0.060756
1 0.417989 0.759838 0.060756 0.060756
1 0.017170 0.953176 0.051118 0.051118
1 0.064474 0.904369 0.060756 0.060756
