1 0.441483 0.361405 0.058971 0.058971
1 0.971917 0.062567 0.058100 0.058100
1 0.523514 0.357498 0.058971 0.058971
1 0.572342 0.115311 0.058971 0.058971
1 0.025004 0.238322 0.057343 0.057343
1 0.172924 0.013531 0.044407 0.044407
1 0.595780 0.566483 0.058971 0.058971
1 0.584061 0.628983 0.058971 0.058971
1 0.169998 0.841873 0.058971 0.058971
1 0.146561 0.798905 0.058971 0.058971
1 0.136795 0.703201 0.058971 0.058971
1 0.445389 0.544998 0.058971 0.058971
1 0.294998 0.427811 0.058971 0.058971
1 0.244217 0.111405 0.058971 0.058971
1 0.412186 0.093826 0.058971 0.058971
1 0.853592 0.396561 0.058971 0.058971
1 0.953191 0.027741 0.058641 0.058641
1 0.845780 0.687576 0.058971 0.058971
1 0.857498 0.486405 0.058971 0.058971
1 0.615311 0.943436 0.058971 0.058971
1 0.521561 0.445389 0.058971 0.058971
