1 0.505880 0.853588 0.060756 0.060756
1 0.486349 0.812572 0.060756 0.060756
1 0.238302 0.767650 0.060756 0.060756
1 0.020239 0.783247 0.055097 0.055097
1 0.328146 0.707103 0.060756 0.060756
1 0.742208 0.753978 0.060756 0.060756
1 0.990777 0.718892 0.030538 0.030538
1 0.830099 0.550853 0.060756 0.060756
1 0.839864 0.502025 0.060756 0.060756
1 0.673849 0.445384 0.060756 0.060756
1 0.787130 0.503978 0.060756 0.060756
1 0.964861 0.015176 0.046334 0.046334
1 0.912130 0.052806 0.060756 0.060756
1 0.667979 0.028243 0.059911 0.059911
1 0.617208 0.091869 0.060756 0.060756
1 0.048849 0.117259 0.060756 0.060756
1 0.304708 0.498119 0.060756 0.060756
1 0.375021 0.552806 0.060756 0.060756
1 0.412130 0.605541 0.060756 0.060756
1 0.500021 0.544994 0.060756 0.060756
1 0.646505 0.343822 0.060756 0.060756
1 0.546896 0.966869 0.060756 0.060756
1 0.523458 0.910228 0.060756 0.060756
