1 0.072342 0.150467 0.058971 0.058971
1 0.744217 0.480545 0.058971 0.058971
1 0.535233 0.597733 0.058971 0.058971
1 0.638748 0.156326 0.058971 0.058971
1 0.505936 0.252030 0.058971 0.058971
1 0.425858 0.216873 0.058971 0.058971
1 0.193436 0.959061 0.058971 0.058971
1 0.267655 0.365311 0.058971 0.058971
1 0.259842 0.046951 0.058971 0.058971
1 0.892655 0.302811 0.058971 0.058971
1 0.921951 0.238358 0.058971 0.058971
1 0.896561 0.267655 0.058971 0.058971
1 0.861405 0.224686 0.058971 0.058971
1 0.826248 0.195389 0.058971 0.058971
1 0.884842 0.679764 0.058971 0.058971
1 0.841873 0.753983 0.058971 0.058971
1 0.810623 0.736405 0.058971 0.058971
1 0.755936 0.777420 0.058971 0.058971
1 0.775467 0.603592 0.058971 0.058971
