1 0.029317 0.171895 0.053713 0.053713
1 0.683613 0.740254 0.053713 0.053713
1 0.990086 0.613313 0.030137 0.030137
1 0.460957 0.662129 0.053713 0.053713
1 0.380879 0.789082 0.053713 0.053713
1 0.193379 0.949238 0.053713 0.053713
1 0.882832 0.578145 0.053713 0.053713
1 0.906270 0.835957 0.053713 0.053713
1 0.779317 0.876973 0.053713 0.053713
1 0.730488 0.474629 0.053713 0.053713
1 0.527363 0.525410 0.053713 0.053713
1 0.597676 0.236348 0.053713 0.053713
1 0.582051 0.193379 0.053713 0.053713
1 0.822285 0.126973 0.053713 0.053713
1 0.983972 0.449234 0.042961 0.042961
1 0.710957 0.117207 0.053713 0.053713
1 0.181660 0.115254 0.053713 0.053713
1 0.130879 0.205098 0.053713 0.053713
