1 0.869160 0.046895 0.053713 0.053713
1 0.154321 0.009608 0.034284 0.034284
1 0.160176 0.042988 0.053713 0.053713
1 0.619160 0.064473 0.053713 0.053713
1 0.917988 0.068379 0.053713 0.053713
1 0.576192 0.242207 0.053713 0.053713
1 0.322285 0.390645 0.053713 0.053713
1 0.121113 0.414082 0.053713 0.053713
1 0.486348 0.679707 0.053713 0.053713
1 0.515645 0.716817 0.053713 0.053713
1 0.089863 0.882832 0.053713 0.053713
1 0.357442 0.855488 0.053713 0.053713
1 0.306660 0.912129 0.053713 0.053713
1 0.916035 0.832051 0.053713 0.053713
1 0.959004 0.816426 0.053713 0.053713
1 0.992539 0.847709 0.023324 0.023324
