1 0.269559 0.008784 0.032240 0.032240
1 0.277363 0.080098 0.053713 0.053713
1 0.628926 0.048848 0.053713 0.053713
1 0.876973 0.171895 0.053713 0.053713
1 0.574238 0.246113 0.053713 0.053713
1 0.126973 0.273457 0.053713 0.053713
1 0.275410 0.300801 0.053713 0.053713
1 0.209004 0.404317 0.053713 0.053713
1 0.191426 0.447285 0.053713 0.053713
1 0.111348 0.462910 0.053713 0.053713
1 0.134785 0.664082 0.053713 0.053713
1 0.291035 0.578145 0.053713 0.053713
1 0.316426 0.701192 0.053713 0.053713
1 0.621113 0.578145 0.053713 0.053713
1 0.679707 0.625020 0.053713 0.053713
1 0.792988 0.724629 0.053713 0.053713
1 0.880879 0.615254 0.053713 0.053713
1 0.681660 0.923848 0.053713 0.053713
1 0.822285 0.964863 0.053713 0.053713
