1 0.722676 0.099629 0.053713 0.053713
1 0.740254 0.054707 0.053713 0.053713
1 0.443379 0.078145 0.053713 0.053713
1 0.814473 0.292988 0.053713 0.053713
1 0.474629 0.753926 0.053713 0.053713
1 0.979943 0.333997 0.048385 0.048385
1 0.937520 0.404317 0.053713 0.053713
1 0.898457 0.626973 0.053713 0.053713
1 0.416035 0.828145 0.053713 0.053713
1 0.365254 0.828145 0.053713 0.053713
1 0.166035 0.818379 0.053713 0.053713
1 0.156270 0.746113 0.053713 0.053713
1 0.205098 0.683613 0.053713 0.053713
1 0.957051 0.955098 0.053713 0.053713
1 0.935567 0.912129 0.053713 0.053713
1 0.683613 0.929707 0.053713 0.053713
1 0.644551 0.951192 0.053713 0.053713
