1 0.607442 0.199291 0.060756 0.060756
1 0.613302 0.617259 0.060756 0.060756
1 0.943380 0.642650 0.060756 0.060756
1 0.987351 0.498134 0.039115 0.039115
1 0.726583 0.564525 0.060756 0.060756
1 0.320333 0.394603 0.060756 0.060756
1 0.664083 0.656322 0.060756 0.060756
1 0.255880 0.066478 0.060756 0.060756
1 0.341817 0.964916 0.060756 0.060756
1 0.535177 0.931713 0.060756 0.060756
1 0.523448 0.969952 0.059911 0.059911
1 0.517599 0.892650 0.060756 0.060756
1 0.603536 0.878978 0.060756 0.060756
1 0.544942 0.837963 0.060756 0.060756
1 0.812521 0.927806 0.060756 0.060756
1 0.689474 0.851634 0.060756 0.060756
1 0.667989 0.812572 0.060756 0.060756
1 0.132833 0.777416 0.060756 0.060756
1 0.375021 0.759838 0.060756 0.060756
1 0.474630 0.671947 0.060756 0.060756
1 0.511739 0.630931 0.060756 0.060756
