1 0.582108 0.490311 0.058971 0.058971
1 0.537186 0.029373 0.058971 0.058971
1 0.269608 0.238358 0.058971 0.058971
1 0.521561 0.185623 0.058971 0.058971
1 0.625076 0.193436 0.058971 0.058971
1 0.836014 0.127030 0.058971 0.058971
1 0.814530 0.269608 0.058971 0.058971
1 0.978857 0.628955 0.052153 0.052153
1 0.983710 0.677800 0.044950 0.044950
1 0.560623 0.599686 0.058971 0.058971
1 0.390701 0.558670 0.058971 0.058971
1 0.404373 0.603592 0.058971 0.058971
1 0.211014 0.574295 0.058971 0.058971
1 0.232498 0.628983 0.058971 0.058971
