1 0.787130 0.712963 0.060756 0.060756
1 0.773458 0.168041 0.060756 0.060756
1 0.769552 0.197338 0.060756 0.060756
1 0.781271 0.265697 0.060756 0.060756
1 0.697286 0.224681 0.060756 0.060756
1 0.445333 0.261791 0.060756 0.060756
1 0.283224 0.252025 0.060756 0.060756
1 0.148458 0.252025 0.060756 0.060756
1 0.166036 0.662181 0.060756 0.060756
1 0.024865 0.669960 0.059177 0.059177
1 0.478536 0.605541 0.060756 0.060756
1 0.519552 0.648509 0.060756 0.060756
1 0.640646 0.712963 0.060756 0.060756
1 0.552755 0.752025 0.060756 0.060756
1 0.513692 0.771556 0.060756 0.060756
1 0.568380 0.787181 0.060756 0.060756
1 0.736349 0.853588 0.060756 0.060756
1 0.576192 0.869213 0.060756 0.060756
1 0.437521 0.959056 0.060756 0.060756
1 0.300802 0.849681 0.060756 0.060756
