1 0.169969 0.977799 0.053350 0.053350
1 0.230545 0.791092 0.058971 0.058971
1 0.255936 0.828201 0.058971 0.058971
1 0.357498 0.638748 0.058971 0.058971
1 0.488358 0.384842 0.058971 0.058971
1 0.562576 0.363358 0.058971 0.058971
1 0.695389 0.074295 0.058971 0.058971
1 0.752030 0.421951 0.058971 0.058971
1 0.796951 0.511795 0.058971 0.058971
1 0.578201 0.628983 0.058971 0.058971
1 0.468826 0.773514 0.058971 0.058971
1 0.435623 0.886795 0.058971 0.058971
1 0.441483 0.951248 0.058971 0.058971
1 0.638748 0.763748 0.058971 0.058971
1 0.845780 0.923905 0.058971 0.058971
1 0.837932 0.974469 0.056532 0.056532
1 0.150467 0.857498 0.058971 0.058971
1 0.107498 0.877030 0.058971 0.058971
1 0.068436 0.937576 0.058971 0.058971
1 0.084061 0.773514 0.058971 0.058971
1 0.033280 0.777420 0.058971 0.058971
