1 0.548879 0.018266 0.050976 0.050976
1 0.431717 0.427811 0.058971 0.058971
1 0.441483 0.552811 0.058971 0.058971
1 0.265701 0.656326 0.058971 0.058971
1 0.048905 0.765701 0.058971 0.058971
1 0.205155 0.730545 0.058971 0.058971
1 0.218826 0.775467 0.058971 0.058971
1 0.275467 0.748123 0.058971 0.058971
1 0.652420 0.531326 0.058971 0.058971
1 0.640701 0.488358 0.058971 0.058971
1 0.669998 0.459061 0.058971 0.058971
1 0.669998 0.953201 0.058971 0.058971
1 0.871170 0.859451 0.058971 0.058971
1 0.933670 0.773514 0.058971 0.058971
1 0.976714 0.777389 0.054476 0.054476
1 0.966873 0.937576 0.058971 0.058971
1 0.148514 0.406326 0.058971 0.058971
1 0.020352 0.160203 0.053441 0.053441
1 0.449295 0.343826 0.058971 0.058971
1 0.632889 0.234451 0.058971 0.058971
1 0.664139 0.039139 0.058971 0.058971
