1 0.964864 0.910228 0.060756 0.060756
1 0.119161 0.054759 0.060756 0.060756
1 0.289083 0.187572 0.060756 0.060756
1 0.531271 0.148509 0.060756 0.060756
1 0.949239 0.211009 0.060756 0.060756
1 0.158224 0.505931 0.060756 0.060756
1 0.039083 0.839916 0.060756 0.060756
1 0.464864 0.675853 0.060756 0.060756
1 0.642599 0.589916 0.060756 0.060756
1 0.707052 0.775463 0.060756 0.060756
1 0.671896 0.929759 0.060756 0.060756
1 0.939474 0.734447 0.060756 0.060756
1 0.914083 0.810619 0.060756 0.060756
1 0.908224 0.957103 0.060756 0.060756
