1 0.121113 0.593770 0.053713 0.053713
1 0.018153 0.597668 0.048385 0.048385
1 0.289082 0.910176 0.053713 0.053713
1 0.273457 0.632832 0.053713 0.053713
1 0.355488 0.611348 0.053713 0.053713
1 0.101582 0.253926 0.053713 0.053713
1 0.365254 0.320332 0.053713 0.053713
1 0.496113 0.562520 0.053713 0.053713
1 0.705098 0.726582 0.053713 0.053713
1 0.740254 0.802754 0.053713 0.053713
1 0.966817 0.705098 0.053713 0.053713
1 0.609395 0.335957 0.053713 0.053713
1 0.753926 0.398457 0.053713 0.053713
1 0.787129 0.361348 0.053713 0.053713
1 0.945332 0.209004 0.053713 0.053713
1 0.985783 0.123065 0.039670 0.039670
1 0.718770 0.062520 0.053713 0.053713
1 0.572285 0.195332 0.053713 0.053713
1 0.542988 0.156270 0.053713 0.053713
1 0.582051 0.150410 0.053713 0.053713
