1 0.523514 0.953201 0.058971 0.058971
1 0.562567 0.971917 0.058100 0.058100
1 0.605545 0.941483 0.058971 0.058971
1 0.638748 0.798905 0.058971 0.058971
1 0.980889 0.353570 0.049526 0.049526
1 0.971917 0.031317 0.058100 0.058100
1 0.037186 0.306717 0.058971 0.058971
1 0.125076 0.287186 0.058971 0.058971
1 0.029373 0.644608 0.058971 0.058971
1 0.035233 0.753983 0.058971 0.058971
1 0.216873 0.732498 0.058971 0.058971
1 0.232498 0.691483 0.058971 0.058971
1 0.378983 0.296951 0.058971 0.058971
1 0.668045 0.054764 0.058971 0.058971
1 0.681717 0.445389 0.058971 0.058971
1 0.634842 0.484451 0.058971 0.058971
1 0.578201 0.765701 0.058971 0.058971
1 0.543045 0.794998 0.058971 0.058971
1 0.453201 0.890701 0.058971 0.058971
