1 0.425781 0.375000 0.052339 0.052339
1 0.361328 0.662109 0.052339 0.052339
1 0.324251 0.888704 0.042162 0.042162
1 0.416048 0.843782 0.042162 0.042162
1 0.355469 0.779297 0.052339 0.052339
1 0.808610 0.978207 0.041815 0.041815
1 0.751953 0.474609 0.052339 0.052339
1 0.837923 0.916048 0.042162 0.042162
1 0.859407 0.955110 0.042162 0.042162
1 0.429720 0.062532 0.042162 0.042162
1 0.490234 0.613281 0.052339 0.052339
1 0.240234 0.429688 0.052339 0.052339
1 0.570312 0.095703 0.052339 0.052339
1 0.232422 0.779297 0.052339 0.052339
1 0.943359 0.845703 0.052339 0.052339
