1 0.068379 0.484395 0.053713 0.053713
1 0.763692 0.595723 0.053713 0.053713
1 0.714863 0.574238 0.053713 0.053713
1 0.709004 0.535176 0.053713 0.053713
1 0.462910 0.718770 0.053713 0.053713
1 0.207051 0.687520 0.053713 0.053713
1 0.460957 0.351582 0.053713 0.053713
1 0.480488 0.259785 0.053713 0.053713
1 0.525410 0.279317 0.053713 0.053713
1 0.515645 0.232442 0.053713 0.053713
1 0.983016 0.253921 0.044461 0.044461
1 0.832051 0.146504 0.053713 0.053713
1 0.769551 0.115254 0.053713 0.053713
1 0.142598 0.113301 0.053713 0.053713
1 0.193379 0.050801 0.053713 0.053713
