1 0.207044 0.977063 0.054431 0.054431
1 0.857442 0.050853 0.060756 0.060756
1 0.971834 0.154360 0.059830 0.059830
1 0.982833 0.484433 0.048032 0.048032
1 0.902364 0.431713 0.060756 0.060756
1 0.783224 0.369213 0.060756 0.060756
1 0.453136 0.024486 0.057554 0.057554
1 0.578146 0.123119 0.060756 0.060756
1 0.455099 0.242259 0.060756 0.060756
1 0.498067 0.240306 0.060756 0.060756
1 0.587911 0.312572 0.060756 0.060756
1 0.140646 0.490306 0.060756 0.060756
1 0.103536 0.716869 0.060756 0.060756
1 0.357442 0.490306 0.060756 0.060756
1 0.460958 0.472728 0.060756 0.060756
1 0.490255 0.503978 0.060756 0.060756
1 0.562521 0.511791 0.060756 0.060756
1 0.572286 0.591869 0.060756 0.060756
1 0.384786 0.552806 0.060756 0.060756
1 0.789083 0.720775 0.060756 0.060756
1 0.277364 0.789134 0.060756 0.060756
1 0.326192 0.802806 0.060756 0.060756
1 0.367208 0.855541 0.060756 0.060756
