1 0.054739 0.066737 0.012369 0.012369
1 0.066458 0.080409 0.012369 0.012369
1 0.127005 0.033534 0.012369 0.012369
1 0.119192 0.015956 0.012369 0.012369
1 0.234427 0.035487 0.012369 0.012369
1 0.228567 0.055018 0.012369 0.012369
1 0.171927 0.060878 0.012369 0.012369
1 0.158255 0.074549 0.012369 0.012369
1 0.136770 0.072596 0.012369 0.012369
1 0.123099 0.072596 0.012369 0.012369
1 0.043020 0.187831 0.012369 0.012369
1 0.031302 0.174159 0.012369 0.012369
1 0.130911 0.160487 0.012369 0.012369
1 0.152395 0.166346 0.012369 0.012369
1 0.175833 0.160487 0.012369 0.012369
1 0.195364 0.166346 0.012369 0.012369
1 0.277395 0.092128 0.012369 0.012369
1 0.261770 0.099940 0.012369 0.012369
1 0.332083 0.185878 0.012369 0.012369
1 0.335989 0.205409 0.012369 0.012369
1 0.486328 0.107422 0.014947 0.014947
1 0.501953 0.095703 0.014947 0.014947
1 0.486328 0.091797 0.014947 0.014947
1 0.652344 0.052734 0.014947 0.014947
1 0.667969 0.048828 0.014947 0.014947
1 0.681641 0.052734 0.014947 0.014947
1 0.730469 0.052734 0.014947 0.014947
1 0.720703 0.039062 0.014947 0.014947
1 0.679688 0.103516 0.014947 0.014947
1 0.662109 0.166016 0.014947 0.014947
1 0.673828 0.205078 0.014947 0.014947
1 0.681641 0.222656 0.014947 0.014947
1 0.701172 0.232422 0.014947 0.014947
1 0.707031 0.212891 0.014947 0.014947
1 0.359375 0.121197 0.013586 0.013586
1 0.349609 0.111328 0.014947 0.014947
1 0.841797 0.041016 0.014947 0.014947
1 0.855469 0.027344 0.014947 0.014947
1 0.919922 0.029297 0.014947 0.014947
1 0.451172 0.265625 0.014947 0.014947
1 0.464844 0.253906 0.014947 0.014947
1 0.492188 0.314453 0.014947 0.014947
1 0.529297 0.371094 0.014947 0.014947
1 0.539062 0.351562 0.014947 0.014947
1 0.496094 0.394531 0.014947 0.014947
1 0.498047 0.416016 0.014947 0.014947
1 0.787109 0.304688 0.014947 0.014947
1 0.785156 0.287109 0.014947 0.014947
1 0.791016 0.269531 0.014947 0.014947
1 0.830078 0.201172 0.014947 0.014947
1 0.814453 0.214844 0.014947 0.014947
1 0.363281 0.382812 0.014947 0.014947
1 0.345703 0.375000 0.014947 0.014947
1 0.607422 0.281250 0.014947 0.014947
1 0.628906 0.287109 0.014947 0.014947
1 0.794922 0.378906 0.014947 0.014947
1 0.812500 0.390625 0.014947 0.014947
1 0.841797 0.345703 0.014947 0.014947
1 0.841797 0.328125 0.014947 0.014947
1 0.812552 0.156581 0.012369 0.012369
1 0.798880 0.162440 0.012369 0.012369
1 0.734427 0.435878 0.012369 0.012369
1 0.718802 0.424159 0.012369 0.012369
1 0.750052 0.357753 0.012369 0.012369
1 0.718802 0.316737 0.012369 0.012369
1 0.716849 0.305018 0.012369 0.012369
1 0.712942 0.293299 0.012369 0.012369
1 0.484427 0.301112 0.012369 0.012369
1 0.136770 0.211268 0.012369 0.012369
1 0.127005 0.197596 0.012369 0.012369
1 0.136770 0.187831 0.012369 0.012369
1 0.009817 0.305018 0.012369 0.012369
1 0.007864 0.285487 0.012369 0.012369
1 0.078177 0.340174 0.012369 0.012369
1 0.087942 0.328456 0.012369 0.012369
1 0.121145 0.314784 0.012369 0.012369
1 0.130911 0.324549 0.012369 0.012369
1 0.168020 0.500331 0.012369 0.012369
1 0.166067 0.478846 0.012369 0.012369
1 0.152395 0.459315 0.012369 0.012369
1 0.152395 0.472987 0.012369 0.012369
1 0.134817 0.502284 0.012369 0.012369
1 0.101614 0.500331 0.012369 0.012369
1 0.115286 0.508143 0.012369 0.012369
1 0.353567 0.517909 0.012369 0.012369
1 0.339895 0.527674 0.012369 0.012369
1 0.324270 0.525721 0.012369 0.012369
1 0.310599 0.533534 0.012369 0.012369
1 0.275442 0.596034 0.012369 0.012369
1 0.261770 0.607753 0.012369 0.012369
1 0.246145 0.615565 0.012369 0.012369
1 0.248099 0.678065 0.012369 0.012369
1 0.259817 0.691737 0.012369 0.012369
1 0.242239 0.701503 0.012369 0.012369
1 0.337942 0.629237 0.012369 0.012369
1 0.332083 0.642909 0.012369 0.012369
1 0.320364 0.689784 0.012369 0.012369
1 0.308645 0.699549 0.012369 0.012369
1 0.300833 0.711268 0.012369 0.012369
1 0.025442 0.627284 0.012369 0.012369
1 0.209036 0.482753 0.012369 0.012369
1 0.212942 0.467128 0.012369 0.012369
1 0.113333 0.435878 0.012369 0.012369
1 0.132864 0.433924 0.012369 0.012369
1 0.867239 0.514003 0.012369 0.012369
1 0.847708 0.512049 0.012369 0.012369
1 0.857474 0.498378 0.012369 0.012369
1 0.738333 0.506190 0.012369 0.012369
1 0.763724 0.465174 0.012369 0.012369
1 0.752005 0.472987 0.012369 0.012369
1 0.740286 0.465174 0.012369 0.012369
1 0.921927 0.424159 0.012369 0.012369
1 0.935599 0.426112 0.012369 0.012369
1 0.976614 0.529628 0.012369 0.012369
1 0.992239 0.519862 0.012369 0.012369
1 0.871145 0.596034 0.012369 0.012369
1 0.877005 0.576503 0.012369 0.012369
1 0.925833 0.621424 0.012369 0.012369
1 0.591849 0.519862 0.012369 0.012369
1 0.576224 0.494471 0.012369 0.012369
1 0.574270 0.517909 0.012369 0.012369
1 0.605520 0.453456 0.012369 0.012369
1 0.599661 0.467128 0.012369 0.012369
1 0.605520 0.480799 0.012369 0.012369
1 0.709036 0.504237 0.012369 0.012369
1 0.718802 0.498378 0.012369 0.012369
1 0.726614 0.486659 0.012369 0.012369
1 0.337952 0.993625 0.011345 0.011345
1 0.250052 0.984706 0.012369 0.012369
1 0.314505 0.820643 0.012369 0.012369
1 0.339895 0.822596 0.012369 0.012369
1 0.302786 0.808924 0.012369 0.012369
1 0.312552 0.795253 0.012369 0.012369
1 0.283255 0.828456 0.012369 0.012369
1 0.293020 0.847987 0.012369 0.012369
1 0.343802 0.844081 0.012369 0.012369
1 0.427786 0.871424 0.012369 0.012369
1 0.435599 0.887049 0.012369 0.012369
1 0.484427 0.904628 0.012369 0.012369
1 0.500052 0.900721 0.012369 0.012369
1 0.558645 0.978846 0.012369 0.012369
1 0.550843 0.993625 0.011345 0.011345
1 0.531302 0.881190 0.012369 0.012369
1 0.535208 0.867518 0.012369 0.012369
1 0.550833 0.873378 0.012369 0.012369
1 0.636770 0.846034 0.012369 0.012369
1 0.650442 0.865565 0.012369 0.012369
1 0.668020 0.847987 0.012369 0.012369
1 0.681692 0.861659 0.012369 0.012369
1 0.662161 0.705409 0.012369 0.012369
1 0.722708 0.717128 0.012369 0.012369
1 0.654349 0.721034 0.012369 0.012369
1 0.646536 0.740565 0.012369 0.012369
1 0.640677 0.715174 0.012369 0.012369
1 0.632864 0.730799 0.012369 0.012369
1 0.513724 0.596034 0.012369 0.012369
1 0.500052 0.590174 0.012369 0.012369
1 0.505911 0.611659 0.012369 0.012369
1 0.496145 0.601893 0.012369 0.012369
1 0.136770 0.748378 0.012369 0.012369
1 0.125052 0.742518 0.012369 0.012369
1 0.068411 0.801112 0.012369 0.012369
1 0.021536 0.816737 0.012369 0.012369
1 0.082083 0.787440 0.012369 0.012369
1 0.066458 0.773768 0.012369 0.012369
1 0.015677 0.890956 0.012369 0.012369
1 0.021536 0.910487 0.012369 0.012369
1 0.011770 0.931971 0.012369 0.012369
1 0.027395 0.943690 0.012369 0.012369
1 0.043020 0.928065 0.012369 0.012369
1 0.052786 0.937831 0.012369 0.012369
1 0.093811 0.993625 0.011345 0.011345
1 0.486390 0.993625 0.011345 0.011345
1 0.382874 0.993625 0.011345 0.011345
1 0.609427 0.955409 0.012369 0.012369
1 0.638724 0.914393 0.012369 0.012369
1 0.621145 0.908534 0.012369 0.012369
1 0.726614 0.976893 0.012369 0.012369
1 0.738333 0.992518 0.012369 0.012369
1 0.716849 0.959315 0.012369 0.012369
1 0.722708 0.896815 0.012369 0.012369
1 0.720755 0.916346 0.012369 0.012369
1 0.738333 0.910487 0.012369 0.012369
1 0.765677 0.607753 0.012369 0.012369
1 0.888724 0.750331 0.012369 0.012369
1 0.916067 0.744471 0.012369 0.012369
1 0.953177 0.746424 0.012369 0.012369
1 0.951224 0.769862 0.012369 0.012369
1 0.953177 0.847987 0.012369 0.012369
1 0.966849 0.840174 0.012369 0.012369
1 0.767630 0.740565 0.012369 0.012369
1 0.777395 0.719081 0.012369 0.012369
1 0.865286 0.941737 0.012369 0.012369
1 0.878958 0.734706 0.012369 0.012369
1 0.904349 0.699549 0.012369 0.012369
1 0.900442 0.664393 0.012369 0.012369
1 0.970755 0.646815 0.012369 0.012369
1 0.993501 0.642815 0.011557 0.011557
1 0.945364 0.793299 0.012369 0.012369
1 0.460989 0.498378 0.012369 0.012369
1 0.443411 0.480799 0.012369 0.012369
1 0.355520 0.430018 0.012369 0.012369
1 0.339895 0.431971 0.012369 0.012369
1 0.341849 0.416346 0.012369 0.012369
1 0.486380 0.191737 0.012369 0.012369
1 0.500052 0.180018 0.012369 0.012369
1 0.591849 0.121424 0.012369 0.012369
1 0.597708 0.103846 0.012369 0.012369
1 0.918020 0.230799 0.012369 0.012369
1 0.900442 0.219081 0.012369 0.012369
1 0.918020 0.217128 0.012369 0.012369
1 0.906302 0.176112 0.012369 0.012369
1 0.912161 0.164393 0.012369 0.012369
1 0.937552 0.154628 0.012369 0.012369
1 0.134817 0.699549 0.012369 0.012369
1 0.181692 0.701503 0.012369 0.012369
1 0.199270 0.699549 0.012369 0.012369
1 0.246145 0.810878 0.012369 0.012369
1 0.259817 0.803065 0.012369 0.012369
1 0.252005 0.795253 0.012369 0.012369
1 0.791067 0.896815 0.012369 0.012369
1 0.209036 0.885096 0.012369 0.012369
1 0.806641 0.878906 0.014947 0.014947
1 0.980469 0.855469 0.014947 0.014947
1 0.888724 0.828456 0.012369 0.012369
1 0.648489 0.828456 0.012369 0.012369
1 0.373099 0.717128 0.012369 0.012369
1 0.873099 0.713221 0.012369 0.012369
1 0.500052 0.711268 0.012369 0.012369
1 0.150442 0.687831 0.012369 0.012369
1 0.964844 0.675781 0.014947 0.014947
1 0.732474 0.676112 0.012369 0.012369
1 0.875000 0.664062 0.014947 0.014947
1 0.859427 0.646815 0.012369 0.012369
1 0.941406 0.642578 0.014947 0.014947
1 0.871145 0.613612 0.012369 0.012369
1 0.556641 0.613281 0.014947 0.014947
1 0.802734 0.591797 0.014947 0.014947
1 0.384766 0.589844 0.014947 0.014947
1 0.707083 0.578456 0.012369 0.012369
1 0.369141 0.574219 0.014947 0.014947
1 0.398438 0.560547 0.014947 0.014947
1 0.972708 0.555018 0.012369 0.012369
1 0.810547 0.546875 0.014947 0.014947
1 0.667969 0.546875 0.014947 0.014947
1 0.873047 0.535156 0.014947 0.014947
1 0.923828 0.521484 0.014947 0.014947
1 0.677734 0.468750 0.014947 0.014947
1 0.304688 0.437500 0.014947 0.014947
1 0.957031 0.435547 0.014947 0.014947
1 0.160156 0.423828 0.014947 0.014947
1 0.541067 0.402674 0.012369 0.012369
1 0.298828 0.402344 0.014947 0.014947
1 0.273489 0.396815 0.012369 0.012369
1 0.425781 0.355469 0.014947 0.014947
1 0.513672 0.339844 0.014947 0.014947
1 0.537109 0.326172 0.014947 0.014947
1 0.289114 0.326503 0.012369 0.012369
1 0.410156 0.320312 0.014947 0.014947
1 0.261719 0.308594 0.014947 0.014947
1 0.708984 0.271484 0.014947 0.014947
1 0.859375 0.250000 0.014947 0.014947
1 0.574219 0.234375 0.014947 0.014947
1 0.070312 0.226562 0.014947 0.014947
1 0.429688 0.224609 0.014947 0.014947
1 0.531250 0.216797 0.014947 0.014947
1 0.462891 0.216797 0.014947 0.014947
1 0.240234 0.208984 0.014947 0.014947
1 0.375000 0.203125 0.014947 0.014947
1 0.207083 0.187831 0.012369 0.012369
1 0.318411 0.154628 0.012369 0.012369
1 0.626953 0.148438 0.014947 0.014947
1 0.482422 0.134766 0.014947 0.014947
1 0.183594 0.119141 0.014947 0.014947
1 0.205078 0.101562 0.014947 0.014947
1 0.160156 0.095703 0.014947 0.014947
1 0.652395 0.084315 0.012369 0.012369
1 0.097656 0.080078 0.014947 0.014947
1 0.361328 0.072266 0.014947 0.014947
1 0.320312 0.064453 0.014947 0.014947
1 0.296875 0.050781 0.014947 0.014947
1 0.421875 0.048828 0.014947 0.014947
1 0.533203 0.037109 0.014947 0.014947
1 0.373099 0.025721 0.012369 0.012369
1 0.164114 0.006190 0.012369 0.012369
1 0.705130 0.982753 0.012369 0.012369
1 0.400442 0.969081 0.012369 0.012369
1 0.574219 0.958984 0.014947 0.014947
1 0.908203 0.945312 0.014947 0.014947
1 0.974609 0.947266 0.022475 0.022475
1 0.068411 0.937831 0.012369 0.012369
1 0.783203 0.935547 0.014947 0.014947
1 0.769531 0.917969 0.014947 0.014947
1 0.589895 0.912440 0.012369 0.012369
1 0.191458 0.910487 0.012369 0.012369
1 0.681641 0.900391 0.014947 0.014947
1 0.191406 0.884766 0.014947 0.014947
1 0.828125 0.882812 0.014947 0.014947
1 0.296927 0.879237 0.012369 0.012369
1 0.404297 0.857422 0.014947 0.014947
1 0.132812 0.849609 0.014947 0.014947
1 0.199219 0.845703 0.014947 0.014947
1 0.910156 0.839844 0.014947 0.014947
1 0.390625 0.822266 0.014947 0.014947
1 0.753906 0.810547 0.014947 0.014947
1 0.871094 0.806641 0.014947 0.014947
1 0.630859 0.789062 0.014947 0.014947
1 0.046927 0.789393 0.012369 0.012369
1 0.544922 0.785156 0.014947 0.014947
1 0.720703 0.785156 0.014947 0.014947
1 0.845703 0.777344 0.014947 0.014947
1 0.908203 0.773438 0.014947 0.014947
1 0.296875 0.771484 0.014947 0.014947
1 0.671875 0.769531 0.014947 0.014947
1 0.542969 0.763672 0.014947 0.014947
1 0.816533 0.761950 0.019022 0.019022
1 0.410156 0.759766 0.014947 0.014947
1 0.318359 0.753906 0.014947 0.014947
1 0.437500 0.751953 0.014947 0.014947
1 0.281250 0.734375 0.014947 0.014947
1 0.070312 0.730469 0.014947 0.014947
1 0.460938 0.728516 0.014947 0.014947
1 0.835989 0.711268 0.012369 0.012369
1 0.431641 0.707031 0.014947 0.014947
1 0.068359 0.701172 0.014947 0.014947
1 0.224661 0.691737 0.012369 0.012369
1 0.593750 0.691406 0.014947 0.014947
1 0.814453 0.681641 0.014947 0.014947
1 0.625000 0.681641 0.014947 0.014947
1 0.496220 0.677966 0.019022 0.019022
1 0.052734 0.671875 0.014947 0.014947
1 0.185547 0.654297 0.014947 0.014947
1 0.142630 0.652674 0.012369 0.012369
1 0.599661 0.640956 0.012369 0.012369
1 0.500000 0.638672 0.014947 0.014947
1 0.271484 0.634766 0.014947 0.014947
1 0.615286 0.625331 0.012369 0.012369
1 0.792969 0.621094 0.014947 0.014947
1 0.404297 0.613281 0.014947 0.014947
1 0.191458 0.594081 0.012369 0.012369
1 0.677734 0.582031 0.014947 0.014947
1 0.425781 0.583984 0.014947 0.014947
1 0.740234 0.546875 0.014947 0.014947
1 0.502005 0.547206 0.012369 0.012369
1 0.367239 0.529628 0.012369 0.012369
1 0.257939 0.519763 0.019022 0.019022
1 0.193411 0.510096 0.012369 0.012369
1 0.525517 0.500232 0.019022 0.019022
1 0.283203 0.462891 0.014947 0.014947
1 0.384892 0.445544 0.019022 0.019022
1 0.531250 0.441406 0.014947 0.014947
1 0.449219 0.427734 0.014947 0.014947
1 0.195312 0.427734 0.014947 0.014947
1 0.251953 0.394531 0.014947 0.014947
1 0.060547 0.388672 0.014947 0.014947
1 0.644531 0.380859 0.014947 0.014947
1 0.673828 0.363281 0.014947 0.014947
1 0.052734 0.361328 0.014947 0.014947
1 0.369141 0.357422 0.014947 0.014947
1 0.318359 0.345703 0.014947 0.014947
1 0.166016 0.332031 0.014947 0.014947
1 0.382864 0.330409 0.012369 0.012369
1 0.308594 0.312500 0.014947 0.014947
1 0.376953 0.304688 0.014947 0.014947
1 0.730469 0.261719 0.014947 0.014947
1 0.183594 0.210938 0.014947 0.014947
1 0.095703 0.191406 0.014947 0.014947
1 0.875127 0.142810 0.019022 0.019022
1 0.830078 0.101562 0.014947 0.014947
1 0.228567 0.992518 0.012369 0.012369
1 0.683645 0.984706 0.012369 0.012369
1 0.175781 0.972656 0.014947 0.014947
1 0.654297 0.968750 0.014947 0.014947
1 0.138672 0.953125 0.014947 0.014947
1 0.539062 0.943359 0.022475 0.022475
1 0.669922 0.929688 0.014947 0.014947
1 0.216849 0.914393 0.012369 0.012369
1 0.279297 0.904297 0.014947 0.014947
1 0.326172 0.898438 0.014947 0.014947
1 0.226562 0.859375 0.014947 0.014947
1 0.087891 0.837891 0.014947 0.014947
1 0.220703 0.830078 0.014947 0.014947
1 0.128906 0.824219 0.014947 0.014947
1 0.093802 0.816737 0.012369 0.012369
1 0.601614 0.777674 0.012369 0.012369
1 0.351562 0.775391 0.014947 0.014947
1 0.462891 0.765625 0.014947 0.014947
1 0.228516 0.763672 0.014947 0.014947
1 0.218750 0.726562 0.014947 0.014947
1 0.148489 0.711268 0.012369 0.012369
1 0.039062 0.703125 0.014947 0.014947
1 0.281377 0.681872 0.019022 0.019022
1 0.445439 0.676013 0.019022 0.019022
1 0.125000 0.660156 0.014947 0.014947
1 0.275391 0.656250 0.014947 0.014947
1 0.142578 0.597656 0.014947 0.014947
1 0.095703 0.578125 0.014947 0.014947
1 0.214895 0.574549 0.012369 0.012369
1 0.117188 0.552734 0.014947 0.014947
1 0.039062 0.537109 0.014947 0.014947
1 0.087942 0.523768 0.012369 0.012369
1 0.681767 0.394763 0.019022 0.019022
1 0.123047 0.343750 0.014947 0.014947
1 0.037109 0.972656 0.014947 0.014947
1 0.480595 0.947497 0.019022 0.019022
1 0.339844 0.941406 0.014947 0.014947
1 0.128906 0.910156 0.014947 0.014947
1 0.103672 0.884975 0.026766 0.026766
1 0.166016 0.871094 0.014947 0.014947
1 0.662236 0.799060 0.019022 0.019022
1 0.027344 0.736328 0.014947 0.014947
1 0.408330 0.492419 0.019022 0.019022
1 0.585938 0.326172 0.014947 0.014947
1 0.078125 0.958984 0.014947 0.014947
1 0.269658 0.769763 0.019022 0.019022
1 0.833923 0.960938 0.039301 0.039301
1 0.724609 0.941406 0.014947 0.014947
1 0.941458 0.404628 0.012369 0.012369
1 0.763672 0.033203 0.014947 0.014947
1 0.908203 0.640625 0.014947 0.014947
1 0.902470 0.498278 0.019022 0.019022
1 0.689580 0.439685 0.019022 0.019022
1 0.519583 0.404628 0.012369 0.012369
1 0.800781 0.228516 0.014947 0.014947
1 0.588017 0.205310 0.019022 0.019022
1 0.746220 0.092028 0.019022 0.019022
1 0.986380 0.758143 0.012369 0.012369
1 0.380859 0.738281 0.014947 0.014947
1 0.380986 0.640857 0.019022 0.019022
1 0.859375 0.564453 0.014947 0.014947
1 0.773564 0.433825 0.019022 0.019022
1 0.779349 0.344081 0.012369 0.012369
1 0.234502 0.162341 0.019022 0.019022
1 0.019531 0.150391 0.014947 0.014947
1 0.679688 0.128906 0.014947 0.014947
1 0.916142 0.912341 0.019022 0.019022
1 0.705078 0.822266 0.014947 0.014947
1 0.580205 0.730700 0.019022 0.019022
1 0.734375 0.705078 0.014947 0.014947
1 0.607549 0.584216 0.019022 0.019022
1 0.945312 0.566406 0.022475 0.022475
1 0.238408 0.431872 0.019022 0.019022
1 0.892578 0.376953 0.022475 0.022475
1 0.029297 0.330078 0.014947 0.014947
1 0.828125 0.283203 0.022475 0.022475
1 0.509892 0.259997 0.019022 0.019022
1 0.679739 0.080409 0.012369 0.012369
1 0.894531 0.068359 0.022475 0.022475
1 0.993501 0.027580 0.011557 0.011557
1 0.593750 0.976562 0.014947 0.014947
1 0.414062 0.914062 0.014947 0.014947
1 0.185674 0.767810 0.019022 0.019022
1 0.601614 0.437831 0.012369 0.012369
1 0.888724 0.349940 0.012369 0.012369
1 0.246220 0.355700 0.019022 0.019022
1 0.931692 0.308924 0.012369 0.012369
1 0.964895 0.221034 0.012369 0.012369
1 0.808645 0.183924 0.012369 0.012369
1 0.830130 0.156581 0.012369 0.012369
1 0.986380 0.131190 0.012369 0.012369
1 0.908203 0.105469 0.014947 0.014947
1 0.730469 0.076172 0.014947 0.014947
1 0.609375 0.060547 0.014947 0.014947
1 0.697266 0.031250 0.014947 0.014947
1 0.783330 0.978747 0.019022 0.019022
1 0.431641 0.958984 0.022475 0.022475
1 0.554739 0.851893 0.012369 0.012369
1 0.951224 0.806971 0.012369 0.012369
1 0.988281 0.808594 0.014947 0.014947
1 0.609427 0.705409 0.012369 0.012369
1 0.013724 0.640956 0.012369 0.012369
1 0.472783 0.615466 0.019022 0.019022
1 0.757864 0.590174 0.012369 0.012369
1 0.974661 0.578456 0.012369 0.012369
1 0.127005 0.517909 0.012369 0.012369
1 0.621145 0.484706 0.012369 0.012369
1 0.837891 0.417969 0.014947 0.014947
1 0.972656 0.412109 0.014947 0.014947
1 0.593750 0.404297 0.014947 0.014947
1 0.875000 0.400391 0.014947 0.014947
1 0.993501 0.367424 0.011557 0.011557
1 0.802786 0.355799 0.012369 0.012369
1 0.660156 0.332031 0.014947 0.014947
1 0.332031 0.324219 0.022475 0.022475
1 0.517578 0.312500 0.014947 0.014947
1 0.759766 0.308594 0.014947 0.014947
1 0.546875 0.308594 0.014947 0.014947
1 0.859375 0.294922 0.014947 0.014947
1 0.933594 0.285156 0.014947 0.014947
1 0.769583 0.248378 0.012369 0.012369
1 0.533203 0.248047 0.014947 0.014947
1 0.734375 0.242188 0.014947 0.014947
1 0.662161 0.232753 0.012369 0.012369
1 0.216797 0.224609 0.014947 0.014947
1 0.990234 0.222656 0.014947 0.014947
1 0.484375 0.212891 0.014947 0.014947
1 0.439453 0.191406 0.014947 0.014947
1 0.919922 0.189453 0.014947 0.014947
1 0.572266 0.187500 0.014947 0.014947
1 0.400391 0.183594 0.014947 0.014947
1 0.734375 0.179688 0.014947 0.014947
1 0.646536 0.170253 0.012369 0.012369
1 0.267578 0.164062 0.014947 0.014947
1 0.373047 0.146484 0.014947 0.014947
1 0.785156 0.136719 0.014947 0.014947
1 0.453125 0.130859 0.014947 0.014947
1 0.087891 0.128906 0.014947 0.014947
1 0.976562 0.103516 0.014947 0.014947
1 0.707031 0.058594 0.014947 0.014947
1 0.986380 0.053065 0.012369 0.012369
1 0.875000 0.042969 0.014947 0.014947
1 0.466797 0.037109 0.014947 0.014947
1 0.332031 0.029297 0.014947 0.014947
1 0.488333 0.021815 0.012369 0.012369
1 0.937552 0.006190 0.012369 0.012369
1 0.617239 0.939784 0.012369 0.012369
1 0.439505 0.910487 0.012369 0.012369
