1 0.634766 0.992976 0.013586 0.013586
1 0.585938 0.990234 0.014947 0.014947
1 0.263672 0.843750 0.014947 0.014947
1 0.261719 0.865234 0.014947 0.014947
1 0.285156 0.917969 0.014947 0.014947
1 0.285156 0.900391 0.014947 0.014947
1 0.238281 0.917969 0.014947 0.014947
1 0.240234 0.906250 0.014947 0.014947
1 0.111328 0.136719 0.014947 0.014947
1 0.103516 0.128906 0.014947 0.014947
1 0.380859 0.126953 0.014947 0.014947
1 0.375000 0.138672 0.014947 0.014947
1 0.386719 0.265625 0.014947 0.014947
1 0.398438 0.271484 0.014947 0.014947
1 0.410156 0.263672 0.014947 0.014947
1 0.296875 0.263672 0.014947 0.014947
1 0.294922 0.277344 0.014947 0.014947
1 0.218750 0.519531 0.014947 0.014947
1 0.226562 0.509766 0.014947 0.014947
1 0.533203 0.212891 0.014947 0.014947
1 0.548828 0.216797 0.014947 0.014947
1 0.564453 0.214844 0.014947 0.014947
1 0.216797 0.191406 0.014947 0.014947
1 0.226562 0.179688 0.014947 0.014947
1 0.417969 0.312500 0.014947 0.014947
1 0.761719 0.308594 0.014947 0.014947
1 0.212942 0.299159 0.012369 0.012369
1 0.787109 0.292969 0.014947 0.014947
1 0.542969 0.281250 0.014947 0.014947
1 0.627005 0.271815 0.012369 0.012369
1 0.335989 0.256190 0.012369 0.012369
1 0.710989 0.240565 0.012369 0.012369
1 0.607422 0.236328 0.022475 0.022475
1 0.806641 0.232422 0.014947 0.014947
1 0.349609 0.128906 0.014947 0.014947
1 0.293020 0.353846 0.012369 0.012369
1 0.230469 0.232422 0.014947 0.014947
1 0.478516 0.398438 0.014947 0.014947
1 0.685674 0.226794 0.019022 0.019022
1 0.308594 0.220703 0.014947 0.014947
1 0.193359 0.220703 0.014947 0.014947
1 0.425781 0.220703 0.014947 0.014947
1 0.722656 0.205078 0.014947 0.014947
1 0.642578 0.195312 0.014947 0.014947
1 0.357474 0.191737 0.012369 0.012369
1 0.423828 0.189453 0.014947 0.014947
1 0.152344 0.185547 0.014947 0.014947
1 0.201299 0.867419 0.019022 0.019022
1 0.761719 0.171875 0.014947 0.014947
1 0.652344 0.164062 0.014947 0.014947
1 0.353516 0.160156 0.014947 0.014947
1 0.929814 0.148669 0.019022 0.019022
1 0.738281 0.144531 0.014947 0.014947
1 0.951172 0.144531 0.014947 0.014947
1 0.306692 0.137049 0.012369 0.012369
1 0.771484 0.125000 0.014947 0.014947
1 0.277395 0.117518 0.012369 0.012369
1 0.097656 0.107422 0.014947 0.014947
1 0.357422 0.099609 0.014947 0.014947
1 0.396484 0.095703 0.014947 0.014947
1 0.740286 0.078456 0.012369 0.012369
1 0.423880 0.076503 0.012369 0.012369
1 0.453125 0.068359 0.014947 0.014947
1 0.908330 0.068591 0.019022 0.019022
1 0.027344 0.058594 0.014947 0.014947
1 0.335938 0.048828 0.014947 0.014947
1 0.369141 0.990234 0.014947 0.014947
1 0.691458 0.988612 0.012369 0.012369
1 0.130911 0.963221 0.012369 0.012369
1 0.904349 0.928065 0.012369 0.012369
1 0.945312 0.921875 0.014947 0.014947
1 0.750000 0.917969 0.014947 0.014947
1 0.785156 0.666016 0.014947 0.014947
1 0.693411 0.902674 0.012369 0.012369
1 0.564453 0.890625 0.014947 0.014947
1 0.636719 0.876953 0.014947 0.014947
1 0.875000 0.847656 0.014947 0.014947
1 0.369141 0.847656 0.014947 0.014947
1 0.601562 0.837891 0.014947 0.014947
1 0.369141 0.812500 0.014947 0.014947
1 0.800781 0.806641 0.014947 0.014947
1 0.523489 0.793299 0.012369 0.012369
1 0.486380 0.758143 0.012369 0.012369
1 0.796927 0.754237 0.012369 0.012369
1 0.718802 0.744471 0.012369 0.012369
1 0.753906 0.734375 0.014947 0.014947
1 0.857422 0.720703 0.014947 0.014947
1 0.228516 0.705078 0.014947 0.014947
1 0.941533 0.701403 0.019022 0.019022
1 0.539114 0.699549 0.012369 0.012369
1 0.080130 0.963221 0.012369 0.012369
1 0.410156 0.541016 0.014947 0.014947
1 0.505911 0.537440 0.012369 0.012369
1 0.078177 0.529628 0.012369 0.012369
1 0.556641 0.523438 0.014947 0.014947
1 0.941533 0.480700 0.019022 0.019022
1 0.121094 0.472656 0.014947 0.014947
1 0.183594 0.472656 0.014947 0.014947
1 0.248047 0.470703 0.014947 0.014947
1 0.216797 0.470703 0.014947 0.014947
1 0.509766 0.466797 0.014947 0.014947
1 0.306692 0.447596 0.012369 0.012369
1 0.023438 0.437500 0.014947 0.014947
1 0.099609 0.427734 0.014947 0.014947
1 0.548828 0.427734 0.014947 0.014947
1 0.708984 0.423828 0.014947 0.014947
1 0.160156 0.417969 0.014947 0.014947
1 0.066458 0.410487 0.012369 0.012369
1 0.154297 0.394531 0.014947 0.014947
1 0.833984 0.394531 0.014947 0.014947
1 0.673955 0.357653 0.019022 0.019022
1 0.505859 0.351562 0.014947 0.014947
1 0.431767 0.338122 0.019022 0.019022
1 0.058645 0.334315 0.012369 0.012369
1 0.627080 0.328357 0.019022 0.019022
1 0.894531 0.326172 0.014947 0.014947
1 0.658203 0.281250 0.022475 0.022475
1 0.271484 0.263672 0.014947 0.014947
1 0.232422 0.091797 0.014947 0.014947
1 0.662236 0.027575 0.019022 0.019022
1 0.289062 0.023438 0.014947 0.014947
1 0.679739 0.963221 0.012369 0.012369
1 0.132812 0.939453 0.014947 0.014947
1 0.537109 0.925781 0.014947 0.014947
1 0.082083 0.924159 0.012369 0.012369
1 0.736328 0.896484 0.014947 0.014947
1 0.382812 0.875000 0.014947 0.014947
1 0.156250 0.857422 0.014947 0.014947
1 0.482474 0.842128 0.012369 0.012369
1 0.337891 0.824219 0.014947 0.014947
1 0.634817 0.816737 0.012369 0.012369
1 0.412109 0.816406 0.014947 0.014947
1 0.234427 0.814784 0.012369 0.012369
1 0.476614 0.793299 0.012369 0.012369
1 0.164062 0.781250 0.014947 0.014947
1 0.613408 0.779528 0.019022 0.019022
1 0.339844 0.765625 0.014947 0.014947
1 0.281302 0.754237 0.012369 0.012369
1 0.500000 0.728516 0.014947 0.014947
1 0.347656 0.695312 0.014947 0.014947
1 0.031250 0.687500 0.014947 0.014947
1 0.304739 0.672206 0.012369 0.012369
1 0.392630 0.637049 0.012369 0.012369
1 0.066406 0.632812 0.014947 0.014947
1 0.236380 0.633143 0.012369 0.012369
1 0.146611 0.625232 0.019022 0.019022
1 0.775517 0.625232 0.019022 0.019022
1 0.588017 0.625232 0.019022 0.019022
1 0.027344 0.521484 0.014947 0.014947
1 0.095703 0.375000 0.014947 0.014947
1 0.584111 0.189685 0.019022 0.019022
1 0.675908 0.049060 0.019022 0.019022
1 0.218877 0.019763 0.019022 0.019022
1 0.226562 0.988281 0.014947 0.014947
1 0.199219 0.972656 0.014947 0.014947
1 0.107474 0.963221 0.012369 0.012369
1 0.896611 0.965075 0.019022 0.019022
1 0.562500 0.955078 0.014947 0.014947
1 0.273438 0.949219 0.014947 0.014947
1 0.103516 0.941406 0.014947 0.014947
1 0.181641 0.898438 0.014947 0.014947
1 0.050781 0.890625 0.014947 0.014947
1 0.150391 0.878906 0.014947 0.014947
1 0.111328 0.869141 0.014947 0.014947
1 0.138799 0.836169 0.019022 0.019022
1 0.173955 0.820544 0.019022 0.019022
1 0.285156 0.818359 0.014947 0.014947
1 0.203125 0.812500 0.014947 0.014947
1 0.111455 0.804919 0.019022 0.019022
1 0.199219 0.759766 0.014947 0.014947
1 0.861328 0.755859 0.014947 0.014947
1 0.078125 0.753906 0.014947 0.014947
1 0.195312 0.697266 0.014947 0.014947
1 0.005911 0.680018 0.012369 0.012369
1 0.603516 0.677734 0.014947 0.014947
1 0.754033 0.605700 0.019022 0.019022
1 0.031377 0.570544 0.019022 0.019022
1 0.058594 0.937500 0.014947 0.014947
1 0.179688 0.923828 0.014947 0.014947
1 0.451299 0.808825 0.019022 0.019022
1 0.742188 0.960938 0.022475 0.022475
1 0.808645 0.871424 0.012369 0.012369
1 0.707083 0.853846 0.012369 0.012369
1 0.902470 0.781482 0.019022 0.019022
1 0.312500 0.738281 0.022475 0.022475
1 0.845830 0.697497 0.019022 0.019022
1 0.970703 0.687500 0.022475 0.022475
1 0.818359 0.658203 0.022475 0.022475
1 0.941406 0.626953 0.022475 0.022475
1 0.326224 0.584315 0.012369 0.012369
1 0.515677 0.519862 0.012369 0.012369
1 0.412236 0.449450 0.019022 0.019022
1 0.845755 0.338221 0.012369 0.012369
1 0.666016 0.318359 0.022475 0.022475
1 0.691458 0.303065 0.012369 0.012369
1 0.570439 0.302966 0.019022 0.019022
1 0.933645 0.306971 0.012369 0.012369
1 0.004738 0.263817 0.011452 0.011452
1 0.089970 0.258044 0.019022 0.019022
1 0.855469 0.253906 0.022475 0.022475
1 0.457083 0.185878 0.012369 0.012369
1 0.369192 0.076503 0.012369 0.012369
1 0.800781 0.074219 0.014947 0.014947
1 0.857422 0.062500 0.014947 0.014947
1 0.189505 0.041346 0.012369 0.012369
1 0.703125 0.025391 0.014947 0.014947
1 0.310674 0.967028 0.019022 0.019022
1 0.384766 0.941406 0.014947 0.014947
1 0.785156 0.890625 0.022475 0.022475
1 0.912109 0.865234 0.014947 0.014947
1 0.253906 0.781250 0.022475 0.022475
1 0.547032 0.636928 0.026766 0.026766
1 0.707083 0.621424 0.012369 0.012369
1 0.793020 0.570643 0.012369 0.012369
1 0.634817 0.572596 0.012369 0.012369
1 0.800781 0.513672 0.014947 0.014947
1 0.752005 0.433924 0.012369 0.012369
1 0.662109 0.414062 0.014947 0.014947
1 0.583984 0.414062 0.014947 0.014947
1 0.560599 0.373378 0.012369 0.012369
1 0.769583 0.363612 0.012369 0.012369
1 0.748099 0.357753 0.012369 0.012369
1 0.400391 0.355469 0.014947 0.014947
1 0.910156 0.302734 0.014947 0.014947
1 0.898438 0.253906 0.014947 0.014947
1 0.675781 0.248047 0.014947 0.014947
1 0.459111 0.242419 0.019022 0.019022
1 0.929739 0.219081 0.012369 0.012369
1 0.128906 0.214844 0.022475 0.022475
1 0.993501 0.209221 0.011557 0.011557
1 0.294922 0.171875 0.014947 0.014947
1 0.242239 0.160487 0.012369 0.012369
1 0.871094 0.154297 0.014947 0.014947
1 0.599736 0.150622 0.019022 0.019022
1 0.054739 0.115565 0.012369 0.012369
1 0.658255 0.115565 0.012369 0.012369
1 0.627005 0.090174 0.012369 0.012369
1 0.050833 0.088221 0.012369 0.012369
1 0.097656 0.082031 0.014947 0.014947
1 0.341797 0.070312 0.014947 0.014947
1 0.169974 0.066737 0.012369 0.012369
1 0.523438 0.054688 0.014947 0.014947
1 0.056692 0.055018 0.012369 0.012369
1 0.566458 0.066737 0.012369 0.012369
1 0.900391 0.042969 0.014947 0.014947
1 0.511719 0.035156 0.014947 0.014947
1 0.164062 0.027344 0.014947 0.014947
1 0.847783 0.029528 0.019022 0.019022
1 0.484502 0.015857 0.019022 0.019022
1 0.759766 0.013672 0.014947 0.014947
1 0.957083 0.972987 0.012369 0.012369
1 0.031250 0.919922 0.022475 0.022475
1 0.474609 0.900391 0.014947 0.014947
1 0.941458 0.826503 0.012369 0.012369
1 0.703177 0.820643 0.012369 0.012369
1 0.716849 0.805018 0.012369 0.012369
1 0.839844 0.783203 0.014947 0.014947
1 0.957083 0.773768 0.012369 0.012369
1 0.402395 0.765956 0.012369 0.012369
1 0.365361 0.769763 0.019022 0.019022
1 0.992239 0.730799 0.012369 0.012369
1 0.166016 0.732422 0.022475 0.022475
1 0.501953 0.703125 0.014947 0.014947
1 0.757864 0.666346 0.012369 0.012369
1 0.906250 0.613281 0.014947 0.014947
1 0.894531 0.595703 0.014947 0.014947
1 0.781302 0.588221 0.012369 0.012369
1 0.867188 0.580078 0.014947 0.014947
1 0.488281 0.570312 0.014947 0.014947
1 0.519583 0.568690 0.012369 0.012369
1 0.822266 0.548828 0.014947 0.014947
1 0.775391 0.537109 0.014947 0.014947
1 0.900391 0.527344 0.014947 0.014947
1 0.443359 0.519531 0.014947 0.014947
1 0.877005 0.517909 0.012369 0.012369
1 0.718802 0.514003 0.012369 0.012369
1 0.400442 0.510096 0.012369 0.012369
1 0.960938 0.507812 0.014947 0.014947
1 0.564580 0.490466 0.019022 0.019022
1 0.441458 0.480799 0.012369 0.012369
1 0.812500 0.449219 0.014947 0.014947
1 0.361455 0.445544 0.019022 0.019022
1 0.142630 0.443690 0.012369 0.012369
1 0.275442 0.441737 0.012369 0.012369
1 0.853516 0.435547 0.014947 0.014947
1 0.349609 0.414062 0.022475 0.022475
1 0.199270 0.414393 0.012369 0.012369
1 0.765752 0.406482 0.019022 0.019022
1 0.507812 0.404297 0.014947 0.014947
1 0.123047 0.380859 0.014947 0.014947
1 0.246145 0.373378 0.012369 0.012369
1 0.447266 0.361328 0.014947 0.014947
1 0.609502 0.357653 0.019022 0.019022
1 0.156250 0.347656 0.014947 0.014947
1 0.463017 0.326403 0.019022 0.019022
1 0.238281 0.542969 0.014947 0.014947
1 0.931641 0.541016 0.014947 0.014947
1 0.144583 0.547206 0.012369 0.012369
1 0.541016 0.552734 0.014947 0.014947
1 0.431641 0.556641 0.014947 0.014947
1 0.355469 0.587891 0.014947 0.014947
1 0.558594 0.603516 0.014947 0.014947
1 0.425781 0.613281 0.014947 0.014947
1 0.466924 0.613513 0.019022 0.019022
1 0.222656 0.617188 0.014947 0.014947
1 0.015625 0.634766 0.014947 0.014947
1 0.632812 0.656250 0.014947 0.014947
1 0.474661 0.486659 0.012369 0.012369
1 0.253958 0.431971 0.012369 0.012369
1 0.970830 0.314685 0.019022 0.019022
1 0.525442 0.305018 0.012369 0.012369
1 0.308594 0.269531 0.014947 0.014947
1 0.748047 0.791016 0.022475 0.022475
1 0.312552 0.558924 0.012369 0.012369
1 0.949219 0.404297 0.014947 0.014947
1 0.703252 0.342028 0.019022 0.019022
1 0.039062 0.134766 0.014947 0.014947
1 0.498174 0.953357 0.019022 0.019022
1 0.646611 0.945544 0.019022 0.019022
1 0.086064 0.890857 0.019022 0.019022
1 0.462942 0.865565 0.012369 0.012369
1 0.412109 0.687500 0.014947 0.014947
1 0.943411 0.385096 0.012369 0.012369
1 0.015752 0.338122 0.019022 0.019022
1 0.375000 0.291016 0.014947 0.014947
1 0.154424 0.136950 0.019022 0.019022
1 0.941458 0.971034 0.012369 0.012369
1 0.232474 0.670253 0.012369 0.012369
1 0.216849 0.678065 0.012369 0.012369
1 0.923880 0.347987 0.012369 0.012369
1 0.867239 0.099940 0.012369 0.012369
1 0.878958 0.101893 0.012369 0.012369
1 0.296927 0.572596 0.012369 0.012369
1 0.322317 0.539393 0.012369 0.012369
1 0.316458 0.539393 0.012369 0.012369
1 0.330130 0.539393 0.012369 0.012369
1 0.347708 0.471034 0.012369 0.012369
1 0.332083 0.478846 0.012369 0.012369
1 0.334036 0.490565 0.012369 0.012369
1 0.250052 0.420253 0.012369 0.012369
1 0.252005 0.410487 0.012369 0.012369
1 0.267630 0.390956 0.012369 0.012369
1 0.277395 0.400721 0.012369 0.012369
1 0.291067 0.400721 0.012369 0.012369
1 0.252005 0.449549 0.012369 0.012369
1 0.279297 0.363281 0.014947 0.014947
1 0.302734 0.337891 0.014947 0.014947
1 0.820364 0.773768 0.012369 0.012369
1 0.886719 0.867188 0.014947 0.014947
1 0.896484 0.875000 0.014947 0.014947
1 0.843750 0.927734 0.014947 0.014947
1 0.857422 0.941406 0.014947 0.014947
1 0.847656 0.878906 0.014947 0.014947
1 0.687500 0.878906 0.014947 0.014947
1 0.681641 0.833984 0.014947 0.014947
1 0.675781 0.857422 0.014947 0.014947
1 0.306641 0.886719 0.014947 0.014947
1 0.292969 0.992976 0.013586 0.013586
1 0.273438 0.990234 0.014947 0.014947
1 0.566406 0.927734 0.014947 0.014947
1 0.574219 0.916016 0.014947 0.014947
1 0.591797 0.914062 0.014947 0.014947
1 0.529297 0.865234 0.014947 0.014947
1 0.546875 0.871094 0.014947 0.014947
1 0.349609 0.888672 0.014947 0.014947
1 0.351562 0.875000 0.014947 0.014947
1 0.435547 0.865234 0.014947 0.014947
1 0.421875 0.873047 0.014947 0.014947
1 0.414062 0.884766 0.014947 0.014947
1 0.421875 0.929688 0.014947 0.014947
1 0.425781 0.914062 0.014947 0.014947
1 0.402344 0.923828 0.014947 0.014947
1 0.406250 0.935547 0.014947 0.014947
1 0.433594 0.943359 0.014947 0.014947
1 0.507812 0.830078 0.014947 0.014947
1 0.505859 0.843750 0.014947 0.014947
1 0.519531 0.849609 0.014947 0.014947
1 0.656250 0.792969 0.014947 0.014947
1 0.957031 0.603516 0.014947 0.014947
1 0.806641 0.724609 0.014947 0.014947
1 0.884766 0.716797 0.014947 0.014947
1 0.884766 0.701172 0.014947 0.014947
1 0.558594 0.681641 0.014947 0.014947
1 0.558594 0.671875 0.014947 0.014947
1 0.566406 0.662109 0.014947 0.014947
1 0.695312 0.617188 0.014947 0.014947
1 0.650391 0.615234 0.014947 0.014947
1 0.578125 0.054688 0.014947 0.014947
1 0.507812 0.083984 0.014947 0.014947
1 0.519531 0.111328 0.014947 0.014947
1 0.527344 0.121094 0.014947 0.014947
1 0.476562 0.105469 0.014947 0.014947
1 0.500000 0.111328 0.014947 0.014947
1 0.488281 0.072266 0.014947 0.014947
1 0.484375 0.062500 0.014947 0.014947
1 0.181641 0.056641 0.014947 0.014947
1 0.419922 0.054688 0.014947 0.014947
1 0.412109 0.035156 0.014947 0.014947
1 0.402344 0.027344 0.014947 0.014947
1 0.296875 0.062500 0.014947 0.014947
1 0.289062 0.068359 0.014947 0.014947
1 0.275391 0.087891 0.014947 0.014947
1 0.263672 0.085938 0.014947 0.014947
1 0.746094 0.380859 0.014947 0.014947
1 0.566406 0.398438 0.014947 0.014947
1 0.546875 0.400391 0.014947 0.014947
1 0.578125 0.429688 0.014947 0.014947
1 0.470703 0.414062 0.014947 0.014947
1 0.199219 0.279297 0.014947 0.014947
1 0.220703 0.275391 0.014947 0.014947
1 0.212891 0.318359 0.014947 0.014947
1 0.222656 0.337891 0.014947 0.014947
1 0.253906 0.322266 0.014947 0.014947
1 0.271484 0.330078 0.014947 0.014947
