1 0.990234 0.470703 0.014947 0.014947
1 0.222656 0.566406 0.014947 0.014947
1 0.515677 0.570643 0.012369 0.012369
1 0.314505 0.574549 0.012369 0.012369
1 0.820364 0.576503 0.012369 0.012369
1 0.109375 0.599609 0.014947 0.014947
1 0.437500 0.603516 0.014947 0.014947
1 0.478567 0.605799 0.012369 0.012369
1 0.519583 0.605799 0.012369 0.012369
1 0.328125 0.621094 0.014947 0.014947
1 0.400442 0.619471 0.012369 0.012369
1 0.083984 0.652344 0.014947 0.014947
1 0.669922 0.656250 0.014947 0.014947
1 0.593877 0.674060 0.019022 0.019022
1 0.234427 0.707362 0.012369 0.012369
1 0.464844 0.708984 0.014947 0.014947
1 0.835989 0.711268 0.012369 0.012369
1 0.337891 0.730469 0.014947 0.014947
1 0.716797 0.730469 0.014947 0.014947
1 0.412109 0.757812 0.014947 0.014947
1 0.080078 0.783203 0.014947 0.014947
1 0.294974 0.789393 0.012369 0.012369
1 0.935599 0.797206 0.012369 0.012369
1 0.287161 0.810878 0.012369 0.012369
1 0.474609 0.853516 0.014947 0.014947
1 0.291016 0.859375 0.014947 0.014947
1 0.509766 0.863281 0.014947 0.014947
1 0.312552 0.871424 0.012369 0.012369
1 0.810547 0.875000 0.014947 0.014947
1 0.191406 0.876953 0.014947 0.014947
1 0.660208 0.879237 0.012369 0.012369
1 0.019583 0.900721 0.012369 0.012369
1 0.412109 0.900391 0.014947 0.014947
1 0.736328 0.900391 0.014947 0.014947
1 0.689505 0.904628 0.012369 0.012369
1 0.111328 0.927734 0.014947 0.014947
1 0.929688 0.937500 0.014947 0.014947
1 0.587891 0.953125 0.014947 0.014947
1 0.230469 0.958984 0.014947 0.014947
1 0.460938 0.968750 0.014947 0.014947
1 0.070312 0.982422 0.014947 0.014947
1 0.490286 0.982753 0.012369 0.012369
1 0.574219 0.984375 0.014947 0.014947
1 0.753958 0.992518 0.012369 0.012369
1 0.326172 0.025391 0.014947 0.014947
1 0.199219 0.035156 0.014947 0.014947
1 0.455130 0.051112 0.012369 0.012369
1 0.009766 0.078125 0.014947 0.014947
1 0.306641 0.085938 0.014947 0.014947
1 0.740234 0.097656 0.014947 0.014947
1 0.218750 0.134766 0.014947 0.014947
1 0.343750 0.136719 0.014947 0.014947
1 0.558594 0.146484 0.014947 0.014947
1 0.759766 0.150391 0.014947 0.014947
1 0.433594 0.154297 0.014947 0.014947
1 0.816406 0.156250 0.014947 0.014947
1 0.531250 0.160156 0.014947 0.014947
1 0.173828 0.171875 0.014947 0.014947
1 0.023489 0.234706 0.012369 0.012369
1 0.521484 0.248047 0.014947 0.014947
1 0.447266 0.269531 0.014947 0.014947
1 0.064453 0.277344 0.014947 0.014947
1 0.568411 0.281581 0.012369 0.012369
1 0.369141 0.285156 0.014947 0.014947
1 0.587942 0.289393 0.012369 0.012369
1 0.634817 0.291346 0.012369 0.012369
1 0.794922 0.312500 0.014947 0.014947
1 0.355520 0.312831 0.012369 0.012369
1 0.035156 0.318359 0.014947 0.014947
1 0.328125 0.324219 0.014947 0.014947
1 0.740234 0.326172 0.014947 0.014947
1 0.486328 0.339844 0.014947 0.014947
1 0.107422 0.347656 0.014947 0.014947
1 0.767578 0.365234 0.014947 0.014947
1 0.509766 0.375000 0.014947 0.014947
1 0.287109 0.376953 0.014947 0.014947
1 0.361380 0.381190 0.012369 0.012369
1 0.267578 0.402344 0.014947 0.014947
1 0.408203 0.408203 0.014947 0.014947
1 0.683645 0.410487 0.012369 0.012369
1 0.646484 0.419922 0.014947 0.014947
1 0.859375 0.417969 0.014947 0.014947
1 0.539062 0.419922 0.014947 0.014947
1 0.119267 0.422107 0.019022 0.019022
1 0.232474 0.424159 0.012369 0.012369
1 0.472813 0.431850 0.026766 0.026766
1 0.501953 0.433594 0.014947 0.014947
1 0.709036 0.451503 0.012369 0.012369
1 0.029297 0.458984 0.014947 0.014947
1 0.615286 0.461268 0.012369 0.012369
1 0.351562 0.476562 0.014947 0.014947
1 0.265677 0.504237 0.012369 0.012369
1 0.097656 0.507812 0.014947 0.014947
1 0.761770 0.510096 0.012369 0.012369
1 0.208984 0.539062 0.014947 0.014947
1 0.269531 0.542969 0.014947 0.014947
1 0.882812 0.550781 0.014947 0.014947
1 0.203177 0.560878 0.012369 0.012369
1 0.673828 0.562500 0.014947 0.014947
1 0.929739 0.566737 0.012369 0.012369
1 0.642578 0.572266 0.014947 0.014947
1 0.732549 0.572497 0.019022 0.019022
1 0.035208 0.592128 0.012369 0.012369
1 0.167969 0.607422 0.014947 0.014947
1 0.525442 0.627284 0.012369 0.012369
1 0.619141 0.630859 0.014947 0.014947
1 0.964970 0.640857 0.019022 0.019022
1 0.015677 0.666346 0.012369 0.012369
1 0.453125 0.685547 0.014947 0.014947
1 0.785208 0.760096 0.012369 0.012369
1 0.941406 0.769531 0.014947 0.014947
1 0.789062 0.787109 0.014947 0.014947
1 0.958984 0.787109 0.014947 0.014947
1 0.617188 0.802734 0.014947 0.014947
1 0.769583 0.840174 0.012369 0.012369
1 0.656302 0.859706 0.012369 0.012369
1 0.726562 0.925781 0.014947 0.014947
1 0.080130 0.006190 0.012369 0.012369
1 0.847656 0.009766 0.014947 0.014947
1 0.488281 0.021484 0.014947 0.014947
1 0.640677 0.027674 0.012369 0.012369
1 0.476562 0.044922 0.014947 0.014947
1 0.541016 0.052734 0.014947 0.014947
1 0.337891 0.058594 0.014947 0.014947
1 0.494192 0.058924 0.012369 0.012369
1 0.859375 0.064453 0.014947 0.014947
1 0.205130 0.096034 0.012369 0.012369
1 0.580130 0.101893 0.012369 0.012369
1 0.650442 0.127284 0.012369 0.012369
1 0.277344 0.132812 0.014947 0.014947
1 0.666016 0.140625 0.014947 0.014947
1 0.044922 0.152344 0.014947 0.014947
1 0.107422 0.169922 0.014947 0.014947
1 0.043020 0.172206 0.012369 0.012369
1 0.457031 0.191406 0.014947 0.014947
1 0.017630 0.197596 0.012369 0.012369
1 0.503958 0.230799 0.012369 0.012369
1 0.425781 0.234375 0.014947 0.014947
1 0.654349 0.248378 0.012369 0.012369
1 0.388672 0.255859 0.014947 0.014947
1 0.818359 0.269531 0.014947 0.014947
1 0.683594 0.296875 0.014947 0.014947
1 0.322266 0.298828 0.014947 0.014947
1 0.712891 0.306641 0.014947 0.014947
1 0.769531 0.314453 0.014947 0.014947
1 0.666016 0.318359 0.014947 0.014947
1 0.093750 0.324219 0.030378 0.030378
1 0.611380 0.324549 0.012369 0.012369
1 0.416016 0.345703 0.014947 0.014947
1 0.962891 0.375000 0.030378 0.030378
1 0.808594 0.375000 0.014947 0.014947
1 0.708984 0.388672 0.014947 0.014947
1 0.876953 0.392578 0.014947 0.014947
1 0.833984 0.402344 0.014947 0.014947
1 0.332031 0.425781 0.014947 0.014947
1 0.091797 0.451172 0.022475 0.022475
1 0.769531 0.447266 0.014947 0.014947
1 0.521484 0.449219 0.014947 0.014947
1 0.578125 0.457031 0.014947 0.014947
1 0.382812 0.552734 0.014947 0.014947
1 0.912109 0.511719 0.014947 0.014947
1 0.318359 0.521484 0.014947 0.014947
1 0.761719 0.576172 0.022475 0.022475
1 0.697392 0.590075 0.019022 0.019022
1 0.945364 0.590174 0.012369 0.012369
1 0.037161 0.611659 0.012369 0.012369
1 0.662161 0.625331 0.012369 0.012369
1 0.802786 0.629237 0.012369 0.012369
1 0.392630 0.691737 0.012369 0.012369
1 0.960938 0.705078 0.014947 0.014947
1 0.798880 0.717128 0.012369 0.012369
1 0.494192 0.781581 0.012369 0.012369
1 0.982422 0.794922 0.014947 0.014947
1 0.839970 0.828357 0.019022 0.019022
1 0.988333 0.832362 0.012369 0.012369
1 0.062500 0.960938 0.022475 0.022475
1 0.601562 0.087891 0.014947 0.014947
1 0.890625 0.091797 0.014947 0.014947
1 0.761770 0.170253 0.012369 0.012369
1 0.509817 0.209315 0.012369 0.012369
1 0.281250 0.214844 0.014947 0.014947
1 0.753906 0.224609 0.014947 0.014947
1 0.173985 0.242397 0.026766 0.026766
1 0.953177 0.248378 0.012369 0.012369
1 0.888672 0.250000 0.014947 0.014947
1 0.486328 0.255859 0.014947 0.014947
1 0.650442 0.277674 0.012369 0.012369
1 0.287109 0.291016 0.014947 0.014947
1 0.953125 0.316406 0.014947 0.014947
1 0.373099 0.363612 0.012369 0.012369
1 0.377005 0.396815 0.012369 0.012369
1 0.199375 0.420132 0.026766 0.026766
1 0.718802 0.431971 0.012369 0.012369
1 0.543020 0.543299 0.012369 0.012369
1 0.015625 0.687500 0.014947 0.014947
1 0.902470 0.799060 0.019022 0.019022
1 0.931641 0.011719 0.014947 0.014947
1 0.873047 0.039062 0.014947 0.014947
1 0.878958 0.109706 0.012369 0.012369
1 0.027395 0.217128 0.012369 0.012369
1 0.853516 0.355469 0.014947 0.014947
1 0.232549 0.506091 0.019022 0.019022
1 0.757939 0.539294 0.019022 0.019022
1 0.210938 0.650391 0.022475 0.022475
1 0.878906 0.724609 0.022475 0.022475
1 0.705205 0.879138 0.019022 0.019022
1 0.822266 0.056641 0.022475 0.022475
1 0.095830 0.373278 0.019022 0.019022
1 0.257864 0.439784 0.012369 0.012369
1 0.916016 0.613281 0.014947 0.014947
1 0.695439 0.705310 0.019022 0.019022
1 0.906377 0.746325 0.019022 0.019022
1 0.619267 0.761950 0.019022 0.019022
1 0.966797 0.916016 0.022475 0.022475
1 0.621145 0.031581 0.012369 0.012369
1 0.617314 0.129138 0.019022 0.019022
1 0.947317 0.271815 0.012369 0.012369
1 0.744267 0.279528 0.019022 0.019022
1 0.947392 0.463122 0.019022 0.019022
1 0.484427 0.584315 0.012369 0.012369
1 0.150517 0.843982 0.019022 0.019022
1 0.765625 0.966797 0.014947 0.014947
1 0.220703 0.396484 0.006233 0.006233
1 0.878845 0.476562 0.039301 0.039301
1 0.343877 0.939685 0.019022 0.019022
1 0.380986 0.582263 0.019022 0.019022
1 0.164062 0.986328 0.014947 0.014947
1 0.185599 0.271815 0.012369 0.012369
1 0.013672 0.351562 0.014947 0.014947
1 0.451172 0.371094 0.014947 0.014947
1 0.185547 0.527344 0.014947 0.014947
1 0.587891 0.535156 0.014947 0.014947
1 0.578125 0.593750 0.014947 0.014947
1 0.279424 0.668200 0.019022 0.019022
1 0.330078 0.765625 0.014947 0.014947
1 0.441458 0.769862 0.012369 0.012369
1 0.761719 0.800781 0.014947 0.014947
1 0.677734 0.808594 0.014947 0.014947
1 0.025391 0.839844 0.014947 0.014947
1 0.128906 0.888672 0.014947 0.014947
1 0.394531 0.914062 0.014947 0.014947
1 0.492188 0.914062 0.014947 0.014947
1 0.291142 0.924060 0.019022 0.019022
1 0.480469 0.957031 0.014947 0.014947
1 0.425781 0.962891 0.014947 0.014947
1 0.281302 0.982753 0.012369 0.012369
1 0.478516 0.004883 0.011662 0.011662
1 0.033330 0.111560 0.019022 0.019022
1 0.500000 0.142578 0.014947 0.014947
1 0.070312 0.162109 0.014947 0.014947
1 0.093750 0.199219 0.014947 0.014947
1 0.162109 0.212891 0.014947 0.014947
1 0.267630 0.291346 0.012369 0.012369
1 0.238408 0.316638 0.019022 0.019022
1 0.634766 0.330078 0.014947 0.014947
1 0.271611 0.336169 0.019022 0.019022
1 0.304688 0.337891 0.014947 0.014947
1 0.630859 0.367188 0.014947 0.014947
1 0.240234 0.375000 0.022475 0.022475
1 0.916142 0.381091 0.019022 0.019022
1 0.308720 0.388903 0.019022 0.019022
1 0.015677 0.433924 0.012369 0.012369
1 0.632812 0.443359 0.014947 0.014947
1 0.005911 0.455409 0.012369 0.012369
1 0.851689 0.465075 0.019022 0.019022
1 0.080130 0.476893 0.012369 0.012369
1 0.517578 0.480469 0.014947 0.014947
1 0.300908 0.504138 0.019022 0.019022
1 0.460938 0.527344 0.014947 0.014947
1 0.414062 0.539062 0.014947 0.014947
1 0.308645 0.549159 0.012369 0.012369
