1 0.300833 0.014003 0.012369 0.012369
1 0.894531 0.982422 0.014947 0.014947
1 0.705130 0.933924 0.012369 0.012369
1 0.947266 0.900391 0.014947 0.014947
1 0.708984 0.843750 0.014947 0.014947
1 0.343750 0.841797 0.014947 0.014947
1 0.953125 0.839844 0.014947 0.014947
1 0.656302 0.828456 0.012369 0.012369
1 0.876892 0.833984 0.039301 0.039301
1 0.726562 0.822266 0.014947 0.014947
1 0.769531 0.740234 0.014947 0.014947
1 0.794922 0.736328 0.014947 0.014947
1 0.667969 0.732422 0.022475 0.022475
1 0.291016 0.730469 0.014947 0.014947
1 0.900391 0.728516 0.014947 0.014947
1 0.681641 0.714844 0.014947 0.014947
1 0.556641 0.708984 0.014947 0.014947
1 0.138672 0.710938 0.014947 0.014947
1 0.798828 0.708984 0.014947 0.014947
1 0.386719 0.707031 0.014947 0.014947
1 0.244141 0.693359 0.014947 0.014947
1 0.880859 0.671875 0.014947 0.014947
1 0.287109 0.652344 0.014947 0.014947
1 0.621094 0.646484 0.014947 0.014947
1 0.699219 0.619141 0.014947 0.014947
1 0.292969 0.619141 0.014947 0.014947
1 0.345703 0.613281 0.014947 0.014947
1 0.009766 0.613281 0.014947 0.014947
1 0.162109 0.605469 0.014947 0.014947
1 0.326224 0.597987 0.012369 0.012369
1 0.884766 0.591797 0.014947 0.014947
1 0.962891 0.591797 0.014947 0.014947
1 0.351562 0.587891 0.014947 0.014947
1 0.224609 0.580078 0.014947 0.014947
1 0.923828 0.556641 0.014947 0.014947
1 0.748047 0.556641 0.014947 0.014947
1 0.816458 0.545253 0.012369 0.012369
1 0.070312 0.525391 0.014947 0.014947
1 0.921875 0.503906 0.014947 0.014947
1 0.664062 0.503906 0.014947 0.014947
1 0.082031 0.503906 0.014947 0.014947
1 0.304688 0.494141 0.014947 0.014947
1 0.546875 0.494141 0.014947 0.014947
1 0.837891 0.490234 0.014947 0.014947
1 0.119141 0.480469 0.014947 0.014947
1 0.322266 0.476562 0.014947 0.014947
1 0.541016 0.203125 0.014947 0.014947
1 0.542969 0.185547 0.014947 0.014947
1 0.388672 0.142578 0.014947 0.014947
1 0.388672 0.164062 0.014947 0.014947
1 0.468750 0.025391 0.014947 0.014947
1 0.449219 0.017578 0.014947 0.014947
1 0.603516 0.017578 0.014947 0.014947
1 0.158203 0.062500 0.014947 0.014947
1 0.146484 0.080078 0.014947 0.014947
1 0.839844 0.066406 0.014947 0.014947
1 0.271484 0.476562 0.014947 0.014947
1 0.193359 0.466797 0.022475 0.022475
1 0.685547 0.458984 0.014947 0.014947
1 0.933645 0.455409 0.012369 0.012369
1 0.511719 0.455078 0.014947 0.014947
1 0.142578 0.441406 0.014947 0.014947
1 0.699345 0.435778 0.019022 0.019022
1 0.824219 0.431641 0.014947 0.014947
1 0.582031 0.425781 0.014947 0.014947
1 0.771536 0.416346 0.012369 0.012369
1 0.283203 0.417969 0.014947 0.014947
1 0.132812 0.388672 0.014947 0.014947
1 0.441406 0.386719 0.014947 0.014947
1 0.767578 0.380859 0.014947 0.014947
1 0.921927 0.377284 0.012369 0.012369
1 0.732422 0.371094 0.014947 0.014947
1 0.201172 0.367188 0.014947 0.014947
1 0.025391 0.351562 0.014947 0.014947
1 0.060547 0.335938 0.014947 0.014947
1 0.333984 0.328125 0.014947 0.014947
1 0.009766 0.316406 0.014947 0.014947
1 0.109375 0.304688 0.014947 0.014947
1 0.654424 0.306872 0.019022 0.019022
1 0.181641 0.296875 0.014947 0.014947
1 0.419922 0.294922 0.014947 0.014947
1 0.140625 0.291016 0.014947 0.014947
1 0.052734 0.285156 0.014947 0.014947
1 0.548828 0.271484 0.014947 0.014947
1 0.379033 0.267810 0.019022 0.019022
1 0.203125 0.261719 0.014947 0.014947
1 0.779297 0.244141 0.014947 0.014947
1 0.669922 0.228516 0.014947 0.014947
1 0.429688 0.212891 0.014947 0.014947
1 0.197266 0.203125 0.014947 0.014947
1 0.882812 0.203125 0.014947 0.014947
1 0.464844 0.187500 0.014947 0.014947
1 0.332158 0.152575 0.019022 0.019022
1 0.222656 0.144531 0.014947 0.014947
1 0.961064 0.111560 0.019022 0.019022
1 0.787109 0.109375 0.014947 0.014947
1 0.455078 0.083984 0.014947 0.014947
1 0.230469 0.082031 0.014947 0.014947
1 0.011719 0.066406 0.014947 0.014947
1 0.574345 0.060778 0.019022 0.019022
1 0.513672 0.988281 0.014947 0.014947
1 0.683594 0.966797 0.014947 0.014947
1 0.839844 0.945312 0.014947 0.014947
1 0.691458 0.920253 0.012369 0.012369
1 0.453125 0.904297 0.014947 0.014947
1 0.339844 0.896484 0.014947 0.014947
1 0.878906 0.890625 0.014947 0.014947
1 0.404297 0.882812 0.014947 0.014947
1 0.732422 0.875000 0.014947 0.014947
1 0.103516 0.867188 0.014947 0.014947
1 0.402344 0.857422 0.014947 0.014947
1 0.431641 0.853516 0.014947 0.014947
1 0.402344 0.822266 0.014947 0.014947
1 0.105469 0.804688 0.014947 0.014947
1 0.240234 0.794922 0.014947 0.014947
1 0.507812 0.781250 0.014947 0.014947
1 0.220703 0.757812 0.014947 0.014947
1 0.136719 0.750000 0.014947 0.014947
1 0.169922 0.701172 0.014947 0.014947
1 0.210938 0.693359 0.014947 0.014947
1 0.615234 0.693359 0.014947 0.014947
1 0.460938 0.687500 0.014947 0.014947
1 0.076172 0.679688 0.014947 0.014947
1 0.380859 0.679688 0.014947 0.014947
1 0.232422 0.654297 0.014947 0.014947
1 0.011719 0.648438 0.014947 0.014947
1 0.373047 0.591797 0.014947 0.014947
1 0.300781 0.591797 0.014947 0.014947
1 0.330078 0.560547 0.014947 0.014947
1 0.431692 0.555018 0.012369 0.012369
1 0.408203 0.550781 0.014947 0.014947
1 0.613281 0.550781 0.014947 0.014947
1 0.822317 0.508143 0.012369 0.012369
1 0.164062 0.480469 0.014947 0.014947
1 0.431641 0.423828 0.014947 0.014947
1 0.814453 0.396484 0.014947 0.014947
1 0.275391 0.378906 0.014947 0.014947
1 0.941406 0.351562 0.014947 0.014947
1 0.802861 0.207263 0.019022 0.019022
1 0.050843 0.993625 0.011345 0.011345
1 0.068411 0.982753 0.012369 0.012369
1 0.619141 0.982422 0.014947 0.014947
1 0.662109 0.941406 0.014947 0.014947
1 0.052734 0.937500 0.014947 0.014947
1 0.578252 0.843982 0.019022 0.019022
1 0.179814 0.830310 0.019022 0.019022
1 0.583984 0.808594 0.014947 0.014947
1 0.502080 0.562732 0.019022 0.019022
1 0.673880 0.881190 0.012369 0.012369
1 0.830078 0.052734 0.014947 0.014947
1 0.152344 0.025391 0.014947 0.014947
1 0.144531 0.007812 0.014947 0.014947
1 0.062500 0.740234 0.014947 0.014947
1 0.087891 0.738281 0.014947 0.014947
1 0.070312 0.757812 0.014947 0.014947
1 0.078125 0.775391 0.014947 0.014947
1 0.074219 0.607422 0.014947 0.014947
1 0.369141 0.865234 0.014947 0.014947
1 0.371094 0.882812 0.014947 0.014947
1 0.019531 0.748047 0.014947 0.014947
1 0.009766 0.761719 0.014947 0.014947
1 0.509766 0.830078 0.014947 0.014947
1 0.488281 0.833984 0.014947 0.014947
1 0.630859 0.908203 0.014947 0.014947
1 0.615234 0.900391 0.014947 0.014947
1 0.576172 0.978516 0.014947 0.014947
1 0.552734 0.986328 0.014947 0.014947
1 0.833984 0.804688 0.014947 0.014947
1 0.845703 0.820312 0.014947 0.014947
1 0.636719 0.199219 0.014947 0.014947
1 0.619141 0.207031 0.014947 0.014947
1 0.845703 0.988281 0.014947 0.014947
1 0.773438 0.933594 0.014947 0.014947
1 0.297002 0.681872 0.019022 0.019022
1 0.777344 0.521484 0.014947 0.014947
1 0.851562 0.437500 0.014947 0.014947
1 0.548828 0.416016 0.022475 0.022475
1 0.904424 0.302966 0.019022 0.019022
1 0.281250 0.113281 0.014947 0.014947
1 0.609375 0.103516 0.022475 0.022475
1 0.566458 0.988612 0.012369 0.012369
1 0.584111 0.947497 0.019022 0.019022
1 0.029424 0.879138 0.019022 0.019022
1 0.640677 0.853846 0.012369 0.012369
1 0.923828 0.822266 0.014947 0.014947
1 0.677861 0.133044 0.019022 0.019022
1 0.759892 0.953357 0.019022 0.019022
1 0.918125 0.914272 0.026766 0.026766
1 0.943359 0.687500 0.014947 0.014947
1 0.052734 0.568359 0.022475 0.022475
1 0.843877 0.252185 0.019022 0.019022
1 0.169974 0.008143 0.012369 0.012369
1 0.990234 0.966797 0.006233 0.006233
1 0.336094 0.652553 0.026766 0.026766
1 0.101719 0.650600 0.026766 0.026766
1 0.962942 0.605799 0.012369 0.012369
1 0.640625 0.591797 0.022475 0.022475
1 0.894583 0.467128 0.012369 0.012369
1 0.019658 0.463122 0.019022 0.019022
1 0.005911 0.439784 0.012369 0.012369
1 0.345703 0.380859 0.014947 0.014947
1 0.031250 0.380859 0.014947 0.014947
1 0.437500 0.234375 0.014947 0.014947
1 0.369192 0.232753 0.012369 0.012369
1 0.953125 0.226562 0.014947 0.014947
1 0.945364 0.197596 0.012369 0.012369
1 0.917969 0.179688 0.014947 0.014947
1 0.970755 0.174159 0.012369 0.012369
1 0.972656 0.152344 0.014947 0.014947
1 0.111380 0.144862 0.012369 0.012369
1 0.091797 0.132812 0.014947 0.014947
1 0.589895 0.027674 0.012369 0.012369
1 0.496094 0.003906 0.006233 0.006233
1 0.179814 0.955310 0.019022 0.019022
1 0.853567 0.709315 0.012369 0.012369
1 0.896484 0.689453 0.014947 0.014947
1 0.943411 0.666346 0.012369 0.012369
1 0.597656 0.617188 0.014947 0.014947
1 0.400391 0.605469 0.014947 0.014947
1 0.882812 0.568359 0.014947 0.014947
1 0.832031 0.564453 0.014947 0.014947
1 0.689453 0.554688 0.014947 0.014947
1 0.269583 0.555018 0.012369 0.012369
1 0.796927 0.541346 0.012369 0.012369
1 0.253906 0.535156 0.014947 0.014947
1 0.521484 0.533203 0.014947 0.014947
1 0.849609 0.521484 0.014947 0.014947
1 0.017578 0.515625 0.014947 0.014947
1 0.800781 0.476562 0.014947 0.014947
1 0.083984 0.468750 0.014947 0.014947
1 0.957031 0.458984 0.014947 0.014947
1 0.943411 0.433924 0.012369 0.012369
1 0.871094 0.419922 0.014947 0.014947
1 0.367188 0.404297 0.014947 0.014947
1 0.103516 0.384766 0.014947 0.014947
1 0.347708 0.351893 0.012369 0.012369
1 0.146484 0.326172 0.014947 0.014947
1 0.847656 0.322266 0.014947 0.014947
1 0.962891 0.318359 0.014947 0.014947
1 0.355520 0.305018 0.012369 0.012369
1 0.066406 0.304688 0.014947 0.014947
1 0.222656 0.291016 0.014947 0.014947
1 0.767735 0.295132 0.026766 0.026766
1 0.839844 0.277344 0.014947 0.014947
1 0.992239 0.277674 0.012369 0.012369
1 0.236328 0.259766 0.014947 0.014947
1 0.875000 0.255859 0.014947 0.014947
1 0.480469 0.251953 0.014947 0.014947
1 0.949270 0.234706 0.012369 0.012369
1 0.714844 0.230469 0.014947 0.014947
1 0.216797 0.232422 0.014947 0.014947
1 0.042969 0.230469 0.014947 0.014947
1 0.906250 0.214844 0.014947 0.014947
1 0.703125 0.214844 0.014947 0.014947
1 0.355469 0.707031 0.014947 0.014947
1 0.377005 0.211268 0.012369 0.012369
1 0.763672 0.207031 0.014947 0.014947
1 0.164062 0.193359 0.014947 0.014947
1 0.095755 0.193690 0.012369 0.012369
1 0.058594 0.175781 0.014947 0.014947
1 0.367239 0.129237 0.012369 0.012369
1 0.320312 0.126953 0.014947 0.014947
1 0.910283 0.125232 0.019022 0.019022
1 0.166016 0.119141 0.014947 0.014947
1 0.496094 0.117188 0.014947 0.014947
1 0.519531 0.101562 0.014947 0.014947
1 0.201172 0.093750 0.014947 0.014947
1 0.820312 0.085938 0.014947 0.014947
1 0.937500 0.078125 0.014947 0.014947
1 0.507812 0.074219 0.014947 0.014947
1 0.669922 0.056641 0.014947 0.014947
1 0.611328 0.044922 0.014947 0.014947
1 0.824270 0.031581 0.012369 0.012369
1 0.083984 0.023438 0.014947 0.014947
