1 0.416016 0.511719 0.014947 0.014947
1 0.164114 0.408534 0.012369 0.012369
1 0.168020 0.387049 0.012369 0.012369
1 0.324270 0.412440 0.012369 0.012369
1 0.312552 0.422206 0.012369 0.012369
1 0.230520 0.646815 0.012369 0.012369
1 0.130911 0.629237 0.012369 0.012369
1 0.111380 0.627284 0.012369 0.012369
1 0.246145 0.660487 0.012369 0.012369
1 0.904349 0.416346 0.012369 0.012369
1 0.919974 0.414393 0.012369 0.012369
1 0.906302 0.289393 0.012369 0.012369
1 0.744192 0.474940 0.012369 0.012369
1 0.730520 0.453456 0.012369 0.012369
1 0.685599 0.535487 0.012369 0.012369
1 0.697317 0.549159 0.012369 0.012369
1 0.486380 0.344081 0.012369 0.012369
1 0.476614 0.330409 0.012369 0.012369
1 0.900442 0.267909 0.012369 0.012369
1 0.957083 0.242518 0.012369 0.012369
1 0.968802 0.234706 0.012369 0.012369
1 0.240286 0.142909 0.012369 0.012369
1 0.252005 0.146815 0.012369 0.012369
1 0.085989 0.262049 0.012369 0.012369
1 0.097708 0.271815 0.012369 0.012369
1 0.962891 0.601562 0.022475 0.022475
1 0.148438 0.923828 0.014947 0.014947
1 0.134766 0.935547 0.014947 0.014947
1 0.439580 0.088122 0.019022 0.019022
1 0.271484 0.347656 0.014947 0.014947
1 0.601689 0.601794 0.019022 0.019022
1 0.511845 0.965075 0.019022 0.019022
1 0.767705 0.890857 0.019022 0.019022
1 0.208984 0.605469 0.014947 0.014947
1 0.593750 0.869141 0.022475 0.022475
1 0.523438 0.292969 0.014947 0.014947
1 0.205078 0.265625 0.014947 0.014947
1 0.544922 0.187500 0.014947 0.014947
1 0.095703 0.158203 0.014947 0.014947
1 0.931641 0.140625 0.014947 0.014947
1 0.693359 0.113281 0.014947 0.014947
1 0.410156 0.107422 0.014947 0.014947
1 0.406250 0.037109 0.014947 0.014947
1 0.148438 0.025391 0.014947 0.014947
1 0.697266 0.023438 0.014947 0.014947
1 0.386719 0.011719 0.014947 0.014947
1 0.552734 0.009766 0.014947 0.014947
1 0.658203 0.382812 0.014947 0.014947
1 0.816406 0.345703 0.014947 0.014947
1 0.142578 0.335938 0.014947 0.014947
1 0.699219 0.302734 0.014947 0.014947
1 0.652344 0.236328 0.014947 0.014947
1 0.341797 0.199219 0.014947 0.014947
1 0.251953 0.197266 0.014947 0.014947
1 0.417969 0.175781 0.014947 0.014947
1 0.679688 0.152344 0.014947 0.014947
1 0.599609 0.146484 0.014947 0.014947
1 0.197266 0.144531 0.014947 0.014947
1 0.033203 0.121094 0.014947 0.014947
1 0.347656 0.121094 0.014947 0.014947
1 0.085938 0.072266 0.014947 0.014947
1 0.818359 0.054688 0.014947 0.014947
1 0.335938 0.011719 0.014947 0.014947
1 0.958984 0.892578 0.014947 0.014947
1 0.542969 0.613281 0.014947 0.014947
1 0.935599 0.601893 0.012369 0.012369
1 0.500000 0.589844 0.014947 0.014947
1 0.810547 0.505859 0.014947 0.014947
1 0.222656 0.455078 0.014947 0.014947
1 0.601562 0.439453 0.014947 0.014947
1 0.804688 0.423828 0.014947 0.014947
1 0.037109 0.376953 0.014947 0.014947
1 0.226562 0.367188 0.014947 0.014947
1 0.293020 0.351893 0.012369 0.012369
1 0.675781 0.324219 0.014947 0.014947
1 0.802734 0.306641 0.014947 0.014947
1 0.957158 0.301013 0.019022 0.019022
1 0.451172 0.281250 0.014947 0.014947
1 0.486328 0.265625 0.014947 0.014947
1 0.328125 0.228516 0.014947 0.014947
1 0.304688 0.216797 0.014947 0.014947
1 0.123047 0.181641 0.014947 0.014947
1 0.144531 0.173828 0.014947 0.014947
1 0.851562 0.968750 0.014947 0.014947
1 0.834036 0.926112 0.012369 0.012369
1 0.824219 0.904297 0.014947 0.014947
1 0.892578 0.861328 0.014947 0.014947
1 0.810547 0.816406 0.014947 0.014947
1 0.027344 0.716797 0.014947 0.014947
1 0.843750 0.708984 0.014947 0.014947
1 0.322266 0.660156 0.014947 0.014947
1 0.687500 0.634766 0.014947 0.014947
1 0.882812 0.615234 0.014947 0.014947
1 0.103516 0.597656 0.014947 0.014947
1 0.761719 0.589844 0.014947 0.014947
1 0.431692 0.555018 0.012369 0.012369
1 0.757939 0.537341 0.019022 0.019022
1 0.111328 0.537109 0.014947 0.014947
1 0.435599 0.533534 0.012369 0.012369
1 0.066406 0.525391 0.014947 0.014947
1 0.351562 0.515625 0.014947 0.014947
1 0.650391 0.509766 0.014947 0.014947
1 0.007812 0.496094 0.014947 0.014947
1 0.500000 0.474609 0.014947 0.014947
1 0.330078 0.458984 0.014947 0.014947
1 0.347656 0.414062 0.014947 0.014947
1 0.496094 0.378906 0.014947 0.014947
1 0.275391 0.318359 0.014947 0.014947
1 0.154297 0.232422 0.014947 0.014947
1 0.757812 0.955078 0.014947 0.014947
1 0.619141 0.894531 0.014947 0.014947
1 0.728642 0.855700 0.019022 0.019022
1 0.476562 0.853516 0.014947 0.014947
1 0.529297 0.851562 0.014947 0.014947
1 0.697266 0.847656 0.014947 0.014947
1 0.570312 0.845703 0.014947 0.014947
1 0.900517 0.812732 0.019022 0.019022
1 0.699345 0.767810 0.019022 0.019022
1 0.843750 0.765625 0.014947 0.014947
1 0.429688 0.746094 0.014947 0.014947
1 0.757812 0.732422 0.014947 0.014947
1 0.529297 0.728516 0.014947 0.014947
1 0.265625 0.705078 0.014947 0.014947
1 0.615234 0.697266 0.014947 0.014947
1 0.097708 0.644862 0.012369 0.012369
1 0.798828 0.644531 0.014947 0.014947
1 0.302734 0.632812 0.014947 0.014947
1 0.373047 0.589844 0.014947 0.014947
1 0.197266 0.566406 0.014947 0.014947
1 0.181641 0.509766 0.014947 0.014947
1 0.244141 0.482422 0.014947 0.014947
1 0.365234 0.972656 0.014947 0.014947
1 0.552734 0.966797 0.014947 0.014947
1 0.193359 0.949219 0.014947 0.014947
1 0.367188 0.886719 0.014947 0.014947
1 0.435547 0.880859 0.014947 0.014947
1 0.115234 0.871094 0.014947 0.014947
1 0.234375 0.853516 0.014947 0.014947
1 0.337891 0.847656 0.014947 0.014947
1 0.117188 0.828125 0.014947 0.014947
1 0.250000 0.792969 0.014947 0.014947
1 0.078125 0.769531 0.014947 0.014947
1 0.535156 0.761719 0.014947 0.014947
1 0.445312 0.761719 0.014947 0.014947
1 0.410156 0.720703 0.014947 0.014947
1 0.224661 0.592128 0.012369 0.012369
1 0.082031 0.494141 0.014947 0.014947
1 0.164062 0.957031 0.014947 0.014947
1 0.226562 0.937500 0.014947 0.014947
1 0.037109 0.931641 0.014947 0.014947
1 0.181767 0.744372 0.019022 0.019022
1 0.386719 0.658203 0.014947 0.014947
