1 0.361328 0.556641 0.014947 0.014947
1 0.718802 0.805018 0.012369 0.012369
1 0.703177 0.801112 0.012369 0.012369
1 0.652395 0.775721 0.012369 0.012369
1 0.640677 0.793299 0.012369 0.012369
1 0.820364 0.844081 0.012369 0.012369
1 0.808645 0.851893 0.012369 0.012369
1 0.916067 0.814784 0.012369 0.012369
1 0.919974 0.799159 0.012369 0.012369
1 0.939505 0.762049 0.012369 0.012369
1 0.949270 0.748378 0.012369 0.012369
1 0.791067 0.736659 0.012369 0.012369
1 0.785208 0.721034 0.012369 0.012369
1 0.595755 0.781581 0.012369 0.012369
1 0.582083 0.781581 0.012369 0.012369
1 0.210989 0.779628 0.012369 0.012369
1 0.220755 0.791346 0.012369 0.012369
1 0.041067 0.953456 0.012369 0.012369
1 0.011770 0.974940 0.012369 0.012369
1 0.230520 0.908534 0.012369 0.012369
1 0.250052 0.949549 0.012369 0.012369
1 0.236380 0.931971 0.012369 0.012369
1 0.101614 0.683924 0.012369 0.012369
1 0.093802 0.672206 0.012369 0.012369
1 0.306692 0.592128 0.012369 0.012369
1 0.308645 0.570643 0.012369 0.012369
1 0.273489 0.619471 0.012369 0.012369
1 0.281302 0.640956 0.012369 0.012369
1 0.464895 0.597987 0.012369 0.012369
1 0.482474 0.590174 0.012369 0.012369
1 0.406302 0.533534 0.012369 0.012369
1 0.416067 0.549159 0.012369 0.012369
1 0.128958 0.531581 0.012369 0.012369
1 0.144583 0.529628 0.012369 0.012369
1 0.115286 0.484706 0.012369 0.012369
1 0.101614 0.488612 0.012369 0.012369
1 0.466849 0.279628 0.012369 0.012369
1 0.449270 0.281581 0.012369 0.012369
1 0.468802 0.328456 0.012369 0.012369
1 0.480520 0.344081 0.012369 0.012369
1 0.443411 0.340174 0.012369 0.012369
1 0.439505 0.353846 0.012369 0.012369
1 0.462942 0.461268 0.012369 0.012369
1 0.455130 0.447596 0.012369 0.012369
1 0.466849 0.435878 0.012369 0.012369
1 0.638724 0.582362 0.012369 0.012369
1 0.638724 0.570643 0.012369 0.012369
1 0.701224 0.508143 0.012369 0.012369
1 0.710989 0.498378 0.012369 0.012369
1 0.746145 0.640956 0.012369 0.012369
1 0.750052 0.629237 0.012369 0.012369
1 0.869192 0.666346 0.012369 0.012369
1 0.873099 0.648768 0.012369 0.012369
1 0.861380 0.633143 0.012369 0.012369
1 0.847708 0.621424 0.012369 0.012369
1 0.841849 0.603846 0.012369 0.012369
1 0.863333 0.588221 0.012369 0.012369
1 0.878958 0.603846 0.012369 0.012369
1 0.972708 0.574549 0.012369 0.012369
1 0.984427 0.568690 0.012369 0.012369
1 0.429739 0.892909 0.012369 0.012369
1 0.414114 0.890956 0.012369 0.012369
1 0.408255 0.867518 0.012369 0.012369
1 0.394583 0.859706 0.012369 0.012369
1 0.193411 0.908534 0.012369 0.012369
1 0.201224 0.896815 0.012369 0.012369
1 0.080130 0.971034 0.012369 0.012369
1 0.091849 0.969081 0.012369 0.012369
1 0.537161 0.664393 0.012369 0.012369
1 0.558645 0.674159 0.012369 0.012369
1 0.371145 0.219081 0.012369 0.012369
1 0.525442 0.109706 0.012369 0.012369
1 0.509817 0.101893 0.012369 0.012369
1 0.543020 0.203456 0.012369 0.012369
1 0.543020 0.181971 0.012369 0.012369
1 0.808645 0.189784 0.012369 0.012369
1 0.826224 0.185878 0.012369 0.012369
1 0.750000 0.308594 0.014947 0.014947
1 0.771484 0.308594 0.014947 0.014947
1 0.785156 0.390625 0.014947 0.014947
1 0.394583 0.246424 0.012369 0.012369
1 0.406302 0.244471 0.012369 0.012369
1 0.117239 0.262049 0.012369 0.012369
1 0.128958 0.277674 0.012369 0.012369
1 0.957158 0.879138 0.019022 0.019022
1 0.711064 0.650622 0.019022 0.019022
1 0.544922 0.414062 0.022475 0.022475
1 0.423955 0.224841 0.019022 0.019022
1 0.916016 0.193359 0.022475 0.022475
1 0.162236 0.162341 0.019022 0.019022
1 0.730595 0.051013 0.019022 0.019022
1 0.945312 0.462891 0.014947 0.014947
1 0.933594 0.439453 0.014947 0.014947
1 0.958984 0.378906 0.014947 0.014947
1 0.318359 0.144531 0.014947 0.014947
1 0.845703 0.050781 0.014947 0.014947
1 0.882864 0.039393 0.012369 0.012369
1 0.271536 0.029628 0.012369 0.012369
1 0.910156 0.033203 0.014947 0.014947
1 0.728567 0.625331 0.012369 0.012369
1 0.923828 0.593750 0.014947 0.014947
1 0.945312 0.515625 0.014947 0.014947
1 0.703125 0.457031 0.014947 0.014947
1 0.501953 0.441406 0.014947 0.014947
1 0.455078 0.390625 0.014947 0.014947
1 0.560547 0.390625 0.014947 0.014947
1 0.777395 0.367518 0.012369 0.012369
1 0.705078 0.353516 0.014947 0.014947
1 0.953125 0.351562 0.014947 0.014947
1 0.845703 0.345703 0.014947 0.014947
1 0.384766 0.335938 0.014947 0.014947
1 0.988281 0.335938 0.014947 0.014947
1 0.908203 0.322266 0.014947 0.014947
1 0.993501 0.304924 0.011557 0.011557
1 0.708984 0.289062 0.014947 0.014947
1 0.980469 0.285156 0.014947 0.014947
1 0.929688 0.265625 0.014947 0.014947
1 0.554688 0.261719 0.014947 0.014947
1 0.375052 0.234706 0.012369 0.012369
1 0.291016 0.232422 0.014947 0.014947
1 0.970703 0.230469 0.014947 0.014947
1 0.896536 0.209315 0.012369 0.012369
1 0.693359 0.181641 0.014947 0.014947
1 0.986328 0.175781 0.014947 0.014947
1 0.763672 0.158203 0.014947 0.014947
1 0.578125 0.146484 0.014947 0.014947
1 0.414062 0.132812 0.014947 0.014947
1 0.566406 0.107422 0.014947 0.014947
1 0.654297 0.105469 0.014947 0.014947
1 0.068359 0.093750 0.014947 0.014947
1 0.767578 0.074219 0.014947 0.014947
1 0.416016 0.068359 0.014947 0.014947
1 0.533203 0.062500 0.014947 0.014947
1 0.279349 0.056971 0.012369 0.012369
1 0.759766 0.042969 0.014947 0.014947
1 0.632812 0.019531 0.014947 0.014947
1 0.699219 0.015625 0.014947 0.014947
1 0.765625 0.013672 0.014947 0.014947
1 0.410156 0.009766 0.014947 0.014947
1 0.865234 0.004883 0.011662 0.011662
1 0.613281 0.004883 0.011662 0.011662
1 0.371145 0.982753 0.012369 0.012369
1 0.837891 0.882812 0.014947 0.014947
1 0.914189 0.847888 0.019022 0.019022
1 0.814453 0.789062 0.014947 0.014947
1 0.990286 0.740565 0.012369 0.012369
1 0.425781 0.703125 0.014947 0.014947
1 0.918020 0.691737 0.012369 0.012369
1 0.160156 0.689453 0.014947 0.014947
1 0.462891 0.664062 0.014947 0.014947
1 0.939453 0.648438 0.014947 0.014947
1 0.687500 0.646484 0.014947 0.014947
1 0.896484 0.636719 0.014947 0.014947
1 0.937500 0.613281 0.014947 0.014947
1 0.791016 0.605469 0.014947 0.014947
1 0.574219 0.595703 0.014947 0.014947
1 0.830078 0.546875 0.014947 0.014947
1 0.634766 0.542969 0.014947 0.014947
1 0.742188 0.539062 0.014947 0.014947
1 0.552734 0.527344 0.014947 0.014947
1 0.814505 0.512049 0.012369 0.012369
1 0.304688 0.494141 0.014947 0.014947
1 0.535156 0.490234 0.014947 0.014947
1 0.675781 0.486328 0.014947 0.014947
1 0.757812 0.482422 0.014947 0.014947
1 0.797002 0.461169 0.019022 0.019022
1 0.675781 0.435547 0.014947 0.014947
1 0.660156 0.416016 0.014947 0.014947
1 0.501953 0.414062 0.014947 0.014947
1 0.572266 0.410156 0.014947 0.014947
1 0.466797 0.410156 0.014947 0.014947
1 0.097708 0.406581 0.012369 0.012369
1 0.324270 0.387049 0.012369 0.012369
1 0.753906 0.384766 0.014947 0.014947
1 0.544922 0.378906 0.014947 0.014947
1 0.828125 0.376953 0.014947 0.014947
1 0.107422 0.341797 0.014947 0.014947
1 0.937500 0.316406 0.014947 0.014947
1 0.390625 0.310547 0.014947 0.014947
1 0.013672 0.308594 0.014947 0.014947
1 0.857422 0.296875 0.014947 0.014947
1 0.250000 0.281250 0.014947 0.014947
1 0.511719 0.273438 0.014947 0.014947
1 0.509766 0.251953 0.014947 0.014947
1 0.832031 0.246094 0.014947 0.014947
1 0.464844 0.248047 0.014947 0.014947
1 0.851562 0.224609 0.014947 0.014947
1 0.396484 0.212891 0.014947 0.014947
1 0.261719 0.210938 0.014947 0.014947
1 0.875000 0.199219 0.014947 0.014947
1 0.359375 0.166016 0.014947 0.014947
1 0.189505 0.164393 0.012369 0.012369
1 0.214844 0.152344 0.014947 0.014947
1 0.232422 0.142578 0.014947 0.014947
1 0.357422 0.132812 0.014947 0.014947
1 0.720703 0.130859 0.014947 0.014947
1 0.072266 0.125000 0.014947 0.014947
1 0.461064 0.117419 0.019022 0.019022
1 0.785208 0.096034 0.012369 0.012369
1 0.115234 0.095703 0.014947 0.014947
1 0.466797 0.070312 0.014947 0.014947
1 0.048828 0.072266 0.014947 0.014947
1 0.939453 0.066406 0.014947 0.014947
1 0.904297 0.064453 0.014947 0.014947
1 0.306641 0.013672 0.014947 0.014947
1 0.634766 0.982422 0.014947 0.014947
1 0.896536 0.976893 0.012369 0.012369
1 0.044974 0.976893 0.012369 0.012369
1 0.716797 0.957031 0.014947 0.014947
1 0.785156 0.951172 0.014947 0.014947
1 0.902344 0.939453 0.014947 0.014947
1 0.792969 0.931641 0.014947 0.014947
1 0.101562 0.925781 0.014947 0.014947
1 0.673828 0.919922 0.014947 0.014947
1 0.046875 0.912109 0.014947 0.014947
1 0.822266 0.898438 0.014947 0.014947
1 0.779297 0.888672 0.014947 0.014947
1 0.587891 0.867188 0.014947 0.014947
1 0.378958 0.853846 0.012369 0.012369
1 0.546875 0.820312 0.014947 0.014947
1 0.738333 0.814784 0.012369 0.012369
1 0.482422 0.800781 0.014947 0.014947
1 0.154349 0.771815 0.012369 0.012369
1 0.910156 0.757812 0.014947 0.014947
1 0.773489 0.750331 0.012369 0.012369
1 0.525391 0.744141 0.014947 0.014947
1 0.246094 0.740234 0.014947 0.014947
1 0.507812 0.730469 0.014947 0.014947
1 0.576172 0.726562 0.014947 0.014947
1 0.675781 0.716797 0.014947 0.014947
1 0.693359 0.689453 0.014947 0.014947
1 0.007864 0.652674 0.012369 0.012369
1 0.214844 0.648438 0.014947 0.014947
1 0.826172 0.638672 0.014947 0.014947
1 0.921927 0.625331 0.012369 0.012369
1 0.126953 0.601562 0.014947 0.014947
1 0.162109 0.601562 0.014947 0.014947
1 0.361328 0.597656 0.014947 0.014947
1 0.035156 0.595703 0.014947 0.014947
1 0.386719 0.576172 0.014947 0.014947
1 0.759766 0.558594 0.014947 0.014947
1 0.210938 0.546875 0.014947 0.014947
1 0.042969 0.546875 0.014947 0.014947
1 0.533203 0.541016 0.014947 0.014947
1 0.613281 0.529297 0.014947 0.014947
1 0.449219 0.529297 0.014947 0.014947
1 0.228516 0.503906 0.014947 0.014947
1 0.015625 0.498047 0.014947 0.014947
1 0.777344 0.496094 0.014947 0.014947
1 0.144531 0.488281 0.014947 0.014947
1 0.177734 0.480469 0.014947 0.014947
1 0.224609 0.455078 0.014947 0.014947
1 0.031250 0.451172 0.014947 0.014947
1 0.060547 0.451172 0.014947 0.014947
1 0.388672 0.447266 0.014947 0.014947
1 0.619141 0.443359 0.014947 0.014947
1 0.189505 0.443690 0.012369 0.012369
1 0.289062 0.427734 0.014947 0.014947
1 0.103567 0.428065 0.012369 0.012369
1 0.423828 0.423828 0.014947 0.014947
1 0.203125 0.421875 0.014947 0.014947
1 0.136719 0.406250 0.014947 0.014947
1 0.181641 0.392578 0.014947 0.014947
1 0.419922 0.361328 0.014947 0.014947
1 0.130859 0.349609 0.014947 0.014947
1 0.638672 0.335938 0.014947 0.014947
1 0.099609 0.296875 0.014947 0.014947
1 0.294922 0.265625 0.014947 0.014947
1 0.189453 0.261719 0.014947 0.014947
1 0.613281 0.244141 0.014947 0.014947
1 0.130986 0.218982 0.019022 0.019022
1 0.476562 0.212891 0.014947 0.014947
1 0.066406 0.197266 0.014947 0.014947
1 0.060547 0.167969 0.014947 0.014947
1 0.443359 0.146484 0.014947 0.014947
1 0.277344 0.144531 0.014947 0.014947
1 0.089844 0.050781 0.014947 0.014947
1 0.978577 0.993625 0.011345 0.011345
1 0.128906 0.980469 0.014947 0.014947
1 0.316406 0.964844 0.014947 0.014947
1 0.980520 0.937831 0.012369 0.012369
1 0.699219 0.863281 0.014947 0.014947
1 0.093750 0.847656 0.014947 0.014947
1 0.208984 0.833984 0.014947 0.014947
1 0.857549 0.756091 0.019022 0.019022
1 0.699219 0.751953 0.014947 0.014947
1 0.603642 0.746325 0.019022 0.019022
1 0.205078 0.738281 0.014947 0.014947
1 0.128906 0.724609 0.014947 0.014947
1 0.011719 0.707031 0.014947 0.014947
1 0.234375 0.677734 0.014947 0.014947
1 0.502080 0.644763 0.019022 0.019022
1 0.101562 0.568359 0.014947 0.014947
1 0.173828 0.974609 0.014947 0.014947
1 0.595703 0.953125 0.014947 0.014947
1 0.445312 0.687500 0.014947 0.014947
1 0.568411 0.574549 0.012369 0.012369
1 0.257939 0.593982 0.019022 0.019022
1 0.044922 0.478516 0.014947 0.014947
1 0.242239 0.892909 0.012369 0.012369
1 0.027395 0.967128 0.012369 0.012369
