1 0.121145 0.006190 0.012369 0.012369
1 0.654297 0.029297 0.014947 0.014947
1 0.312500 0.035156 0.014947 0.014947
1 0.537109 0.062500 0.014947 0.014947
1 0.734375 0.087891 0.014947 0.014947
1 0.626953 0.093750 0.014947 0.014947
1 0.355469 0.095703 0.014947 0.014947
1 0.908203 0.107422 0.014947 0.014947
1 0.427734 0.109375 0.014947 0.014947
1 0.863281 0.156250 0.014947 0.014947
1 0.927734 0.158203 0.014947 0.014947
1 0.804739 0.166346 0.012369 0.012369
1 0.988281 0.167969 0.014947 0.014947
1 0.919922 0.189453 0.014947 0.014947
1 0.828177 0.254237 0.012369 0.012369
1 0.707031 0.281250 0.014947 0.014947
1 0.570364 0.293299 0.012369 0.012369
1 0.636719 0.302734 0.014947 0.014947
1 0.480520 0.310878 0.012369 0.012369
1 0.941406 0.310547 0.014947 0.014947
1 0.806641 0.314453 0.014947 0.014947
1 0.156302 0.375331 0.012369 0.012369
1 0.128906 0.378906 0.022475 0.022475
1 0.644531 0.421875 0.014947 0.014947
1 0.841797 0.429688 0.014947 0.014947
1 0.958984 0.451172 0.014947 0.014947
1 0.660156 0.523438 0.014947 0.014947
1 0.853516 0.527344 0.014947 0.014947
1 0.273438 0.006329 0.014452 0.014452
1 0.771484 0.062500 0.014947 0.014947
1 0.976562 0.072266 0.014947 0.014947
1 0.798828 0.074219 0.014947 0.014947
1 0.812500 0.111328 0.014947 0.014947
1 0.808645 0.150721 0.012369 0.012369
1 0.712942 0.189784 0.012369 0.012369
1 0.744267 0.482653 0.019022 0.019022
1 0.833984 0.013672 0.022475 0.022475
1 0.830205 0.277575 0.019022 0.019022
1 0.564453 0.318359 0.014947 0.014947
1 0.312627 0.847888 0.019022 0.019022
1 0.169974 0.006190 0.012369 0.012369
1 0.613408 0.687732 0.019022 0.019022
1 0.535156 0.695312 0.014947 0.014947
1 0.572266 0.781250 0.014947 0.014947
1 0.054688 0.796875 0.014947 0.014947
1 0.156302 0.803065 0.012369 0.012369
1 0.107422 0.851562 0.014947 0.014947
1 0.132864 0.855799 0.012369 0.012369
1 0.064453 0.875000 0.014947 0.014947
1 0.484375 0.910156 0.014947 0.014947
1 0.253958 0.931971 0.012369 0.012369
1 0.296875 0.957031 0.014947 0.014947
1 0.109375 0.962891 0.014947 0.014947
1 0.623099 0.113612 0.012369 0.012369
1 0.338017 0.193591 0.019022 0.019022
1 0.119141 0.228516 0.014947 0.014947
1 0.716797 0.318359 0.014947 0.014947
1 0.447266 0.378906 0.014947 0.014947
1 0.041016 0.396484 0.014947 0.014947
1 0.091797 0.417969 0.014947 0.014947
1 0.023438 0.423828 0.014947 0.014947
1 0.199219 0.507812 0.014947 0.014947
1 0.181641 0.597656 0.014947 0.014947
1 0.337891 0.683594 0.014947 0.014947
1 0.197266 0.689453 0.014947 0.014947
1 0.150391 0.730469 0.014947 0.014947
1 0.121094 0.763672 0.014947 0.014947
1 0.431641 0.763672 0.014947 0.014947
1 0.068359 0.777344 0.014947 0.014947
1 0.316406 0.810547 0.014947 0.014947
1 0.136719 0.826172 0.014947 0.014947
1 0.337891 0.839844 0.014947 0.014947
1 0.412109 0.859375 0.014947 0.014947
1 0.824219 0.869141 0.014947 0.014947
1 0.339844 0.873047 0.014947 0.014947
1 0.656250 0.884766 0.014947 0.014947
1 0.572317 0.896815 0.012369 0.012369
1 0.539062 0.900391 0.014947 0.014947
1 0.333984 0.910156 0.014947 0.014947
1 0.095703 0.921875 0.014947 0.014947
1 0.355469 0.970703 0.014947 0.014947
1 0.576172 0.968750 0.014947 0.014947
1 0.849609 0.978516 0.014947 0.014947
1 0.150391 0.986328 0.014947 0.014947
1 0.718802 0.041346 0.012369 0.012369
1 0.244141 0.117188 0.014947 0.014947
1 0.140625 0.154297 0.014947 0.014947
1 0.052734 0.156250 0.014947 0.014947
1 0.173880 0.158534 0.012369 0.012369
1 0.195312 0.187500 0.014947 0.014947
1 0.275391 0.199219 0.014947 0.014947
1 0.006329 0.244141 0.014452 0.014452
1 0.367188 0.281250 0.014947 0.014947
1 0.103642 0.297107 0.019022 0.019022
1 0.363281 0.306641 0.014947 0.014947
1 0.105469 0.328125 0.014947 0.014947
1 0.318359 0.343750 0.014947 0.014947
1 0.517578 0.359375 0.014947 0.014947
1 0.105469 0.359375 0.014947 0.014947
1 0.349609 0.378906 0.014947 0.014947
1 0.228516 0.380859 0.014947 0.014947
1 0.375127 0.406482 0.019022 0.019022
1 0.822266 0.416016 0.014947 0.014947
1 0.925781 0.443359 0.014947 0.014947
1 0.671875 0.466797 0.014947 0.014947
1 0.568359 0.472656 0.014947 0.014947
1 0.181641 0.476562 0.014947 0.014947
1 0.972656 0.478516 0.014947 0.014947
1 0.105469 0.490234 0.014947 0.014947
1 0.337891 0.503906 0.014947 0.014947
1 0.810547 0.503906 0.014947 0.014947
1 0.308594 0.503906 0.014947 0.014947
1 0.640677 0.521815 0.012369 0.012369
1 0.173828 0.525391 0.014947 0.014947
1 0.017578 0.529297 0.014947 0.014947
1 0.277344 0.535156 0.014947 0.014947
1 0.240234 0.544922 0.014947 0.014947
1 0.574219 0.564453 0.014947 0.014947
1 0.767578 0.566406 0.014947 0.014947
1 0.462891 0.568359 0.014947 0.014947
1 0.181641 0.568359 0.014947 0.014947
1 0.511719 0.595703 0.014947 0.014947
1 0.132812 0.615234 0.014947 0.014947
1 0.072266 0.623047 0.014947 0.014947
1 0.908203 0.630859 0.014947 0.014947
1 0.689453 0.658203 0.014947 0.014947
1 0.509766 0.660156 0.014947 0.014947
1 0.757812 0.660156 0.014947 0.014947
1 0.939580 0.707263 0.019022 0.019022
1 0.902344 0.714844 0.014947 0.014947
1 0.248047 0.718750 0.014947 0.014947
1 0.609375 0.777344 0.014947 0.014947
1 0.642578 0.777344 0.014947 0.014947
1 0.769531 0.785156 0.014947 0.014947
1 0.369141 0.789062 0.014947 0.014947
1 0.326172 0.759766 0.014947 0.014947
1 0.041016 0.832031 0.014947 0.014947
1 0.765625 0.595703 0.014947 0.014947
1 0.460938 0.544922 0.014947 0.014947
1 0.550781 0.972656 0.014947 0.014947
1 0.005911 0.967128 0.012369 0.012369
1 0.345755 0.709315 0.012369 0.012369
1 0.550781 0.781250 0.014947 0.014947
1 0.966849 0.951503 0.012369 0.012369
1 0.435599 0.924159 0.012369 0.012369
1 0.242239 0.428065 0.012369 0.012369
1 0.939505 0.972987 0.012369 0.012369
1 0.955130 0.967128 0.012369 0.012369
1 0.244141 0.410156 0.014947 0.014947
1 0.302734 0.238281 0.014947 0.014947
1 0.304688 0.259766 0.014947 0.014947
1 0.033203 0.050781 0.014947 0.014947
1 0.046875 0.050781 0.014947 0.014947
1 0.242188 0.162109 0.014947 0.014947
1 0.257812 0.171875 0.014947 0.014947
1 0.449219 0.162109 0.014947 0.014947
1 0.449219 0.175781 0.014947 0.014947
1 0.507812 0.080078 0.014947 0.014947
1 0.494141 0.070312 0.014947 0.014947
1 0.501953 0.044922 0.014947 0.014947
1 0.492188 0.035156 0.014947 0.014947
1 0.894531 0.291016 0.014947 0.014947
1 0.878906 0.285156 0.014947 0.014947
1 0.876953 0.300781 0.014947 0.014947
1 0.324270 0.248378 0.012369 0.012369
1 0.039114 0.215174 0.012369 0.012369
1 0.031302 0.226893 0.012369 0.012369
1 0.062552 0.271815 0.012369 0.012369
1 0.054739 0.283534 0.012369 0.012369
1 0.181692 0.972987 0.012369 0.012369
1 0.175833 0.986659 0.012369 0.012369
1 0.888724 0.916346 0.012369 0.012369
1 0.875052 0.922206 0.012369 0.012369
1 0.748099 0.797206 0.012369 0.012369
1 0.740286 0.808924 0.012369 0.012369
1 0.734427 0.842128 0.012369 0.012369
1 0.738333 0.855799 0.012369 0.012369
1 0.755911 0.875331 0.012369 0.012369
1 0.742239 0.881190 0.012369 0.012369
1 0.447317 0.904628 0.012369 0.012369
1 0.433645 0.904628 0.012369 0.012369
1 0.337942 0.726893 0.012369 0.012369
1 0.156302 0.764003 0.012369 0.012369
1 0.173880 0.758143 0.012369 0.012369
1 0.173880 0.746424 0.012369 0.012369
1 0.074270 0.650721 0.012369 0.012369
1 0.084036 0.668299 0.012369 0.012369
1 0.533255 0.771815 0.012369 0.012369
1 0.527395 0.783534 0.012369 0.012369
1 0.380911 0.637049 0.012369 0.012369
1 0.330130 0.625331 0.012369 0.012369
1 0.593802 0.713221 0.012369 0.012369
1 0.580130 0.711268 0.012369 0.012369
1 0.584036 0.722987 0.012369 0.012369
1 0.697317 0.568690 0.012369 0.012369
1 0.718802 0.580409 0.012369 0.012369
1 0.750052 0.551112 0.012369 0.012369
1 0.738333 0.558924 0.012369 0.012369
1 0.687552 0.590174 0.012369 0.012369
1 0.392630 0.621424 0.012369 0.012369
1 0.318411 0.639003 0.012369 0.012369
1 0.712891 0.808594 0.014947 0.014947
1 0.828125 0.814453 0.014947 0.014947
1 0.849661 0.816737 0.012369 0.012369
1 0.412109 0.890625 0.014947 0.014947
1 0.455130 0.930018 0.012369 0.012369
1 0.843750 0.947266 0.014947 0.014947
1 0.713017 0.947497 0.019022 0.019022
1 0.494141 0.958984 0.014947 0.014947
1 0.972708 0.976893 0.012369 0.012369
1 0.121094 0.035156 0.014947 0.014947
1 0.205078 0.033203 0.014947 0.014947
1 0.082031 0.037109 0.014947 0.014947
1 0.679688 0.046875 0.014947 0.014947
1 0.376953 0.060547 0.014947 0.014947
1 0.156250 0.066406 0.014947 0.014947
1 0.318359 0.080078 0.014947 0.014947
1 0.146484 0.093750 0.014947 0.014947
1 0.173828 0.097656 0.014947 0.014947
1 0.271484 0.123047 0.014947 0.014947
1 0.306641 0.136719 0.014947 0.014947
1 0.357422 0.146484 0.014947 0.014947
1 0.595703 0.148438 0.014947 0.014947
1 0.726562 0.152344 0.014947 0.014947
1 0.703125 0.154297 0.014947 0.014947
1 0.005911 0.162440 0.012369 0.012369
1 0.757812 0.167969 0.014947 0.014947
1 0.113281 0.191406 0.014947 0.014947
1 0.992239 0.197596 0.012369 0.012369
1 0.181641 0.208984 0.014947 0.014947
1 0.689453 0.218750 0.014947 0.014947
1 0.445364 0.219081 0.012369 0.012369
1 0.244141 0.224609 0.014947 0.014947
1 0.800833 0.226893 0.012369 0.012369
1 0.583984 0.232422 0.014947 0.014947
1 0.353516 0.234375 0.014947 0.014947
1 0.261719 0.244141 0.014947 0.014947
1 0.789114 0.246424 0.012369 0.012369
1 0.667969 0.289062 0.014947 0.014947
1 0.179688 0.300781 0.014947 0.014947
1 0.748047 0.324219 0.014947 0.014947
1 0.476614 0.326503 0.012369 0.012369
1 0.615234 0.333984 0.014947 0.014947
1 0.687500 0.333984 0.014947 0.014947
1 0.789062 0.337891 0.014947 0.014947
1 0.878906 0.337891 0.014947 0.014947
1 0.251953 0.349609 0.014947 0.014947
1 0.003906 0.355469 0.006233 0.006233
1 0.642578 0.373047 0.014947 0.014947
1 0.185547 0.380859 0.014947 0.014947
1 0.767578 0.390625 0.014947 0.014947
1 0.668020 0.402674 0.012369 0.012369
1 0.636770 0.426112 0.012369 0.012369
1 0.726562 0.437500 0.014947 0.014947
1 0.662161 0.439784 0.012369 0.012369
1 0.248099 0.441737 0.012369 0.012369
1 0.697266 0.445312 0.014947 0.014947
1 0.988281 0.451172 0.014947 0.014947
1 0.611328 0.494141 0.014947 0.014947
1 0.943359 0.498047 0.014947 0.014947
1 0.771484 0.533203 0.014947 0.014947
1 0.970703 0.546875 0.014947 0.014947
1 0.171927 0.551112 0.012369 0.012369
1 0.201172 0.562500 0.014947 0.014947
1 0.554688 0.578125 0.014947 0.014947
1 0.962891 0.595703 0.014947 0.014947
1 0.921875 0.615234 0.014947 0.014947
1 0.636719 0.650391 0.014947 0.014947
1 0.935547 0.652344 0.014947 0.014947
1 0.845703 0.664062 0.014947 0.014947
1 0.806641 0.685547 0.014947 0.014947
1 0.697317 0.722987 0.012369 0.012369
1 0.693411 0.742518 0.012369 0.012369
1 0.925781 0.742188 0.014947 0.014947
1 0.894531 0.869141 0.014947 0.014947
1 0.855469 0.876953 0.014947 0.014947
1 0.974609 0.912109 0.014947 0.014947
1 0.806641 0.966797 0.014947 0.014947
