1 0.253906 0.533203 0.014947 0.014947
1 0.431641 0.427734 0.014947 0.014947
1 0.300781 0.419922 0.014947 0.014947
1 0.287109 0.384766 0.014947 0.014947
1 0.175781 0.378906 0.014947 0.014947
1 0.019531 0.343750 0.014947 0.014947
1 0.099736 0.302966 0.019022 0.019022
1 0.355469 0.220703 0.014947 0.014947
1 0.527344 0.083984 0.014947 0.014947
1 0.037236 0.011950 0.019022 0.019022
1 0.244192 0.990565 0.012369 0.012369
1 0.060547 0.991718 0.014452 0.014452
1 0.275391 0.947266 0.014947 0.014947
1 0.396536 0.875331 0.012369 0.012369
1 0.324270 0.849940 0.012369 0.012369
1 0.632864 0.824549 0.012369 0.012369
1 0.476614 0.769862 0.012369 0.012369
1 0.361328 0.730469 0.014947 0.014947
1 0.023489 0.480799 0.012369 0.012369
1 0.080130 0.140956 0.012369 0.012369
1 0.084036 0.158534 0.012369 0.012369
1 0.347708 0.037440 0.012369 0.012369
1 0.435599 0.125331 0.012369 0.012369
1 0.265677 0.242518 0.012369 0.012369
1 0.582083 0.160487 0.012369 0.012369
1 0.584036 0.178065 0.012369 0.012369
1 0.615286 0.074549 0.012369 0.012369
1 0.628958 0.096034 0.012369 0.012369
1 0.830130 0.264003 0.012369 0.012369
1 0.839895 0.238612 0.012369 0.012369
1 0.925833 0.185878 0.012369 0.012369
1 0.949270 0.146815 0.012369 0.012369
1 0.972708 0.152674 0.012369 0.012369
1 0.800833 0.363612 0.012369 0.012369
1 0.818411 0.381190 0.012369 0.012369
1 0.910208 0.390956 0.012369 0.012369
1 0.800833 0.408534 0.012369 0.012369
1 0.783255 0.414393 0.012369 0.012369
1 0.685599 0.467128 0.012369 0.012369
1 0.587942 0.545253 0.012369 0.012369
1 0.181641 0.568359 0.014947 0.014947
1 0.500000 0.566406 0.014947 0.014947
1 0.123174 0.564685 0.019022 0.019022
1 0.398564 0.543200 0.019022 0.019022
1 0.060547 0.513672 0.014947 0.014947
1 0.675908 0.490466 0.019022 0.019022
1 0.468750 0.470703 0.014947 0.014947
1 0.138724 0.459315 0.012369 0.012369
1 0.339844 0.410156 0.014947 0.014947
1 0.353516 0.378906 0.014947 0.014947
1 0.171875 0.125000 0.014947 0.014947
1 0.332031 0.066406 0.030378 0.030378
1 0.023564 0.049060 0.019022 0.019022
1 0.257812 0.923828 0.014947 0.014947
1 0.843750 0.822266 0.022475 0.022475
1 0.681767 0.814685 0.019022 0.019022
1 0.263672 0.738281 0.014947 0.014947
1 0.718877 0.646716 0.019022 0.019022
1 0.062500 0.958984 0.014947 0.014947
1 0.304688 0.583984 0.014947 0.014947
1 0.482422 0.367188 0.014947 0.014947
1 0.093750 0.337891 0.014947 0.014947
1 0.906250 0.015625 0.022475 0.022475
1 0.468877 0.392810 0.019022 0.019022
1 0.427861 0.384997 0.019022 0.019022
1 0.923828 0.267578 0.014947 0.014947
1 0.816458 0.010096 0.012369 0.012369
1 0.099661 0.158534 0.012369 0.012369
1 0.945364 0.750331 0.012369 0.012369
1 0.873099 0.492518 0.012369 0.012369
1 0.964844 0.330078 0.014947 0.014947
1 0.886719 0.292969 0.014947 0.014947
1 0.927786 0.922206 0.012369 0.012369
1 0.968750 0.888672 0.014947 0.014947
1 0.906250 0.636719 0.014947 0.014947
1 0.777395 0.590174 0.012369 0.012369
1 0.041067 0.476893 0.012369 0.012369
1 0.810547 0.443359 0.014947 0.014947
1 0.771536 0.437831 0.012369 0.012369
1 0.839895 0.435878 0.012369 0.012369
1 0.849609 0.386719 0.014947 0.014947
1 0.210989 0.381190 0.012369 0.012369
1 0.619192 0.281581 0.012369 0.012369
1 0.908330 0.209216 0.019022 0.019022
1 0.783255 0.205409 0.012369 0.012369
1 0.822392 0.080310 0.019022 0.019022
1 0.873047 0.921875 0.014947 0.014947
1 0.830130 0.920253 0.012369 0.012369
1 0.072266 0.882812 0.014947 0.014947
1 0.648438 0.808594 0.014947 0.014947
1 0.669922 0.712891 0.014947 0.014947
1 0.775391 0.669922 0.014947 0.014947
1 0.459036 0.603846 0.012369 0.012369
1 0.439505 0.584315 0.012369 0.012369
1 0.705130 0.504237 0.012369 0.012369
1 0.966924 0.496325 0.019022 0.019022
1 0.394583 0.465174 0.012369 0.012369
1 0.949345 0.457263 0.019022 0.019022
1 0.714895 0.455409 0.012369 0.012369
1 0.720755 0.424159 0.012369 0.012369
1 0.742188 0.419922 0.014947 0.014947
1 0.193359 0.398438 0.014947 0.014947
1 0.543020 0.515956 0.012369 0.012369
1 0.521536 0.510096 0.012369 0.012369
1 0.943411 0.599940 0.012369 0.012369
1 0.912161 0.547206 0.012369 0.012369
1 0.980520 0.447596 0.012369 0.012369
1 0.773489 0.912440 0.012369 0.012369
1 0.644583 0.865565 0.012369 0.012369
1 0.238408 0.668200 0.019022 0.019022
1 0.297002 0.717028 0.019022 0.019022
1 0.121220 0.687732 0.019022 0.019022
1 0.675781 0.357422 0.014947 0.014947
1 0.068411 0.355799 0.012369 0.012369
1 0.333984 0.335938 0.014947 0.014947
1 0.527344 0.318359 0.014947 0.014947
1 0.578125 0.312500 0.014947 0.014947
1 0.181641 0.238281 0.014947 0.014947
1 0.623174 0.146716 0.019022 0.019022
1 0.408203 0.130859 0.014947 0.014947
1 0.140625 0.117188 0.014947 0.014947
1 0.547032 0.107632 0.026766 0.026766
1 0.146536 0.078456 0.012369 0.012369
1 0.167969 0.066406 0.014947 0.014947
1 0.646611 0.052966 0.019022 0.019022
1 0.429688 0.035156 0.014947 0.014947
1 0.146484 0.029297 0.014947 0.014947
1 0.062500 0.027344 0.014947 0.014947
1 0.658203 0.007812 0.014947 0.014947
1 0.693411 0.974940 0.012369 0.012369
1 0.132864 0.945643 0.012369 0.012369
1 0.158203 0.906250 0.014947 0.014947
1 0.115234 0.900391 0.014947 0.014947
1 0.136719 0.896484 0.014947 0.014947
1 0.351562 0.873047 0.014947 0.014947
1 0.169922 0.867188 0.014947 0.014947
1 0.722708 0.863612 0.012369 0.012369
1 0.377005 0.859706 0.012369 0.012369
1 0.953125 0.855469 0.014947 0.014947
1 0.162161 0.846034 0.012369 0.012369
1 0.699270 0.838221 0.012369 0.012369
1 0.785283 0.777575 0.019022 0.019022
1 0.107422 0.777344 0.014947 0.014947
1 0.533203 0.753906 0.014947 0.014947
1 0.337942 0.693690 0.012369 0.012369
1 0.578177 0.652674 0.012369 0.012369
1 0.543020 0.646815 0.012369 0.012369
1 0.312552 0.625331 0.012369 0.012369
1 0.353516 0.591797 0.014947 0.014947
1 0.396536 0.572596 0.012369 0.012369
1 0.666016 0.552734 0.014947 0.014947
