1 0.993501 0.502190 0.011557 0.011557
1 0.968750 0.490234 0.014947 0.014947
1 0.580078 0.476562 0.014947 0.014947
1 0.779349 0.459315 0.012369 0.012369
1 0.421875 0.455078 0.014947 0.014947
1 0.589844 0.439453 0.014947 0.014947
1 0.544922 0.394531 0.014947 0.014947
1 0.353516 0.363281 0.014947 0.014947
1 0.585989 0.349940 0.012369 0.012369
1 0.322266 0.332031 0.014947 0.014947
1 0.615286 0.279628 0.012369 0.012369
1 0.435547 0.226562 0.014947 0.014947
1 0.457031 0.195312 0.014947 0.014947
1 0.853567 0.181971 0.012369 0.012369
1 0.593802 0.158534 0.012369 0.012369
1 0.707083 0.150721 0.012369 0.012369
1 0.679688 0.123047 0.014947 0.014947
1 0.713017 0.107653 0.019022 0.019022
1 0.244141 0.099609 0.014947 0.014947
1 0.917969 0.076172 0.014947 0.014947
1 0.035156 0.064453 0.014947 0.014947
1 0.017578 0.044922 0.014947 0.014947
1 0.644531 0.041016 0.014947 0.014947
1 0.097656 0.007812 0.014947 0.014947
1 0.974609 0.955078 0.014947 0.014947
1 0.781302 0.943690 0.012369 0.012369
1 0.873047 0.837891 0.014947 0.014947
1 0.509766 0.830078 0.014947 0.014947
1 0.873174 0.791247 0.019022 0.019022
1 0.304739 0.775721 0.012369 0.012369
1 0.357422 0.771484 0.014947 0.014947
1 0.687627 0.730700 0.019022 0.019022
1 0.736328 0.666016 0.014947 0.014947
1 0.656250 0.656250 0.014947 0.014947
1 0.623047 0.656250 0.014947 0.014947
1 0.023438 0.615234 0.014947 0.014947
1 0.597656 0.605469 0.014947 0.014947
1 0.701224 0.580409 0.012369 0.012369
1 0.576299 0.564685 0.019022 0.019022
1 0.144531 0.535156 0.014947 0.014947
1 0.306767 0.531482 0.019022 0.019022
1 0.943486 0.527575 0.019022 0.019022
1 0.152395 0.527674 0.012369 0.012369
1 0.361328 0.521484 0.014947 0.014947
1 0.027344 0.496094 0.014947 0.014947
1 0.154297 0.496094 0.014947 0.014947
1 0.771484 0.480469 0.014947 0.014947
1 0.730595 0.461169 0.019022 0.019022
1 0.603516 0.457031 0.014947 0.014947
1 0.394583 0.441737 0.012369 0.012369
1 0.900517 0.392810 0.019022 0.019022
1 0.619141 0.835938 0.014947 0.014947
1 0.496094 0.861328 0.014947 0.014947
1 0.531250 0.882812 0.014947 0.014947
1 0.297002 0.896716 0.019022 0.019022
1 0.681641 0.964844 0.014947 0.014947
1 0.517630 0.986659 0.012369 0.012369
1 0.943359 0.052734 0.022475 0.022475
1 0.492188 0.078125 0.014947 0.014947
1 0.640677 0.086268 0.012369 0.012369
1 0.480469 0.101562 0.014947 0.014947
1 0.132812 0.152344 0.014947 0.014947
1 0.963017 0.158435 0.019022 0.019022
1 0.156302 0.170253 0.012369 0.012369
1 0.537109 0.189453 0.014947 0.014947
1 0.144583 0.193690 0.012369 0.012369
1 0.171875 0.207031 0.014947 0.014947
1 0.843877 0.205310 0.019022 0.019022
1 0.738281 0.228516 0.014947 0.014947
1 0.523438 0.230469 0.014947 0.014947
1 0.980469 0.232422 0.014947 0.014947
1 0.515677 0.264003 0.012369 0.012369
1 0.857422 0.304688 0.014947 0.014947
1 0.376953 0.306641 0.014947 0.014947
1 0.993501 0.316643 0.011557 0.011557
1 0.900391 0.316406 0.014947 0.014947
1 0.748174 0.328357 0.019022 0.019022
1 0.095703 0.341797 0.014947 0.014947
1 0.304688 0.376953 0.014947 0.014947
1 0.222708 0.760096 0.012369 0.012369
1 0.203177 0.777674 0.012369 0.012369
1 0.687552 0.631190 0.012369 0.012369
1 0.531302 0.972987 0.012369 0.012369
1 0.521536 0.953456 0.012369 0.012369
1 0.459046 0.993625 0.011345 0.011345
1 0.334036 0.949549 0.012369 0.012369
1 0.324270 0.967128 0.012369 0.012369
1 0.353516 0.986328 0.014947 0.014947
1 0.564453 0.037109 0.006233 0.006233
1 0.595830 0.773669 0.019022 0.019022
1 0.158203 0.876953 0.014947 0.014947
1 0.755911 0.123378 0.012369 0.012369
1 0.289114 0.346034 0.012369 0.012369
1 0.291067 0.359706 0.012369 0.012369
1 0.429739 0.383143 0.012369 0.012369
1 0.296875 0.988281 0.014947 0.014947
1 0.337891 0.835938 0.014947 0.014947
1 0.134892 0.849841 0.019022 0.019022
1 0.009766 0.855469 0.014947 0.014947
1 0.318359 0.863281 0.014947 0.014947
1 0.814580 0.945544 0.019022 0.019022
1 0.584036 0.992518 0.012369 0.012369
1 0.275391 0.287109 0.014947 0.014947
1 0.046875 0.560547 0.022475 0.022475
1 0.005911 0.639003 0.012369 0.012369
1 0.130859 0.642578 0.014947 0.014947
1 0.216797 0.687500 0.014947 0.014947
1 0.207158 0.804919 0.019022 0.019022
1 0.107422 0.867188 0.014947 0.014947
1 0.341797 0.912109 0.014947 0.014947
1 0.234427 0.939784 0.012369 0.012369
1 0.560674 0.072497 0.019022 0.019022
1 0.642630 0.498378 0.012369 0.012369
1 0.322266 0.511719 0.014947 0.014947
1 0.201172 0.521484 0.014947 0.014947
1 0.216797 0.576172 0.014947 0.014947
1 0.601614 0.707362 0.012369 0.012369
1 0.529297 0.748047 0.014947 0.014947
1 0.513672 0.785156 0.014947 0.014947
1 0.488281 0.792969 0.014947 0.014947
1 0.609375 0.796875 0.014947 0.014947
1 0.062500 0.822266 0.014947 0.014947
1 0.785283 0.570544 0.019022 0.019022
1 0.795049 0.426013 0.019022 0.019022
1 0.712942 0.363612 0.012369 0.012369
1 0.892578 0.353516 0.014947 0.014947
1 0.949270 0.111659 0.012369 0.012369
1 0.662109 0.105469 0.014947 0.014947
1 0.341797 0.710938 0.014947 0.014947
1 0.879033 0.677966 0.019022 0.019022
1 0.808645 0.664393 0.012369 0.012369
1 0.384766 0.560547 0.014947 0.014947
1 0.806641 0.558594 0.014947 0.014947
1 0.837891 0.546875 0.014947 0.014947
1 0.603516 0.537109 0.014947 0.014947
