1 0.287109 0.335938 0.014947 0.014947
1 0.130859 0.964844 0.014947 0.014947
1 0.248047 0.378906 0.014947 0.014947
1 0.042969 0.421875 0.014947 0.014947
1 0.189453 0.857422 0.014947 0.014947
1 0.271484 0.900391 0.014947 0.014947
1 0.408203 0.937500 0.014947 0.014947
1 0.058594 0.945312 0.014947 0.014947
1 0.312500 0.541016 0.014947 0.014947
1 0.625000 0.560547 0.014947 0.014947
1 0.111328 0.671875 0.014947 0.014947
1 0.369141 0.703125 0.014947 0.014947
1 0.470703 0.707031 0.014947 0.014947
1 0.593750 0.753906 0.014947 0.014947
1 0.105469 0.755859 0.014947 0.014947
1 0.117188 0.783203 0.014947 0.014947
1 0.396484 0.839844 0.014947 0.014947
1 0.435547 0.849609 0.014947 0.014947
1 0.765677 0.855799 0.012369 0.012369
1 0.324219 0.914062 0.014947 0.014947
1 0.208984 0.921875 0.014947 0.014947
1 0.472708 0.295253 0.012369 0.012369
1 0.478567 0.305018 0.012369 0.012369
1 0.283255 0.746424 0.012369 0.012369
1 0.296927 0.750331 0.012369 0.012369
1 0.298880 0.847987 0.012369 0.012369
1 0.302786 0.836268 0.012369 0.012369
1 0.212942 0.252284 0.012369 0.012369
1 0.201224 0.242518 0.012369 0.012369
1 0.007812 0.804688 0.014947 0.014947
1 0.847656 0.923828 0.014947 0.014947
1 0.839844 0.906250 0.014947 0.014947
1 0.939453 0.708984 0.014947 0.014947
1 0.429688 0.658203 0.014947 0.014947
1 0.957031 0.626953 0.014947 0.014947
1 0.871094 0.628906 0.014947 0.014947
1 0.658203 0.599609 0.014947 0.014947
1 0.558645 0.586268 0.012369 0.012369
1 0.578177 0.580409 0.012369 0.012369
1 0.238281 0.507812 0.014947 0.014947
1 0.513724 0.504237 0.012369 0.012369
1 0.451172 0.478516 0.014947 0.014947
1 0.156250 0.470703 0.014947 0.014947
1 0.291016 0.453125 0.014947 0.014947
1 0.511719 0.427734 0.014947 0.014947
1 0.203125 0.406250 0.014947 0.014947
1 0.291016 0.404297 0.014947 0.014947
1 0.181692 0.347987 0.012369 0.012369
1 0.453125 0.345703 0.014947 0.014947
1 0.667969 0.310547 0.014947 0.014947
1 0.123047 0.292969 0.014947 0.014947
1 0.435547 0.283203 0.014947 0.014947
1 0.042969 0.132812 0.014947 0.014947
1 0.076172 0.076172 0.014947 0.014947
1 0.005911 0.019862 0.012369 0.012369
1 0.871094 0.861328 0.014947 0.014947
1 0.824219 0.855469 0.014947 0.014947
1 0.357422 0.839844 0.014947 0.014947
1 0.476562 0.767578 0.014947 0.014947
1 0.669922 0.707031 0.014947 0.014947
1 0.791016 0.699219 0.014947 0.014947
1 0.072266 0.699219 0.014947 0.014947
1 0.289062 0.666016 0.014947 0.014947
1 0.529297 0.642578 0.014947 0.014947
1 0.291016 0.634766 0.014947 0.014947
1 0.166016 0.628906 0.014947 0.014947
1 0.773438 0.621094 0.014947 0.014947
1 0.386719 0.613281 0.014947 0.014947
1 0.417969 0.613281 0.014947 0.014947
1 0.232422 0.585938 0.014947 0.014947
1 0.193359 0.560547 0.014947 0.014947
1 0.279297 0.511719 0.014947 0.014947
1 0.023489 0.248378 0.012369 0.012369
1 0.373047 0.134766 0.014947 0.014947
1 0.011770 0.976893 0.012369 0.012369
1 0.380859 0.929688 0.014947 0.014947
1 0.609375 0.775391 0.014947 0.014947
1 0.763672 0.826172 0.014947 0.014947
1 0.644531 0.826172 0.014947 0.014947
1 0.855520 0.951503 0.012369 0.012369
1 0.847708 0.972987 0.012369 0.012369
1 0.062500 0.039062 0.014947 0.014947
1 0.591797 0.042969 0.014947 0.014947
1 0.320312 0.072266 0.014947 0.014947
1 0.191406 0.083984 0.014947 0.014947
1 0.396484 0.144531 0.014947 0.014947
1 0.451172 0.197266 0.014947 0.014947
1 0.376953 0.326172 0.014947 0.014947
1 0.195364 0.336268 0.012369 0.012369
1 0.580078 0.347656 0.014947 0.014947
1 0.730469 0.357422 0.014947 0.014947
1 0.466797 0.375000 0.014947 0.014947
1 0.349609 0.386719 0.014947 0.014947
1 0.816406 0.449219 0.014947 0.014947
1 0.541016 0.470703 0.014947 0.014947
1 0.521536 0.486659 0.012369 0.012369
1 0.617188 0.531250 0.014947 0.014947
1 0.648438 0.640625 0.014947 0.014947
1 0.777395 0.681971 0.012369 0.012369
1 0.697266 0.705078 0.014947 0.014947
1 0.962891 0.724609 0.014947 0.014947
1 0.789062 0.857422 0.014947 0.014947
1 0.650442 0.006190 0.012369 0.012369
1 0.675781 0.011719 0.014947 0.014947
1 0.775391 0.019531 0.014947 0.014947
1 0.816458 0.041346 0.012369 0.012369
1 0.550781 0.103516 0.014947 0.014947
1 0.582031 0.175781 0.014947 0.014947
1 0.640625 0.224609 0.014947 0.014947
1 0.779297 0.306641 0.014947 0.014947
1 0.800781 0.324219 0.014947 0.014947
1 0.958984 0.343750 0.014947 0.014947
1 0.701172 0.359375 0.014947 0.014947
1 0.486380 0.363612 0.012369 0.012369
1 0.976562 0.429688 0.014947 0.014947
1 0.970703 0.474609 0.014947 0.014947
1 0.306641 0.712891 0.014947 0.014947
1 0.621094 0.039062 0.014947 0.014947
1 0.746145 0.053065 0.012369 0.012369
1 0.767630 0.053065 0.012369 0.012369
1 0.988281 0.128906 0.014947 0.014947
1 0.845703 0.175781 0.014947 0.014947
1 0.957031 0.386719 0.014947 0.014947
1 0.045049 0.904528 0.019022 0.019022
