1 0.695312 0.349609 0.014947 0.014947
1 0.355469 0.968750 0.010337 0.010337
1 0.097656 0.984375 0.010337 0.010337
1 0.134766 0.929688 0.010337 0.010337
1 0.146484 0.941406 0.010337 0.010337
1 0.123047 0.671875 0.010337 0.010337
1 0.115234 0.658203 0.010337 0.010337
1 0.205078 0.677734 0.010337 0.010337
1 0.218750 0.660156 0.010337 0.010337
1 0.226562 0.675781 0.010337 0.010337
1 0.230469 0.611328 0.010337 0.010337
1 0.210938 0.601562 0.010337 0.010337
1 0.111328 0.216797 0.010337 0.010337
1 0.099609 0.218750 0.010337 0.010337
1 0.105469 0.207031 0.006233 0.006233
1 0.914062 0.605469 0.014947 0.014947
1 0.908330 0.181872 0.019022 0.019022
1 0.890752 0.215075 0.019022 0.019022
1 0.890752 0.111560 0.019022 0.019022
1 0.769658 0.125232 0.019022 0.019022
1 0.783330 0.088122 0.019022 0.019022
1 0.759892 0.090075 0.019022 0.019022
1 0.754033 0.066638 0.019022 0.019022
1 0.982549 0.562732 0.019022 0.019022
1 0.984502 0.527575 0.019022 0.019022
1 0.834111 0.582263 0.019022 0.019022
1 0.884892 0.650622 0.019022 0.019022
1 0.734502 0.771716 0.019022 0.019022
1 0.613408 0.763903 0.019022 0.019022
1 0.781377 0.859607 0.019022 0.019022
1 0.759892 0.929919 0.019022 0.019022
1 0.834111 0.752185 0.019022 0.019022
1 0.830205 0.730700 0.019022 0.019022
1 0.910283 0.724841 0.019022 0.019022
1 0.892705 0.939685 0.019022 0.019022
1 0.918095 0.967028 0.019022 0.019022
1 0.991039 0.914273 0.017562 0.017562
1 0.989874 0.806830 0.018505 0.018505
1 0.935674 0.867419 0.019022 0.019022
1 0.953252 0.884997 0.019022 0.019022
1 0.949345 0.732653 0.019022 0.019022
1 0.894658 0.732653 0.019022 0.019022
1 0.892705 0.705310 0.019022 0.019022
1 0.685693 0.991314 0.017700 0.017700
1 0.529443 0.991314 0.017700 0.017700
1 0.380986 0.033435 0.019022 0.019022
1 0.482549 0.160388 0.019022 0.019022
1 0.402470 0.152575 0.019022 0.019022
1 0.664189 0.047107 0.019022 0.019022
1 0.545049 0.142810 0.019022 0.019022
1 0.722783 0.037341 0.019022 0.019022
1 0.794922 0.945312 0.022475 0.022475
1 0.738333 0.310878 0.012369 0.012369
1 0.738408 0.697497 0.019022 0.019022
1 0.628958 0.326503 0.012369 0.012369
1 0.648489 0.269862 0.012369 0.012369
1 0.627005 0.164393 0.012369 0.012369
1 0.535208 0.025721 0.012369 0.012369
1 0.894531 0.894531 0.014947 0.014947
1 0.875052 0.865565 0.012369 0.012369
1 0.759817 0.785487 0.012369 0.012369
1 0.802734 0.634766 0.014947 0.014947
1 0.617188 0.599609 0.014947 0.014947
1 0.705130 0.412440 0.012369 0.012369
1 0.544974 0.170253 0.012369 0.012369
1 0.015752 0.052966 0.019022 0.019022
1 0.523594 0.941616 0.026766 0.026766
1 0.685547 0.810547 0.014947 0.014947
1 0.642578 0.714844 0.014947 0.014947
1 0.128906 0.615234 0.014947 0.014947
1 0.068359 0.503906 0.014947 0.014947
1 0.041067 0.490565 0.012369 0.012369
1 0.369192 0.377284 0.012369 0.012369
1 0.439505 0.217128 0.012369 0.012369
1 0.416016 0.130859 0.014947 0.014947
1 0.021536 0.111659 0.012369 0.012369
1 0.121145 0.980799 0.012369 0.012369
1 0.613333 0.969081 0.012369 0.012369
1 0.671875 0.855469 0.014947 0.014947
1 0.285283 0.840075 0.019022 0.019022
1 0.212891 0.808594 0.014947 0.014947
1 0.691406 0.771484 0.014947 0.014947
1 0.072317 0.769862 0.012369 0.012369
1 0.566458 0.758143 0.012369 0.012369
1 0.509766 0.759766 0.014947 0.014947
1 0.564453 0.687500 0.014947 0.014947
1 0.246145 0.642909 0.012369 0.012369
1 0.511719 0.554688 0.014947 0.014947
1 0.261770 0.525721 0.012369 0.012369
1 0.146484 0.507812 0.014947 0.014947
1 0.400442 0.508143 0.012369 0.012369
1 0.474609 0.501953 0.014947 0.014947
1 0.359375 0.490234 0.014947 0.014947
1 0.193359 0.482422 0.014947 0.014947
1 0.515625 0.466797 0.014947 0.014947
1 0.386719 0.445312 0.014947 0.014947
1 0.093750 0.437500 0.014947 0.014947
1 0.607549 0.410388 0.019022 0.019022
1 0.066458 0.316737 0.012369 0.012369
1 0.208984 0.226562 0.014947 0.014947
1 0.308645 0.222987 0.012369 0.012369
1 0.357474 0.197596 0.012369 0.012369
1 0.345703 0.166016 0.014947 0.014947
1 0.074219 0.125000 0.014947 0.014947
1 0.375000 0.127056 0.013586 0.013586
1 0.171927 0.097987 0.012369 0.012369
1 0.191533 0.080310 0.019022 0.019022
1 0.142630 0.056971 0.012369 0.012369
1 0.085938 0.017578 0.014947 0.014947
1 0.218750 0.953125 0.014947 0.014947
1 0.046875 0.955078 0.014947 0.014947
1 0.109427 0.867518 0.012369 0.012369
1 0.406250 0.839844 0.014947 0.014947
1 0.480469 0.792969 0.014947 0.014947
1 0.119141 0.699219 0.014947 0.014947
1 0.333984 0.644531 0.014947 0.014947
1 0.154349 0.631190 0.012369 0.012369
1 0.333984 0.593750 0.022475 0.022475
1 0.349609 0.550781 0.014947 0.014947
1 0.015677 0.527674 0.012369 0.012369
1 0.191406 0.417969 0.014947 0.014947
1 0.220755 0.299159 0.012369 0.012369
1 0.152344 0.267578 0.014947 0.014947
1 0.052734 0.230469 0.014947 0.014947
1 0.189505 0.226893 0.012369 0.012369
1 0.035283 0.158435 0.019022 0.019022
1 0.146484 0.093750 0.014947 0.014947
1 0.136845 0.025622 0.019022 0.019022
1 0.351562 0.873047 0.014947 0.014947
1 0.214970 0.847888 0.019022 0.019022
1 0.222656 0.761719 0.014947 0.014947
1 0.230469 0.572266 0.014947 0.014947
1 0.091797 0.273438 0.014947 0.014947
1 0.089970 0.082263 0.019022 0.019022
1 0.312500 0.871094 0.014947 0.014947
1 0.396484 0.716797 0.014947 0.014947
1 0.296927 0.148768 0.012369 0.012369
1 0.925908 0.556872 0.019022 0.019022
1 0.947392 0.558825 0.019022 0.019022
1 0.492188 0.320312 0.006233 0.006233
1 0.501953 0.265625 0.006233 0.006233
1 0.548828 0.236328 0.006233 0.006233
1 0.673828 0.294922 0.006233 0.006233
1 0.822266 0.255859 0.006233 0.006233
1 0.892578 0.328125 0.006233 0.006233
1 0.830078 0.365234 0.006233 0.006233
1 0.810547 0.382812 0.006233 0.006233
1 0.765625 0.462891 0.006233 0.006233
1 0.751953 0.445312 0.006233 0.006233
1 0.724609 0.462891 0.006233 0.006233
1 0.687500 0.503906 0.006233 0.006233
1 0.701172 0.529297 0.006233 0.006233
1 0.677734 0.560547 0.006233 0.006233
1 0.570312 0.531250 0.006233 0.006233
1 0.550781 0.541016 0.006233 0.006233
1 0.562500 0.507812 0.006233 0.006233
1 0.476689 0.582263 0.019022 0.019022
1 0.478642 0.607653 0.019022 0.019022
1 0.402344 0.390625 0.006233 0.006233
1 0.666142 0.601794 0.019022 0.019022
1 0.937627 0.390857 0.019022 0.019022
1 0.888799 0.480700 0.019022 0.019022
1 0.904424 0.515857 0.019022 0.019022
