1 0.109502 0.699450 0.019022 0.019022
1 0.029424 0.574450 0.019022 0.019022
1 0.091797 0.480469 0.014947 0.014947
1 0.148438 0.382812 0.014947 0.014947
1 0.773564 0.174060 0.019022 0.019022
1 0.140625 0.271484 0.014947 0.014947
1 0.042969 0.240234 0.014947 0.014947
1 0.248047 0.181641 0.014947 0.014947
1 0.968877 0.181872 0.019022 0.019022
1 0.408330 0.129138 0.019022 0.019022
1 0.523438 0.015625 0.014947 0.014947
1 0.953125 0.013672 0.014947 0.014947
1 0.867188 0.002325 0.005831 0.005831
1 0.556641 0.002325 0.005831 0.005831
1 0.363281 0.968750 0.014947 0.014947
1 0.380859 0.734375 0.014947 0.014947
1 0.472656 0.708984 0.014947 0.014947
1 0.164189 0.695544 0.019022 0.019022
1 0.773438 0.660156 0.014947 0.014947
1 0.490361 0.631091 0.019022 0.019022
1 0.187627 0.631091 0.019022 0.019022
1 0.589844 0.623047 0.014947 0.014947
1 0.732549 0.586169 0.019022 0.019022
1 0.136719 0.546875 0.014947 0.014947
1 0.388672 0.509766 0.014947 0.014947
1 0.050781 0.505859 0.014947 0.014947
1 0.042969 0.462891 0.014947 0.014947
1 0.244141 0.437500 0.014947 0.014947
1 0.685547 0.802734 0.014947 0.014947
1 0.671875 0.781250 0.014947 0.014947
1 0.804688 0.755859 0.014947 0.014947
1 0.203125 0.667969 0.014947 0.014947
1 0.441406 0.666016 0.014947 0.014947
1 0.107422 0.607422 0.014947 0.014947
1 0.181641 0.542969 0.014947 0.014947
1 0.810674 0.441638 0.019022 0.019022
1 0.685547 0.431641 0.014947 0.014947
1 0.451172 0.421875 0.014947 0.014947
1 0.335989 0.379237 0.012369 0.012369
1 0.960938 0.335938 0.014947 0.014947
1 0.648489 0.326503 0.012369 0.012369
1 0.492314 0.299060 0.019022 0.019022
1 0.033203 0.296875 0.014947 0.014947
1 0.775517 0.271716 0.019022 0.019022
1 0.234375 0.089844 0.022475 0.022475
1 0.271484 0.240234 0.022475 0.022475
1 0.933645 0.230799 0.012369 0.012369
1 0.607474 0.404628 0.012369 0.012369
1 0.406250 0.816406 0.014947 0.014947
1 0.494141 0.853516 0.014947 0.014947
1 0.955130 0.873378 0.012369 0.012369
1 0.517705 0.884997 0.019022 0.019022
1 0.925833 0.014003 0.012369 0.012369
1 0.376953 0.033203 0.014947 0.014947
1 0.978567 0.037440 0.012369 0.012369
1 0.976562 0.142578 0.014947 0.014947
1 0.722656 0.214844 0.014947 0.014947
1 0.376953 0.228516 0.014947 0.014947
1 0.492239 0.244471 0.012369 0.012369
1 0.863281 0.398438 0.014947 0.014947
1 0.396484 0.339844 0.014947 0.014947
1 0.197266 0.289062 0.014947 0.014947
1 0.111455 0.259997 0.019022 0.019022
1 0.863281 0.117188 0.014947 0.014947
1 0.047002 0.101794 0.019022 0.019022
1 0.638724 0.992518 0.012369 0.012369
1 0.216797 0.968750 0.014947 0.014947
1 0.025391 0.960938 0.014947 0.014947
1 0.193359 0.890625 0.014947 0.014947
1 0.226689 0.734607 0.019022 0.019022
