1 0.406302 0.224940 0.012369 0.012369
1 0.166067 0.265956 0.012369 0.012369
1 0.150442 0.265956 0.012369 0.012369
1 0.222708 0.422206 0.012369 0.012369
1 0.209036 0.435878 0.012369 0.012369
1 0.705130 0.271815 0.012369 0.012369
1 0.968802 0.213221 0.012369 0.012369
1 0.884817 0.306971 0.012369 0.012369
1 0.962942 0.480799 0.012369 0.012369
1 0.976614 0.562831 0.012369 0.012369
1 0.828177 0.572596 0.012369 0.012369
1 0.752005 0.627284 0.012369 0.012369
1 0.800833 0.681971 0.012369 0.012369
1 0.945364 0.836268 0.012369 0.012369
1 0.966849 0.836268 0.012369 0.012369
1 0.873099 0.918299 0.012369 0.012369
1 0.746145 0.853846 0.012369 0.012369
1 0.886770 0.834315 0.012369 0.012369
1 0.322317 0.834315 0.012369 0.012369
1 0.337942 0.846034 0.012369 0.012369
1 0.283255 0.816737 0.012369 0.012369
1 0.300833 0.812831 0.012369 0.012369
1 0.296927 0.832362 0.012369 0.012369
1 0.521536 0.933924 0.012369 0.012369
1 0.650517 0.177966 0.019022 0.019022
1 0.082031 0.730469 0.014947 0.014947
1 0.025391 0.013672 0.014947 0.014947
1 0.375127 0.023669 0.019022 0.019022
1 0.105595 0.064685 0.019022 0.019022
1 0.033203 0.335938 0.014947 0.014947
1 0.287236 0.433825 0.019022 0.019022
1 0.158203 0.443359 0.014947 0.014947
1 0.392630 0.783534 0.012369 0.012369
1 0.027395 0.873378 0.012369 0.012369
1 0.804688 0.873047 0.014947 0.014947
1 0.187552 0.947596 0.012369 0.012369
1 0.300833 0.959315 0.012369 0.012369
1 0.599609 0.957031 0.014947 0.014947
1 0.691458 0.959315 0.012369 0.012369
1 0.589895 0.988612 0.012369 0.012369
1 0.050781 0.037109 0.014947 0.014947
1 0.388799 0.101794 0.019022 0.019022
1 0.193359 0.152344 0.014947 0.014947
1 0.812627 0.156482 0.019022 0.019022
1 0.910283 0.222888 0.019022 0.019022
1 0.005911 0.230799 0.012369 0.012369
1 0.130859 0.328125 0.014947 0.014947
1 0.548880 0.394862 0.012369 0.012369
1 0.314453 0.406250 0.014947 0.014947
1 0.126953 0.548828 0.014947 0.014947
1 0.345755 0.582362 0.012369 0.012369
1 0.550833 0.607753 0.012369 0.012369
1 0.609427 0.633143 0.012369 0.012369
1 0.627005 0.685878 0.012369 0.012369
1 0.328177 0.814784 0.012369 0.012369
1 0.220703 0.097656 0.014947 0.014947
1 0.423828 0.103516 0.014947 0.014947
1 0.048828 0.142578 0.014947 0.014947
1 0.041142 0.181872 0.019022 0.019022
1 0.707031 0.199219 0.014947 0.014947
1 0.991039 0.244351 0.017562 0.017562
1 0.714895 0.418299 0.012369 0.012369
1 0.757812 0.578125 0.014947 0.014947
1 0.933594 0.769531 0.014947 0.014947
1 0.933594 0.796875 0.014947 0.014947
1 0.857474 0.803065 0.012369 0.012369
1 0.701172 0.822266 0.014947 0.014947
1 0.814453 0.048828 0.014947 0.014947
1 0.785156 0.056641 0.014947 0.014947
1 0.767578 0.083984 0.014947 0.014947
1 0.587942 0.109706 0.012369 0.012369
1 0.865234 0.175781 0.014947 0.014947
1 0.859375 0.261719 0.014947 0.014947
1 0.693411 0.287440 0.012369 0.012369
1 0.826224 0.553065 0.012369 0.012369
1 0.793020 0.562831 0.012369 0.012369
1 0.968802 0.613612 0.012369 0.012369
1 0.943411 0.707362 0.012369 0.012369
1 0.980520 0.889003 0.012369 0.012369
