1 0.306641 0.013672 0.014947 0.014947
1 0.912109 0.031250 0.014947 0.014947
1 0.730595 0.035388 0.019022 0.019022
1 0.931641 0.761719 0.006233 0.006233
1 0.314453 0.062500 0.014947 0.014947
1 0.128906 0.732422 0.014947 0.014947
1 0.066406 0.050781 0.014947 0.014947
1 0.958984 0.423828 0.014947 0.014947
1 0.958984 0.406250 0.014947 0.014947
1 0.025391 0.988281 0.014947 0.014947
1 0.832031 0.494141 0.014947 0.014947
1 0.994141 0.384766 0.006233 0.006233
1 0.504033 0.379138 0.019022 0.019022
1 0.625000 0.361328 0.014947 0.014947
1 0.816406 0.359375 0.014947 0.014947
1 0.486328 0.255859 0.014947 0.014947
1 0.750000 0.128906 0.014947 0.014947
1 0.560674 0.109607 0.019022 0.019022
1 0.570312 0.066406 0.014947 0.014947
1 0.328125 0.804688 0.014947 0.014947
1 0.505859 0.941406 0.014947 0.014947
1 0.189453 0.218750 0.014947 0.014947
1 0.369141 0.269531 0.014947 0.014947
1 0.611380 0.314784 0.012369 0.012369
1 0.263672 0.359375 0.014947 0.014947
1 0.072266 0.560547 0.014947 0.014947
1 0.185547 0.591797 0.014947 0.014947
1 0.644531 0.621094 0.014947 0.014947
1 0.291016 0.703125 0.014947 0.014947
1 0.974609 0.863281 0.014947 0.014947
1 0.357422 0.873047 0.014947 0.014947
1 0.628906 0.906250 0.014947 0.014947
1 0.908265 0.993625 0.011345 0.011345
1 0.210938 0.041016 0.014947 0.014947
1 0.636719 0.287109 0.014947 0.014947
1 0.427734 0.345703 0.014947 0.014947
1 0.347656 0.470703 0.014947 0.014947
1 0.556641 0.511719 0.014947 0.014947
1 0.894531 0.597656 0.014947 0.014947
1 0.654297 0.789062 0.014947 0.014947
