1 0.322266 0.425781 0.014947 0.014947
1 0.269658 0.754138 0.019022 0.019022
1 0.035156 0.914062 0.014947 0.014947
1 0.044922 0.402344 0.014947 0.014947
1 0.005911 0.455409 0.012369 0.012369
1 0.210938 0.705078 0.014947 0.014947
1 0.304688 0.845703 0.014947 0.014947
1 0.267578 0.263672 0.014947 0.014947
1 0.556641 0.306641 0.014947 0.014947
1 0.197266 0.429688 0.014947 0.014947
1 0.066406 0.474609 0.014947 0.014947
1 0.107422 0.500000 0.014947 0.014947
1 0.738281 0.513672 0.014947 0.014947
1 0.164062 0.515625 0.014947 0.014947
1 0.314505 0.601893 0.012369 0.012369
1 0.093750 0.658203 0.014947 0.014947
1 0.958984 0.857422 0.014947 0.014947
1 0.767578 0.902344 0.014947 0.014947
1 0.421875 0.925781 0.014947 0.014947
1 0.863281 0.941406 0.014947 0.014947
1 0.361328 0.941406 0.014947 0.014947
1 0.496094 0.113281 0.014947 0.014947
1 0.652344 0.322266 0.014947 0.014947
1 0.591797 0.341797 0.014947 0.014947
1 0.154349 0.361659 0.012369 0.012369
1 0.837891 0.433594 0.014947 0.014947
1 0.847656 0.455078 0.014947 0.014947
1 0.591797 0.537109 0.014947 0.014947
1 0.195312 0.599609 0.014947 0.014947
1 0.302786 0.619471 0.012369 0.012369
1 0.646484 0.675781 0.014947 0.014947
1 0.839895 0.697596 0.012369 0.012369
1 0.876953 0.970703 0.014947 0.014947
1 0.560547 0.025391 0.014947 0.014947
1 0.816406 0.107422 0.014947 0.014947
1 0.814453 0.197266 0.014947 0.014947
1 0.882812 0.361328 0.014947 0.014947
1 0.908203 0.414062 0.014947 0.014947
1 0.964844 0.566406 0.014947 0.014947
1 0.171875 0.687500 0.022475 0.022475
1 0.826224 0.717128 0.012369 0.012369
1 0.162109 0.302734 0.022475 0.022475
1 0.724736 0.381091 0.019022 0.019022
