1 0.369267 0.343982 0.019022 0.019022
1 0.130859 0.533203 0.030378 0.030378
1 0.060547 0.541016 0.014947 0.014947
1 0.343750 0.548828 0.014947 0.014947
1 0.271484 0.550781 0.014947 0.014947
1 0.511770 0.553065 0.012369 0.012369
1 0.218750 0.558594 0.014947 0.014947
1 0.064453 0.562500 0.014947 0.014947
1 0.177734 0.564453 0.014947 0.014947
1 0.162109 0.580078 0.014947 0.014947
1 0.517578 0.580078 0.014947 0.014947
1 0.474609 0.589844 0.014947 0.014947
1 0.392630 0.607753 0.012369 0.012369
1 0.261719 0.611328 0.014947 0.014947
1 0.004738 0.619285 0.011452 0.011452
1 0.128906 0.640625 0.014947 0.014947
1 0.466797 0.662109 0.014947 0.014947
1 0.619141 0.664062 0.014947 0.014947
1 0.277344 0.671875 0.014947 0.014947
1 0.351562 0.673828 0.014947 0.014947
1 0.416016 0.675781 0.014947 0.014947
1 0.480520 0.678065 0.012369 0.012369
1 0.542969 0.681641 0.014947 0.014947
1 0.095755 0.681971 0.012369 0.012369
1 0.396484 0.693359 0.014947 0.014947
1 0.671875 0.703125 0.014947 0.014947
1 0.701172 0.703125 0.014947 0.014947
1 0.777344 0.705078 0.014947 0.014947
1 0.232422 0.707031 0.014947 0.014947
1 0.423828 0.705078 0.014947 0.014947
1 0.349609 0.716797 0.014947 0.014947
1 0.576224 0.713221 0.012369 0.012369
1 0.439453 0.720703 0.014947 0.014947
1 0.535156 0.726562 0.014947 0.014947
1 0.511719 0.728516 0.014947 0.014947
1 0.617188 0.730469 0.014947 0.014947
1 0.761719 0.728516 0.014947 0.014947
1 0.175833 0.724940 0.012369 0.012369
1 0.248047 0.732422 0.014947 0.014947
1 0.371094 0.742188 0.014947 0.014947
1 0.404297 0.746094 0.014947 0.014947
1 0.722656 0.746094 0.014947 0.014947
1 0.570312 0.751953 0.014947 0.014947
1 0.494141 0.757812 0.014947 0.014947
1 0.593750 0.759766 0.014947 0.014947
1 0.148489 0.762049 0.012369 0.012369
1 0.396484 0.769531 0.014947 0.014947
1 0.373047 0.771484 0.014947 0.014947
1 0.246094 0.773438 0.014947 0.014947
1 0.554688 0.773438 0.014947 0.014947
1 0.318411 0.781581 0.012369 0.012369
1 0.572266 0.789062 0.014947 0.014947
1 0.072266 0.791016 0.014947 0.014947
1 0.740234 0.792969 0.014947 0.014947
1 0.832031 0.791016 0.014947 0.014947
1 0.990234 0.792969 0.014947 0.014947
1 0.650391 0.804688 0.014947 0.014947
1 0.189453 0.822266 0.014947 0.014947
1 0.072317 0.832362 0.012369 0.012369
1 0.626953 0.832031 0.014947 0.014947
1 0.746094 0.835938 0.014947 0.014947
1 0.583984 0.837891 0.014947 0.014947
1 0.681692 0.834315 0.012369 0.012369
1 0.871094 0.837891 0.014947 0.014947
1 0.529297 0.841797 0.014947 0.014947
1 0.783203 0.847656 0.014947 0.014947
1 0.066458 0.844081 0.012369 0.012369
1 0.349661 0.859706 0.012369 0.012369
1 0.642578 0.861328 0.014947 0.014947
1 0.078125 0.867188 0.014947 0.014947
1 0.968750 0.867188 0.014947 0.014947
1 0.041016 0.876953 0.014947 0.014947
1 0.457031 0.880859 0.014947 0.014947
1 0.726562 0.880859 0.014947 0.014947
1 0.162109 0.890625 0.014947 0.014947
1 0.537109 0.888672 0.014947 0.014947
1 0.064453 0.890625 0.014947 0.014947
1 0.400442 0.896815 0.012369 0.012369
1 0.583984 0.898438 0.014947 0.014947
1 0.968750 0.919922 0.014947 0.014947
1 0.380859 0.933594 0.014947 0.014947
1 0.605520 0.947596 0.012369 0.012369
1 0.703125 0.947266 0.014947 0.014947
1 0.576172 0.951172 0.014947 0.014947
1 0.224661 0.949549 0.012369 0.012369
1 0.421875 0.957031 0.014947 0.014947
1 0.466849 0.959315 0.012369 0.012369
1 0.652344 0.958984 0.014947 0.014947
1 0.876953 0.962891 0.014947 0.014947
1 0.683594 0.984375 0.014947 0.014947
1 0.486460 0.990111 0.018635 0.018635
1 0.761770 0.988612 0.012369 0.012369
1 0.253906 0.003906 0.006233 0.006233
1 0.152344 0.007812 0.014947 0.014947
1 0.587891 0.011719 0.014947 0.014947
1 0.355469 0.019531 0.014947 0.014947
1 0.427786 0.027674 0.012369 0.012369
1 0.494141 0.027344 0.014947 0.014947
1 0.189453 0.035156 0.014947 0.014947
1 0.076172 0.037109 0.014947 0.014947
1 0.689453 0.041016 0.014947 0.014947
1 0.402344 0.046875 0.014947 0.014947
1 0.210938 0.066406 0.014947 0.014947
1 0.412109 0.068359 0.014947 0.014947
1 0.091797 0.070312 0.014947 0.014947
1 0.328177 0.086268 0.012369 0.012369
1 0.285156 0.091797 0.014947 0.014947
1 0.238333 0.090174 0.012369 0.012369
1 0.419922 0.095703 0.014947 0.014947
1 0.798828 0.103516 0.014947 0.014947
1 0.550781 0.111328 0.014947 0.014947
1 0.259766 0.125000 0.014947 0.014947
1 0.183594 0.132812 0.014947 0.014947
1 0.400391 0.134766 0.014947 0.014947
1 0.060599 0.142909 0.012369 0.012369
1 0.273489 0.142909 0.012369 0.012369
1 0.500052 0.144862 0.012369 0.012369
1 0.736328 0.146484 0.014947 0.014947
1 0.253906 0.150391 0.014947 0.014947
1 0.457031 0.150391 0.014947 0.014947
1 0.984375 0.150391 0.014947 0.014947
1 0.103516 0.158203 0.014947 0.014947
1 0.183645 0.158534 0.012369 0.012369
1 0.062552 0.164393 0.012369 0.012369
1 0.507812 0.175781 0.014947 0.014947
1 0.423880 0.180018 0.012369 0.012369
1 0.818359 0.201172 0.014947 0.014947
1 0.335938 0.201172 0.014947 0.014947
1 0.632864 0.211268 0.012369 0.012369
1 0.466797 0.210938 0.014947 0.014947
1 0.007812 0.214844 0.014947 0.014947
1 0.376953 0.214844 0.014947 0.014947
1 0.744141 0.216797 0.014947 0.014947
1 0.552734 0.232422 0.014947 0.014947
1 0.460938 0.232422 0.014947 0.014947
1 0.345703 0.238281 0.014947 0.014947
1 0.486328 0.240234 0.014947 0.014947
1 0.957031 0.250000 0.014947 0.014947
1 0.156302 0.250331 0.012369 0.012369
1 0.562552 0.250331 0.012369 0.012369
1 0.384766 0.257812 0.014947 0.014947
1 0.341797 0.259766 0.014947 0.014947
1 0.543020 0.265956 0.012369 0.012369
1 0.437500 0.265625 0.014947 0.014947
1 0.513672 0.273438 0.014947 0.014947
1 0.417969 0.285156 0.014947 0.014947
1 0.587891 0.287109 0.014947 0.014947
1 0.943359 0.292969 0.014947 0.014947
1 0.068359 0.296875 0.014947 0.014947
1 0.126953 0.300781 0.014947 0.014947
1 0.734375 0.302734 0.014947 0.014947
1 0.039062 0.314453 0.022475 0.022475
1 0.861328 0.320312 0.014947 0.014947
1 0.812500 0.326172 0.014947 0.014947
1 0.744141 0.332031 0.014947 0.014947
1 0.031302 0.336268 0.012369 0.012369
1 0.427786 0.340174 0.012369 0.012369
1 0.318411 0.338221 0.012369 0.012369
1 0.972656 0.343750 0.014947 0.014947
1 0.345703 0.353516 0.014947 0.014947
1 0.675781 0.353516 0.014947 0.014947
1 0.322317 0.363612 0.012369 0.012369
1 0.623047 0.361328 0.014947 0.014947
1 0.414062 0.371094 0.014947 0.014947
1 0.390625 0.373047 0.014947 0.014947
1 0.298880 0.379237 0.012369 0.012369
1 0.955078 0.380859 0.014947 0.014947
1 0.800781 0.390625 0.014947 0.014947
1 0.865234 0.394531 0.014947 0.014947
1 0.304739 0.390956 0.012369 0.012369
1 0.417969 0.406250 0.014947 0.014947
1 0.716797 0.414062 0.014947 0.014947
1 0.359375 0.414062 0.014947 0.014947
1 0.783203 0.419922 0.014947 0.014947
1 0.505859 0.429688 0.014947 0.014947
1 0.363281 0.441406 0.014947 0.014947
1 0.156250 0.443359 0.014947 0.014947
1 0.673828 0.449219 0.014947 0.014947
1 0.447317 0.453456 0.012369 0.012369
1 0.748047 0.472656 0.014947 0.014947
1 0.337891 0.480469 0.014947 0.014947
1 0.964844 0.478516 0.014947 0.014947
1 0.789062 0.480469 0.014947 0.014947
1 0.070364 0.484706 0.012369 0.012369
1 0.441458 0.490565 0.012369 0.012369
1 0.779297 0.498047 0.014947 0.014947
1 0.914062 0.503906 0.014947 0.014947
1 0.962891 0.503906 0.014947 0.014947
1 0.337942 0.514003 0.012369 0.012369
1 0.406302 0.514003 0.012369 0.012369
1 0.697266 0.513672 0.014947 0.014947
1 0.742188 0.513672 0.014947 0.014947
1 0.654297 0.515625 0.014947 0.014947
1 0.498047 0.525391 0.014947 0.014947
1 0.658203 0.541016 0.014947 0.014947
1 0.724609 0.544922 0.014947 0.014947
1 0.306692 0.562831 0.012369 0.012369
1 0.492188 0.548828 0.014947 0.014947
1 0.832031 0.550781 0.014947 0.014947
1 0.929688 0.552734 0.014947 0.014947
1 0.642578 0.562500 0.014947 0.014947
1 0.703125 0.566406 0.014947 0.014947
1 0.814453 0.580078 0.014947 0.014947
1 0.794922 0.583984 0.014947 0.014947
1 0.958984 0.595703 0.014947 0.014947
1 0.371145 0.609706 0.012369 0.012369
1 0.416016 0.609375 0.014947 0.014947
1 0.724609 0.617188 0.014947 0.014947
1 0.896484 0.634766 0.014947 0.014947
1 0.628906 0.638672 0.014947 0.014947
1 0.308645 0.648768 0.012369 0.012369
1 0.431692 0.644862 0.012369 0.012369
1 0.484375 0.648438 0.014947 0.014947
1 0.675781 0.656250 0.014947 0.014947
1 0.845703 0.673828 0.014947 0.014947
1 0.660156 0.677734 0.014947 0.014947
1 0.457031 0.679688 0.014947 0.014947
1 0.826172 0.695312 0.014947 0.014947
1 0.121145 0.695643 0.012369 0.012369
1 0.921875 0.705078 0.014947 0.014947
1 0.722656 0.708984 0.014947 0.014947
1 0.150442 0.732753 0.012369 0.012369
1 0.988281 0.736328 0.014947 0.014947
1 0.812500 0.744141 0.014947 0.014947
1 0.726562 0.773438 0.014947 0.014947
1 0.693359 0.781250 0.014947 0.014947
1 0.933594 0.806641 0.014947 0.014947
1 0.869192 0.803065 0.012369 0.012369
1 0.750000 0.812500 0.014947 0.014947
1 0.794922 0.816406 0.014947 0.014947
1 0.458984 0.828125 0.014947 0.014947
1 0.824270 0.828456 0.012369 0.012369
1 0.722656 0.843750 0.014947 0.014947
1 0.900442 0.853846 0.012369 0.012369
1 0.931641 0.878906 0.014947 0.014947
1 0.878958 0.898768 0.012369 0.012369
1 0.892578 0.923828 0.014947 0.014947
1 0.816458 0.922206 0.012369 0.012369
1 0.945364 0.969081 0.012369 0.012369
1 0.792969 0.994141 0.006233 0.006233
1 0.763724 0.006190 0.012369 0.012369
1 0.697266 0.009766 0.014947 0.014947
1 0.267630 0.017909 0.012369 0.012369
1 0.988333 0.043299 0.012369 0.012369
1 0.648438 0.044922 0.014947 0.014947
1 0.328125 0.066406 0.014947 0.014947
1 0.841797 0.070312 0.014947 0.014947
1 0.265677 0.074549 0.012369 0.012369
1 0.931641 0.078125 0.014947 0.014947
1 0.378906 0.503906 0.014947 0.014947
1 0.087891 0.496094 0.014947 0.014947
1 0.638672 0.496094 0.014947 0.014947
1 0.234427 0.484706 0.012369 0.012369
1 0.179688 0.482422 0.014947 0.014947
1 0.074219 0.406250 0.014947 0.014947
1 0.175781 0.396484 0.014947 0.014947
1 0.015625 0.398438 0.014947 0.014947
1 0.265625 0.386719 0.022475 0.022475
1 0.437500 0.382812 0.014947 0.014947
1 0.130859 0.371094 0.014947 0.014947
1 0.162109 0.365234 0.014947 0.014947
1 0.031250 0.363281 0.014947 0.014947
1 0.253906 0.359375 0.014947 0.014947
1 0.193359 0.341797 0.014947 0.014947
1 0.513672 0.324219 0.014947 0.014947
1 0.109375 0.310547 0.014947 0.014947
1 0.201172 0.302734 0.014947 0.014947
1 0.169922 0.287109 0.014947 0.014947
1 0.005911 0.236659 0.012369 0.012369
1 0.089844 0.222656 0.014947 0.014947
1 0.208984 0.207031 0.014947 0.014947
1 0.121094 0.126953 0.014947 0.014947
1 0.011719 0.126953 0.014947 0.014947
1 0.224671 0.993625 0.011345 0.011345
1 0.031250 0.986328 0.014947 0.014947
1 0.250000 0.978516 0.014947 0.014947
1 0.722656 0.970703 0.014947 0.014947
1 0.158203 0.958984 0.014947 0.014947
1 0.291016 0.955078 0.014947 0.014947
1 0.078125 0.951172 0.014947 0.014947
1 0.382864 0.951503 0.012369 0.012369
1 0.111328 0.941406 0.014947 0.014947
1 0.494141 0.921875 0.014947 0.014947
1 0.566406 0.919922 0.014947 0.014947
1 0.087891 0.917969 0.014947 0.014947
1 0.144531 0.912109 0.014947 0.014947
1 0.009817 0.910487 0.012369 0.012369
1 0.189453 0.876953 0.014947 0.014947
1 0.207031 0.855469 0.014947 0.014947
1 0.220703 0.833984 0.014947 0.014947
1 0.208984 0.796875 0.014947 0.014947
1 0.064453 0.769531 0.014947 0.014947
1 0.031250 0.726562 0.014947 0.014947
1 0.017578 0.701172 0.014947 0.014947
1 0.775391 0.642578 0.014947 0.014947
1 0.017578 0.636719 0.014947 0.014947
1 0.556641 0.634766 0.014947 0.014947
1 0.208984 0.619141 0.014947 0.014947
1 0.005911 0.437831 0.012369 0.012369
1 0.521484 0.095703 0.022475 0.022475
1 0.755911 0.898768 0.012369 0.012369
1 0.052734 0.464844 0.014947 0.014947
1 0.332031 0.916016 0.030378 0.030378
1 0.445469 0.424038 0.026766 0.026766
1 0.039062 0.064453 0.030378 0.030378
1 0.548985 0.806850 0.026766 0.026766
1 0.011770 0.519862 0.012369 0.012369
1 0.800781 0.080078 0.014947 0.014947
1 0.861328 0.082031 0.014947 0.014947
1 0.916067 0.096034 0.012369 0.012369
1 0.085989 0.111659 0.012369 0.012369
1 0.472656 0.105469 0.014947 0.014947
1 0.636770 0.117518 0.012369 0.012369
1 0.771484 0.115234 0.014947 0.014947
1 0.972656 0.123047 0.014947 0.014947
1 0.341797 0.126953 0.014947 0.014947
1 0.904297 0.142578 0.014947 0.014947
1 0.226614 0.152674 0.012369 0.012369
1 0.388672 0.156250 0.014947 0.014947
1 0.779297 0.160156 0.014947 0.014947
1 0.843750 0.185547 0.014947 0.014947
1 0.591849 0.189784 0.012369 0.012369
1 0.240286 0.201503 0.012369 0.012369
1 0.888672 0.210938 0.014947 0.014947
1 0.988333 0.232753 0.012369 0.012369
1 0.884817 0.232753 0.012369 0.012369
1 0.912109 0.232422 0.014947 0.014947
1 0.857422 0.236328 0.014947 0.014947
1 0.513672 0.238281 0.014947 0.014947
1 0.814505 0.252284 0.012369 0.012369
1 0.775391 0.261719 0.014947 0.014947
1 0.720703 0.275391 0.014947 0.014947
1 0.673955 0.283435 0.019022 0.019022
1 0.923828 0.316406 0.014947 0.014947
1 0.714844 0.337891 0.014947 0.014947
1 0.968750 0.367188 0.014947 0.014947
1 0.988333 0.381190 0.012369 0.012369
1 0.632864 0.392909 0.012369 0.012369
1 0.750000 0.398438 0.014947 0.014947
1 0.980520 0.406581 0.012369 0.012369
1 0.621145 0.410487 0.012369 0.012369
1 0.728516 0.449219 0.014947 0.014947
1 0.910313 0.470913 0.026766 0.026766
1 0.886719 0.496094 0.014947 0.014947
1 0.406302 0.531581 0.012369 0.012369
1 0.986328 0.539062 0.014947 0.014947
1 0.806641 0.548828 0.014947 0.014947
1 0.867239 0.549159 0.012369 0.012369
1 0.990234 0.562500 0.014947 0.014947
1 0.892578 0.601562 0.014947 0.014947
1 0.937552 0.639003 0.012369 0.012369
1 0.847656 0.648438 0.014947 0.014947
1 0.919974 0.924159 0.012369 0.012369
1 0.330078 0.960938 0.022475 0.022475
1 0.877005 0.986659 0.012369 0.012369
1 0.806692 0.006190 0.012369 0.012369
1 0.953125 0.003906 0.006233 0.006233
1 0.638724 0.027674 0.012369 0.012369
1 0.455235 0.084194 0.026766 0.026766
1 0.502080 0.115466 0.019022 0.019022
1 0.957083 0.166346 0.012369 0.012369
1 0.535156 0.250000 0.014947 0.014947
1 0.521484 0.408203 0.006233 0.006233
1 0.962942 0.416346 0.012369 0.012369
1 0.541016 0.570312 0.022475 0.022475
1 0.117314 0.592028 0.019022 0.019022
1 0.453252 0.802966 0.019022 0.019022
1 0.023564 0.832263 0.019022 0.019022
1 0.123047 0.007812 0.014947 0.014947
1 0.521611 0.461169 0.019022 0.019022
1 0.083984 0.466797 0.014947 0.014947
1 0.230469 0.503906 0.014947 0.014947
1 0.607474 0.597987 0.012369 0.012369
1 0.748174 0.607653 0.019022 0.019022
1 0.140625 0.691406 0.014947 0.014947
1 0.783330 0.779528 0.019022 0.019022
1 0.148564 0.793200 0.019022 0.019022
1 0.326299 0.806872 0.019022 0.019022
1 0.294922 0.808594 0.014947 0.014947
1 0.486328 0.839844 0.014947 0.014947
1 0.271611 0.855700 0.019022 0.019022
1 0.388672 0.855469 0.014947 0.014947
1 0.695312 0.863281 0.014947 0.014947
1 0.441533 0.908435 0.019022 0.019022
1 0.914062 0.976562 0.022475 0.022475
1 0.910283 0.023669 0.019022 0.019022
1 0.632812 0.189453 0.014947 0.014947
1 0.339970 0.302966 0.019022 0.019022
1 0.009766 0.335938 0.014947 0.014947
1 0.472656 0.357422 0.014947 0.014947
1 0.783330 0.381091 0.019022 0.019022
1 0.455078 0.474609 0.014947 0.014947
1 0.888799 0.533435 0.019022 0.019022
1 0.437627 0.592028 0.019022 0.019022
1 0.652344 0.628906 0.022475 0.022475
1 0.068411 0.664393 0.012369 0.012369
1 0.394531 0.718750 0.014947 0.014947
1 0.937627 0.726794 0.019022 0.019022
1 0.662236 0.758044 0.019022 0.019022
1 0.337891 0.767578 0.014947 0.014947
1 0.781250 0.892578 0.014947 0.014947
1 0.615234 0.935547 0.014947 0.014947
1 0.781377 0.929919 0.019022 0.019022
1 0.261845 0.047107 0.019022 0.019022
1 0.535283 0.168200 0.019022 0.019022
1 0.244192 0.180018 0.012369 0.012369
1 0.197392 0.232653 0.019022 0.019022
1 0.777395 0.318690 0.012369 0.012369
1 0.556767 0.443591 0.019022 0.019022
1 0.595830 0.498278 0.019022 0.019022
1 0.332083 0.642909 0.012369 0.012369
1 0.210989 0.752284 0.012369 0.012369
1 0.330078 0.855469 0.014947 0.014947
1 0.914189 0.054919 0.019022 0.019022
1 0.970830 0.056872 0.019022 0.019022
1 0.554814 0.080310 0.019022 0.019022
1 0.419922 0.154297 0.014947 0.014947
1 0.205130 0.158534 0.012369 0.012369
1 0.369192 0.172206 0.012369 0.012369
1 0.404297 0.171875 0.014947 0.014947
1 0.560547 0.189453 0.006233 0.006233
1 0.263672 0.210938 0.014947 0.014947
1 0.660208 0.375331 0.012369 0.012369
1 0.058765 0.970906 0.034741 0.034741
1 0.504063 0.068569 0.026766 0.026766
1 0.517705 0.986560 0.019022 0.019022
1 0.072422 0.340053 0.026766 0.026766
