1 0.111328 0.972656 0.014947 0.014947
1 0.228672 0.967007 0.026766 0.026766
1 0.119141 0.888672 0.022475 0.022475
1 0.142705 0.793200 0.019022 0.019022
1 0.089844 0.531250 0.014947 0.014947
1 0.304688 0.478516 0.014947 0.014947
1 0.099609 0.304688 0.014947 0.014947
1 0.335989 0.957362 0.012369 0.012369
1 0.126953 0.933594 0.022475 0.022475
1 0.115234 0.791016 0.014947 0.014947
1 0.492314 0.683825 0.019022 0.019022
1 0.265625 0.507812 0.014947 0.014947
1 0.189580 0.447497 0.019022 0.019022
1 0.050781 0.429688 0.014947 0.014947
1 0.222656 0.363281 0.014947 0.014947
1 0.031250 0.115234 0.014947 0.014947
1 0.318411 0.924159 0.012369 0.012369
1 0.150517 0.920153 0.019022 0.019022
1 0.144583 0.875331 0.012369 0.012369
1 0.154349 0.832362 0.012369 0.012369
1 0.668020 0.822596 0.012369 0.012369
1 0.099609 0.771484 0.014947 0.014947
1 0.179688 0.763672 0.014947 0.014947
1 0.072392 0.666247 0.019022 0.019022
1 0.080078 0.599609 0.014947 0.014947
1 0.337942 0.459315 0.012369 0.012369
1 0.111380 0.246424 0.012369 0.012369
1 0.326172 0.869141 0.014947 0.014947
1 0.203177 0.750331 0.012369 0.012369
1 0.099609 0.658203 0.014947 0.014947
1 0.207188 0.496303 0.026766 0.026766
1 0.271536 0.244471 0.012369 0.012369
1 0.033330 0.199450 0.019022 0.019022
1 0.119267 0.166247 0.019022 0.019022
1 0.097656 0.085938 0.022475 0.022475
1 0.267630 0.076503 0.012369 0.012369
1 0.193486 0.791247 0.019022 0.019022
1 0.248174 0.773669 0.019022 0.019022
1 0.353672 0.750210 0.026766 0.026766
1 0.632864 0.740565 0.012369 0.012369
1 0.177734 0.708984 0.022475 0.022475
1 0.226562 0.699219 0.014947 0.014947
1 0.183594 0.642578 0.014947 0.014947
1 0.259766 0.626953 0.030378 0.030378
1 0.494141 0.617188 0.022475 0.022475
1 0.172002 0.578357 0.019022 0.019022
1 0.390752 0.509997 0.019022 0.019022
1 0.529349 0.482753 0.012369 0.012369
1 0.097656 0.464844 0.014947 0.014947
1 0.127080 0.441638 0.019022 0.019022
1 0.072266 0.361328 0.022475 0.022475
1 0.605595 0.326403 0.019022 0.019022
1 0.048828 0.281250 0.014947 0.014947
1 0.689453 0.263672 0.014947 0.014947
1 0.023594 0.254116 0.026766 0.026766
1 0.080078 0.240234 0.014947 0.014947
1 0.082031 0.126953 0.014947 0.014947
1 0.160156 0.085938 0.014947 0.014947
1 0.101614 0.019862 0.012369 0.012369
1 0.470703 0.910156 0.014947 0.014947
1 0.373047 0.892578 0.014947 0.014947
1 0.341797 0.884766 0.014947 0.014947
1 0.369192 0.779628 0.012369 0.012369
1 0.259766 0.691406 0.014947 0.014947
1 0.312500 0.689453 0.014947 0.014947
1 0.216797 0.623047 0.014947 0.014947
1 0.259766 0.580078 0.014947 0.014947
1 0.162236 0.539294 0.019022 0.019022
1 0.216924 0.527575 0.019022 0.019022
1 0.191458 0.408534 0.012369 0.012369
1 0.406377 0.326403 0.019022 0.019022
1 0.191406 0.310547 0.022475 0.022475
1 0.566533 0.265857 0.019022 0.019022
1 0.263672 0.134766 0.022475 0.022475
1 0.398438 0.927734 0.014947 0.014947
1 0.718802 0.762049 0.012369 0.012369
1 0.250000 0.722656 0.022475 0.022475
1 0.677861 0.703357 0.019022 0.019022
1 0.289189 0.672107 0.019022 0.019022
1 0.310674 0.629138 0.019022 0.019022
1 0.336064 0.615466 0.019022 0.019022
1 0.292969 0.583984 0.014947 0.014947
1 0.250127 0.547107 0.019022 0.019022
1 0.794974 0.463221 0.012369 0.012369
1 0.630859 0.404297 0.014947 0.014947
1 0.673828 0.394531 0.014947 0.014947
1 0.644658 0.191638 0.019022 0.019022
1 0.218750 0.121094 0.014947 0.014947
1 0.191406 0.115234 0.014947 0.014947
1 0.376953 0.083984 0.022475 0.022475
1 0.787236 0.986560 0.019022 0.019022
1 0.740266 0.896516 0.042162 0.042162
1 0.646611 0.843982 0.019022 0.019022
1 0.433594 0.796875 0.014947 0.014947
1 0.427734 0.775391 0.014947 0.014947
1 0.451172 0.755859 0.014947 0.014947
1 0.457031 0.714844 0.014947 0.014947
1 0.843750 0.707031 0.022475 0.022475
1 0.406377 0.695544 0.019022 0.019022
1 0.574270 0.666346 0.012369 0.012369
1 0.410208 0.599940 0.012369 0.012369
1 0.363281 0.574219 0.022475 0.022475
1 0.857549 0.515857 0.019022 0.019022
1 0.341797 0.492188 0.014947 0.014947
1 0.291142 0.443591 0.019022 0.019022
1 0.228642 0.422107 0.019022 0.019022
1 0.388672 0.343750 0.014947 0.014947
1 0.308594 0.345703 0.014947 0.014947
1 0.281377 0.342028 0.019022 0.019022
1 0.335938 0.320312 0.014947 0.014947
1 0.230469 0.310547 0.014947 0.014947
1 0.902470 0.269763 0.019022 0.019022
1 0.293095 0.271716 0.019022 0.019022
1 0.730469 0.232422 0.014947 0.014947
1 0.369141 0.232422 0.014947 0.014947
1 0.302786 0.181971 0.012369 0.012369
1 0.207158 0.174060 0.019022 0.019022
1 0.277344 0.167969 0.014947 0.014947
1 0.334036 0.158534 0.012369 0.012369
1 0.296927 0.129237 0.012369 0.012369
1 0.541016 0.083984 0.014947 0.014947
1 0.855595 0.064685 0.019022 0.019022
1 0.199345 0.066638 0.019022 0.019022
1 0.273489 0.021815 0.012369 0.012369
1 0.226562 0.013672 0.014947 0.014947
1 0.361380 0.015956 0.012369 0.012369
1 0.564453 0.968750 0.014947 0.014947
1 0.638724 0.967128 0.012369 0.012369
1 0.547002 0.945544 0.019022 0.019022
1 0.472783 0.842028 0.019022 0.019022
1 0.709111 0.834216 0.019022 0.019022
1 0.660156 0.800781 0.014947 0.014947
1 0.492344 0.773647 0.026766 0.026766
1 0.562500 0.763672 0.014947 0.014947
1 0.640677 0.767909 0.012369 0.012369
1 0.539062 0.750000 0.014947 0.014947
1 0.427861 0.742419 0.019022 0.019022
1 0.505911 0.728846 0.012369 0.012369
1 0.765625 0.718750 0.014947 0.014947
1 0.707158 0.715075 0.019022 0.019022
1 0.591849 0.705409 0.012369 0.012369
1 0.615234 0.695312 0.014947 0.014947
1 0.543020 0.676112 0.012369 0.012369
1 0.437627 0.640857 0.019022 0.019022
1 0.562552 0.582362 0.012369 0.012369
1 0.527344 0.580078 0.014947 0.014947
1 0.420049 0.570544 0.019022 0.019022
1 0.451224 0.549159 0.012369 0.012369
1 0.490234 0.535156 0.014947 0.014947
1 0.445312 0.513672 0.014947 0.014947
1 0.472656 0.285156 0.014947 0.014947
1 0.416016 0.277344 0.014947 0.014947
1 0.330078 0.230469 0.014947 0.014947
1 0.412161 0.222987 0.012369 0.012369
1 0.386770 0.219081 0.012369 0.012369
1 0.451172 0.210938 0.014947 0.014947
1 0.244267 0.193591 0.019022 0.019022
1 0.466849 0.172206 0.012369 0.012369
1 0.388799 0.166247 0.019022 0.019022
1 0.416016 0.093750 0.014947 0.014947
1 0.423828 0.068359 0.014947 0.014947
1 0.593802 0.068690 0.012369 0.012369
1 0.416016 0.042969 0.014947 0.014947
1 0.244141 0.031250 0.014947 0.014947
1 0.455130 0.021815 0.012369 0.012369
1 0.709036 0.980799 0.012369 0.012369
1 0.800781 0.945312 0.022475 0.022475
1 0.677734 0.935547 0.014947 0.014947
1 0.545049 0.908435 0.019022 0.019022
1 0.744141 0.843750 0.014947 0.014947
1 0.783255 0.838221 0.012369 0.012369
1 0.853516 0.835938 0.022475 0.022475
1 0.759817 0.820643 0.012369 0.012369
1 0.601562 0.767578 0.014947 0.014947
1 0.673828 0.675781 0.014947 0.014947
1 0.464970 0.666247 0.019022 0.019022
1 0.675781 0.619141 0.014947 0.014947
1 0.525391 0.605469 0.014947 0.014947
1 0.541142 0.541247 0.019022 0.019022
1 0.623099 0.527674 0.012369 0.012369
1 0.835938 0.511719 0.014947 0.014947
1 0.619141 0.476562 0.014947 0.014947
1 0.585938 0.457031 0.014947 0.014947
1 0.693359 0.457031 0.014947 0.014947
1 0.636719 0.447266 0.014947 0.014947
1 0.785156 0.408203 0.014947 0.014947
1 0.658203 0.375000 0.014947 0.014947
1 0.468877 0.377185 0.019022 0.019022
1 0.531250 0.375000 0.014947 0.014947
1 0.509817 0.346034 0.012369 0.012369
1 0.544922 0.339844 0.014947 0.014947
1 0.461064 0.338122 0.019022 0.019022
1 0.574219 0.324219 0.014947 0.014947
1 0.539062 0.302734 0.014947 0.014947
1 0.507812 0.300781 0.014947 0.014947
1 0.519531 0.277344 0.014947 0.014947
1 0.650391 0.267578 0.014947 0.014947
1 0.519531 0.250000 0.014947 0.014947
1 0.517578 0.224609 0.014947 0.014947
1 0.611380 0.178065 0.012369 0.012369
1 0.441406 0.167969 0.014947 0.014947
1 0.959036 0.166346 0.012369 0.012369
1 0.562500 0.132812 0.014947 0.014947
1 0.390625 0.134766 0.014947 0.014947
1 0.500052 0.119471 0.012369 0.012369
1 0.564505 0.101893 0.012369 0.012369
1 0.640677 0.086268 0.012369 0.012369
1 0.578177 0.086268 0.012369 0.012369
1 0.441406 0.085938 0.014947 0.014947
1 0.455078 0.052734 0.014947 0.014947
1 0.498047 0.048828 0.014947 0.014947
1 0.529297 0.039062 0.014947 0.014947
1 0.515677 0.031581 0.012369 0.012369
1 0.476614 0.019862 0.012369 0.012369
1 0.748047 0.933594 0.014947 0.014947
1 0.802734 0.871094 0.014947 0.014947
1 0.763672 0.759766 0.014947 0.014947
1 0.984427 0.722987 0.012369 0.012369
1 0.919974 0.715174 0.012369 0.012369
1 0.822266 0.636719 0.014947 0.014947
1 0.839844 0.621094 0.014947 0.014947
1 0.820312 0.611328 0.014947 0.014947
1 0.841797 0.595703 0.014947 0.014947
1 0.722708 0.580409 0.012369 0.012369
1 0.691458 0.545253 0.012369 0.012369
1 0.578252 0.541247 0.019022 0.019022
1 0.798828 0.535156 0.014947 0.014947
1 0.818359 0.500000 0.014947 0.014947
1 0.726562 0.498047 0.014947 0.014947
1 0.666142 0.490466 0.019022 0.019022
1 0.716797 0.474609 0.014947 0.014947
1 0.826224 0.463221 0.012369 0.012369
1 0.875000 0.443359 0.014947 0.014947
1 0.777395 0.428065 0.012369 0.012369
1 0.505986 0.410388 0.019022 0.019022
1 0.693359 0.402344 0.014947 0.014947
1 0.740234 0.341797 0.014947 0.014947
1 0.820364 0.332362 0.012369 0.012369
1 0.798828 0.330078 0.014947 0.014947
1 0.849736 0.306872 0.019022 0.019022
1 0.691458 0.295253 0.012369 0.012369
1 0.843750 0.283203 0.014947 0.014947
1 0.599736 0.271716 0.019022 0.019022
1 0.798880 0.260096 0.012369 0.012369
1 0.835938 0.257812 0.014947 0.014947
1 0.861328 0.242188 0.014947 0.014947
1 0.822317 0.242518 0.012369 0.012369
1 0.669922 0.240234 0.014947 0.014947
1 0.609375 0.228516 0.014947 0.014947
1 0.714895 0.221034 0.012369 0.012369
1 0.751953 0.208984 0.014947 0.014947
1 0.822266 0.201172 0.014947 0.014947
1 0.585938 0.195312 0.014947 0.014947
1 0.541142 0.183825 0.019022 0.019022
1 0.791016 0.181641 0.014947 0.014947
1 0.664114 0.174159 0.012369 0.012369
1 0.744141 0.171875 0.014947 0.014947
1 0.781250 0.164062 0.014947 0.014947
1 0.707031 0.152344 0.014947 0.014947
1 0.623099 0.139003 0.012369 0.012369
1 0.853567 0.123378 0.012369 0.012369
1 0.976614 0.099940 0.012369 0.012369
1 0.744141 0.097656 0.014947 0.014947
1 0.921875 0.093750 0.014947 0.014947
1 0.683645 0.092128 0.012369 0.012369
1 0.937500 0.083984 0.014947 0.014947
1 0.908203 0.078125 0.014947 0.014947
1 0.789062 0.076172 0.022475 0.022475
1 0.681641 0.048828 0.014947 0.014947
1 0.560547 0.017578 0.014947 0.014947
1 0.958984 0.974609 0.014947 0.014947
1 0.990286 0.972987 0.012369 0.012369
1 0.867314 0.904528 0.019022 0.019022
1 0.970703 0.886719 0.014947 0.014947
1 0.833984 0.876953 0.014947 0.014947
1 0.949219 0.863281 0.014947 0.014947
1 0.968750 0.822266 0.014947 0.014947
1 0.888672 0.777344 0.014947 0.014947
1 0.914062 0.751953 0.014947 0.014947
1 0.886719 0.738281 0.014947 0.014947
1 0.953125 0.710938 0.014947 0.014947
1 0.929688 0.677734 0.014947 0.014947
1 0.857422 0.652344 0.014947 0.014947
1 0.982422 0.625000 0.014947 0.014947
1 0.953125 0.601562 0.014947 0.014947
1 0.783203 0.599609 0.014947 0.014947
1 0.884766 0.597656 0.014947 0.014947
1 0.867188 0.587891 0.014947 0.014947
1 0.914062 0.585938 0.014947 0.014947
1 0.822266 0.544922 0.014947 0.014947
1 0.669974 0.541346 0.012369 0.012369
1 0.925781 0.486328 0.014947 0.014947
1 0.648438 0.429688 0.014947 0.014947
1 0.972656 0.417969 0.014947 0.014947
1 0.892578 0.390625 0.014947 0.014947
1 0.732422 0.378906 0.014947 0.014947
1 0.828125 0.371094 0.014947 0.014947
1 0.847708 0.363612 0.012369 0.012369
1 0.771611 0.347888 0.019022 0.019022
1 0.968750 0.339844 0.014947 0.014947
1 0.783203 0.312500 0.014947 0.014947
1 0.880859 0.285156 0.014947 0.014947
1 0.781250 0.283203 0.014947 0.014947
1 0.980469 0.250000 0.014947 0.014947
1 0.875000 0.224609 0.014947 0.014947
1 0.884892 0.189685 0.019022 0.019022
1 0.916016 0.187500 0.014947 0.014947
1 0.931641 0.156250 0.014947 0.014947
1 0.751953 0.121094 0.014947 0.014947
1 0.960938 0.058594 0.014947 0.014947
1 0.955078 0.037109 0.014947 0.014947
1 0.791016 0.015625 0.014947 0.014947
1 0.898594 0.814663 0.026766 0.026766
1 0.978516 0.695312 0.014947 0.014947
1 0.882812 0.656250 0.014947 0.014947
1 0.965000 0.929897 0.026766 0.026766
1 0.802734 0.773438 0.030378 0.030378
