1 0.599609 0.820312 0.014947 0.014947
1 0.541016 0.279297 0.014947 0.014947
1 0.945364 0.215174 0.012369 0.012369
1 0.912109 0.207031 0.014947 0.014947
1 0.771484 0.193359 0.014947 0.014947
1 0.984375 0.152344 0.014947 0.014947
1 0.587891 0.115234 0.014947 0.014947
1 0.890625 0.083984 0.014947 0.014947
1 0.816406 0.572266 0.014947 0.014947
1 0.226562 0.228516 0.014947 0.014947
1 0.634766 0.193359 0.014947 0.014947
1 0.662109 0.099609 0.014947 0.014947
1 0.105469 0.869141 0.014947 0.014947
1 0.607422 0.755859 0.014947 0.014947
1 0.666016 0.412109 0.014947 0.014947
1 0.417969 0.056641 0.014947 0.014947
1 0.382812 0.642578 0.014947 0.014947
1 0.134766 0.525391 0.014947 0.014947
1 0.291067 0.224940 0.012369 0.012369
1 0.279349 0.228846 0.012369 0.012369
1 0.505859 0.863281 0.014947 0.014947
