1 0.445312 0.787109 0.014947 0.014947
1 0.072266 0.630859 0.014947 0.014947
1 0.279297 0.595703 0.014947 0.014947
1 0.957158 0.467028 0.019022 0.019022
1 0.722783 0.980700 0.019022 0.019022
1 0.445312 0.955078 0.014947 0.014947
1 0.257812 0.812500 0.014947 0.014947
1 0.062500 0.738281 0.014947 0.014947
1 0.962891 0.195312 0.014947 0.014947
1 0.322266 0.195312 0.014947 0.014947
1 0.814580 0.150622 0.019022 0.019022
1 0.775517 0.131091 0.019022 0.019022
1 0.470703 0.082031 0.014947 0.014947
1 0.378906 0.070312 0.014947 0.014947
1 0.529424 0.207263 0.019022 0.019022
1 0.937500 0.269531 0.014947 0.014947
1 0.214844 0.279297 0.014947 0.014947
1 0.894531 0.380859 0.014947 0.014947
1 0.945312 0.421875 0.014947 0.014947
1 0.060674 0.463122 0.019022 0.019022
1 0.585938 0.460938 0.014947 0.014947
1 0.726689 0.054919 0.019022 0.019022
1 0.476562 0.853516 0.014947 0.014947
1 0.972656 0.763672 0.014947 0.014947
1 0.693359 0.712891 0.014947 0.014947
1 0.539062 0.656250 0.014947 0.014947
1 0.992239 0.537440 0.012369 0.012369
1 0.951172 0.666016 0.014947 0.014947
1 0.058594 0.500000 0.014947 0.014947
1 0.244141 0.484375 0.014947 0.014947
1 0.935547 0.183594 0.014947 0.014947
1 0.390625 0.851562 0.014947 0.014947
