1 0.238281 0.423828 0.022475 0.022475
1 0.433645 0.445643 0.012369 0.012369
1 0.695439 0.394763 0.019022 0.019022
1 0.978516 0.322266 0.014947 0.014947
1 0.941406 0.242188 0.014947 0.014947
1 0.945312 0.193359 0.014947 0.014947
1 0.533203 0.082031 0.014947 0.014947
1 0.818359 0.066406 0.014947 0.014947
1 0.898489 0.060878 0.012369 0.012369
1 0.220703 0.029297 0.014947 0.014947
1 0.404297 0.004883 0.011662 0.011662
1 0.148438 0.004883 0.011662 0.011662
1 0.683720 0.547107 0.019022 0.019022
1 0.455078 0.191406 0.014947 0.014947
1 0.179688 0.167969 0.014947 0.014947
1 0.085938 0.111328 0.014947 0.014947
1 0.039189 0.062732 0.019022 0.019022
1 0.753906 0.923828 0.014947 0.014947
1 0.640625 0.919922 0.014947 0.014947
1 0.353516 0.867188 0.014947 0.014947
1 0.855520 0.760096 0.012369 0.012369
1 0.257812 0.750000 0.014947 0.014947
1 0.388672 0.730469 0.014947 0.014947
1 0.875000 0.626953 0.014947 0.014947
1 0.189580 0.439685 0.019022 0.019022
1 0.042969 0.304688 0.014947 0.014947
1 0.804814 0.984607 0.019022 0.019022
1 0.253958 0.982753 0.012369 0.012369
1 0.382939 0.703357 0.019022 0.019022
1 0.492188 0.994905 0.010569 0.010569
1 0.173828 0.994905 0.010569 0.010569
1 0.195312 0.832031 0.014947 0.014947
1 0.144658 0.785388 0.019022 0.019022
1 0.160208 0.705409 0.012369 0.012369
1 0.462891 0.757812 0.014947 0.014947
