1 0.253906 0.732422 0.014947 0.014947
1 0.982422 0.080078 0.014947 0.014947
1 0.478516 0.082031 0.014947 0.014947
1 0.787109 0.220703 0.014947 0.014947
1 0.650391 0.080078 0.014947 0.014947
1 0.654297 0.697266 0.014947 0.014947
1 0.656250 0.625000 0.014947 0.014947
1 0.572266 0.986328 0.014947 0.014947
1 0.298955 0.179919 0.019022 0.019022
1 0.222656 0.939453 0.014947 0.014947
1 0.806641 0.894531 0.014947 0.014947
1 0.496094 0.671875 0.014947 0.014947
1 0.353516 0.619141 0.014947 0.014947
1 0.322266 0.488281 0.014947 0.014947
1 0.019531 0.164062 0.014947 0.014947
1 0.291016 0.832031 0.014947 0.014947
1 0.529297 0.810547 0.014947 0.014947
1 0.132812 0.808594 0.014947 0.014947
1 0.410156 0.621094 0.014947 0.014947
1 0.005911 0.240565 0.012369 0.012369
1 0.166016 0.171875 0.014947 0.014947
1 0.078125 0.142578 0.014947 0.014947
1 0.658203 0.982422 0.014947 0.014947
1 0.117188 0.769531 0.014947 0.014947
1 0.082031 0.757812 0.014947 0.014947
1 0.328125 0.974609 0.014947 0.014947
1 0.240234 0.886719 0.014947 0.014947
1 0.021611 0.742419 0.019022 0.019022
1 0.500000 0.880859 0.014947 0.014947
1 0.513672 0.900391 0.014947 0.014947
1 0.980469 0.521484 0.014947 0.014947
