1 0.314453 0.929688 0.014947 0.014947
1 0.978516 0.007812 0.014947 0.014947
1 0.335938 0.421875 0.014947 0.014947
1 0.222656 0.675781 0.014947 0.014947
1 0.054688 0.080078 0.014947 0.014947
1 0.173828 0.083984 0.014947 0.014947
1 0.052734 0.521484 0.014947 0.014947
1 0.732422 0.732422 0.014947 0.014947
1 0.246094 0.878906 0.014947 0.014947
1 0.658203 0.925781 0.014947 0.014947
1 0.431641 0.937500 0.014947 0.014947
1 0.113281 0.128906 0.014947 0.014947
1 0.378906 0.285156 0.014947 0.014947
1 0.669922 0.328125 0.014947 0.014947
1 0.707031 0.517578 0.014947 0.014947
1 0.453125 0.519531 0.014947 0.014947
1 0.669922 0.521484 0.014947 0.014947
1 0.939453 0.625000 0.014947 0.014947
1 0.714844 0.707031 0.014947 0.014947
1 0.677734 0.048828 0.014947 0.014947
1 0.375000 0.113281 0.014947 0.014947
1 0.591797 0.513672 0.014947 0.014947
1 0.628906 0.234375 0.014947 0.014947
1 0.585938 0.222656 0.014947 0.014947
1 0.867188 0.435547 0.014947 0.014947
1 0.496094 0.640625 0.014947 0.014947
1 0.929688 0.253906 0.014947 0.014947
