1 0.375127 0.984607 0.019022 0.019022
1 0.785283 0.400622 0.019022 0.019022
1 0.279297 0.521484 0.014947 0.014947
1 0.029424 0.467028 0.019022 0.019022
1 0.017578 0.421875 0.014947 0.014947
1 0.009766 0.269531 0.014947 0.014947
1 0.695312 0.015625 0.022475 0.022475
1 0.705205 0.250232 0.019022 0.019022
1 0.630859 0.173828 0.014947 0.014947
1 0.769531 0.029297 0.014947 0.014947
1 0.296875 0.644531 0.014947 0.014947
1 0.271484 0.638672 0.014947 0.014947
1 0.064453 0.537109 0.014947 0.014947
1 0.576299 0.367419 0.019022 0.019022
1 0.691406 0.357422 0.014947 0.014947
1 0.349609 0.337891 0.014947 0.014947
1 0.273438 0.324219 0.014947 0.014947
1 0.035156 0.195312 0.014947 0.014947
1 0.345703 0.958984 0.014947 0.014947
1 0.023438 0.666016 0.014947 0.014947
1 0.222656 0.093750 0.014947 0.014947
1 0.007812 0.183594 0.014947 0.014947
1 0.193359 0.220703 0.014947 0.014947
1 0.404297 0.798828 0.014947 0.014947
1 0.412109 0.820312 0.014947 0.014947
1 0.587891 0.990234 0.014947 0.014947
1 0.974736 0.900622 0.019022 0.019022
1 0.462891 0.859375 0.014947 0.014947
1 0.332031 0.777344 0.014947 0.014947
1 0.044922 0.763672 0.014947 0.014947
1 0.636719 0.742188 0.014947 0.014947
1 0.138672 0.736328 0.014947 0.014947
1 0.800908 0.730700 0.019022 0.019022
