1 0.451172 0.861328 0.014947 0.014947
1 0.919922 0.898438 0.014947 0.014947
1 0.382812 0.244141 0.014947 0.014947
1 0.546875 0.017578 0.014947 0.014947
1 0.957031 0.201172 0.014947 0.014947
1 0.960938 0.890625 0.014947 0.014947
1 0.047002 0.900622 0.019022 0.019022
1 0.191406 0.695312 0.014947 0.014947
1 0.964844 0.744141 0.022475 0.022475
1 0.191406 0.810547 0.014947 0.014947
1 0.095703 0.931641 0.014947 0.014947
1 0.318359 0.021484 0.014947 0.014947
1 0.261719 0.066406 0.014947 0.014947
1 0.088017 0.129138 0.019022 0.019022
1 0.179814 0.189685 0.019022 0.019022
1 0.210938 0.320312 0.014947 0.014947
1 0.523564 0.502185 0.019022 0.019022
1 0.388672 0.644531 0.014947 0.014947
1 0.353516 0.019531 0.014947 0.014947
1 0.687552 0.045253 0.012369 0.012369
1 0.449345 0.070544 0.019022 0.019022
1 0.744141 0.105469 0.014947 0.014947
1 0.279349 0.144862 0.012369 0.012369
1 0.326172 0.150391 0.014947 0.014947
1 0.302734 0.156250 0.014947 0.014947
1 0.482422 0.279297 0.014947 0.014947
1 0.543020 0.316737 0.012369 0.012369
1 0.781250 0.328125 0.014947 0.014947
1 0.154297 0.431641 0.014947 0.014947
1 0.535156 0.433594 0.014947 0.014947
1 0.603516 0.521484 0.014947 0.014947
1 0.125052 0.773768 0.012369 0.012369
