1 0.474736 0.084216 0.019022 0.019022
1 0.935547 0.302734 0.014947 0.014947
1 0.955078 0.767578 0.014947 0.014947
1 0.644658 0.402575 0.019022 0.019022
1 0.802734 0.613281 0.014947 0.014947
1 0.099609 0.144531 0.014947 0.014947
1 0.027470 0.388903 0.019022 0.019022
1 0.273438 0.414062 0.014947 0.014947
1 0.318359 0.511719 0.014947 0.014947
1 0.470703 0.564453 0.014947 0.014947
1 0.351562 0.568359 0.014947 0.014947
1 0.150391 0.324219 0.014947 0.014947
1 0.798828 0.695312 0.014947 0.014947
1 0.464844 0.777344 0.014947 0.014947
1 0.595703 0.019531 0.014947 0.014947
1 0.568411 0.178065 0.012369 0.012369
1 0.765625 0.437500 0.014947 0.014947
1 0.691406 0.562500 0.014947 0.014947
1 0.621094 0.750000 0.014947 0.014947
1 0.664114 0.025721 0.012369 0.012369
1 0.869141 0.464844 0.014947 0.014947
1 0.855469 0.525391 0.014947 0.014947
1 0.265752 0.804919 0.019022 0.019022
1 0.105469 0.412109 0.014947 0.014947
1 0.281250 0.488281 0.014947 0.014947
1 0.127005 0.650721 0.012369 0.012369
1 0.085989 0.672206 0.012369 0.012369
1 0.347783 0.672107 0.019022 0.019022
