1 0.759766 0.017578 0.014947 0.014947
1 0.310599 0.732753 0.012369 0.012369
1 0.904297 0.705078 0.014947 0.014947
1 0.894531 0.630859 0.014947 0.014947
1 0.154297 0.619141 0.014947 0.014947
1 0.054688 0.259766 0.014947 0.014947
1 0.658203 0.460938 0.014947 0.014947
1 0.386719 0.609375 0.014947 0.014947
1 0.652344 0.609375 0.014947 0.014947
1 0.251953 0.818359 0.014947 0.014947
1 0.064453 0.757812 0.014947 0.014947
1 0.908255 0.818690 0.012369 0.012369
1 0.408255 0.930018 0.012369 0.012369
1 0.115361 0.974841 0.019022 0.019022
1 0.326299 0.017810 0.019022 0.019022
1 0.773438 0.744141 0.014947 0.014947
1 0.736328 0.511719 0.014947 0.014947
1 0.964970 0.449450 0.019022 0.019022
1 0.708984 0.384766 0.014947 0.014947
1 0.160156 0.289062 0.014947 0.014947
1 0.238281 0.273438 0.014947 0.014947
1 0.816406 0.119141 0.014947 0.014947
1 0.705078 0.056641 0.014947 0.014947
1 0.806641 0.861328 0.014947 0.014947
