1 0.445312 0.044922 0.014947 0.014947
1 0.238281 0.357422 0.014947 0.014947
1 0.406250 0.986328 0.014947 0.014947
1 0.558594 0.140625 0.014947 0.014947
1 0.210938 0.158203 0.014947 0.014947
1 0.982422 0.259766 0.014947 0.014947
1 0.662109 0.285156 0.014947 0.014947
1 0.285156 0.345703 0.014947 0.014947
1 0.291142 0.384997 0.019022 0.019022
1 0.275391 0.439453 0.014947 0.014947
1 0.666016 0.445312 0.014947 0.014947
1 0.085938 0.578125 0.014947 0.014947
1 0.287109 0.593750 0.014947 0.014947
1 0.993501 0.758049 0.011557 0.011557
1 0.017578 0.955078 0.014947 0.014947
1 0.750127 0.256091 0.019022 0.019022
1 0.697266 0.072266 0.030378 0.030378
