1 0.982422 0.957031 0.030378 0.030378
1 0.949219 0.904297 0.030378 0.030378
1 0.836064 0.902575 0.019022 0.019022
1 0.644531 0.703125 0.030378 0.030378
1 0.795049 0.672107 0.019022 0.019022
1 0.791016 0.644531 0.006233 0.006233
1 0.052906 0.550984 0.034741 0.034741
1 0.958984 0.531250 0.030378 0.030378
1 0.816533 0.509997 0.019022 0.019022
1 0.922002 0.474841 0.019022 0.019022
1 0.951299 0.463122 0.019022 0.019022
1 0.537236 0.461169 0.019022 0.019022
1 0.841924 0.453357 0.019022 0.019022
1 0.330078 0.390625 0.014947 0.014947
1 0.699219 0.390625 0.022475 0.022475
1 0.595830 0.324450 0.019022 0.019022
1 0.041142 0.314685 0.019022 0.019022
1 0.388799 0.302966 0.019022 0.019022
1 0.720703 0.248047 0.022475 0.022475
1 0.804739 0.244471 0.012369 0.012369
1 0.279454 0.213100 0.026766 0.026766
1 0.412266 0.199428 0.026766 0.026766
1 0.916016 0.195312 0.022475 0.022475
1 0.869141 0.187500 0.014947 0.014947
1 0.609502 0.172107 0.019022 0.019022
1 0.755911 0.162440 0.012369 0.012369
1 0.345830 0.158435 0.019022 0.019022
1 0.189580 0.144763 0.019022 0.019022
1 0.816533 0.138903 0.019022 0.019022
1 0.890782 0.138882 0.026766 0.026766
1 0.792969 0.125000 0.014947 0.014947
1 0.652470 0.125232 0.019022 0.019022
1 0.804814 0.105700 0.019022 0.019022
1 0.779297 0.078125 0.014947 0.014947
1 0.547032 0.072475 0.026766 0.026766
1 0.613281 0.062500 0.022475 0.022475
1 0.783330 0.054919 0.019022 0.019022
1 0.681767 0.049060 0.019022 0.019022
1 0.783330 0.031482 0.019022 0.019022
1 0.877080 0.980700 0.019022 0.019022
1 0.199219 0.876953 0.014947 0.014947
1 0.718877 0.779528 0.019022 0.019022
1 0.546927 0.726893 0.012369 0.012369
1 0.990286 0.687831 0.012369 0.012369
1 0.709156 0.658406 0.034741 0.034741
1 0.929688 0.556641 0.014947 0.014947
1 0.562657 0.521694 0.026766 0.026766
1 0.923955 0.517810 0.019022 0.019022
1 0.861328 0.500000 0.014947 0.014947
1 0.882812 0.492188 0.014947 0.014947
1 0.505859 0.468750 0.014947 0.014947
1 0.763672 0.464844 0.014947 0.014947
1 0.867239 0.441737 0.012369 0.012369
1 0.847656 0.427734 0.014947 0.014947
1 0.898438 0.412109 0.014947 0.014947
1 0.855469 0.365234 0.014947 0.014947
1 0.111328 0.318359 0.014947 0.014947
1 0.509892 0.312732 0.019022 0.019022
1 0.783203 0.296875 0.014947 0.014947
1 0.207158 0.283435 0.019022 0.019022
1 0.884892 0.258044 0.019022 0.019022
1 0.216954 0.246303 0.026766 0.026766
1 0.806641 0.212891 0.022475 0.022475
1 0.621094 0.146484 0.014947 0.014947
1 0.445312 0.136719 0.022475 0.022475
1 0.724736 0.123278 0.019022 0.019022
1 0.738408 0.078357 0.019022 0.019022
1 0.099736 0.054919 0.019022 0.019022
1 0.203125 0.054688 0.022475 0.022475
1 0.568359 0.044922 0.014947 0.014947
1 0.300833 0.930018 0.012369 0.012369
1 0.142578 0.845703 0.022475 0.022475
1 0.677734 0.822266 0.014947 0.014947
1 0.199219 0.750000 0.014947 0.014947
1 0.765752 0.722888 0.019022 0.019022
1 0.517578 0.667969 0.014947 0.014947
1 0.744141 0.625000 0.014947 0.014947
1 0.785208 0.515956 0.012369 0.012369
1 0.431641 0.488281 0.022475 0.022475
1 0.308594 0.488281 0.022475 0.022475
1 0.787109 0.480469 0.014947 0.014947
1 0.812627 0.476794 0.019022 0.019022
1 0.892578 0.457031 0.014947 0.014947
1 0.021536 0.404628 0.012369 0.012369
1 0.709111 0.355700 0.019022 0.019022
1 0.818359 0.341797 0.014947 0.014947
1 0.726562 0.283203 0.014947 0.014947
1 0.136875 0.273647 0.026766 0.026766
1 0.673828 0.222656 0.014947 0.014947
1 0.390625 0.181641 0.014947 0.014947
1 0.630859 0.109375 0.014947 0.014947
1 0.580078 0.068359 0.014947 0.014947
1 0.148438 0.046875 0.014947 0.014947
1 0.615234 0.021484 0.022475 0.022475
1 0.410283 0.951403 0.019022 0.019022
1 0.990234 0.894531 0.014947 0.014947
1 0.443359 0.888672 0.014947 0.014947
1 0.900517 0.863513 0.019022 0.019022
1 0.244267 0.842028 0.019022 0.019022
1 0.968877 0.834216 0.019022 0.019022
1 0.990234 0.812500 0.014947 0.014947
1 0.691533 0.758044 0.019022 0.019022
1 0.890752 0.754138 0.019022 0.019022
1 0.861380 0.740565 0.012369 0.012369
1 0.267630 0.726893 0.012369 0.012369
1 0.894531 0.673828 0.014947 0.014947
1 0.855469 0.644531 0.014947 0.014947
1 0.845703 0.580078 0.014947 0.014947
1 0.736380 0.480799 0.012369 0.012369
1 0.787236 0.424060 0.019022 0.019022
1 0.599609 0.412109 0.014947 0.014947
1 0.591849 0.349940 0.012369 0.012369
1 0.478567 0.279628 0.012369 0.012369
1 0.679688 0.244141 0.014947 0.014947
1 0.550908 0.217028 0.019022 0.019022
1 0.253906 0.166016 0.022475 0.022475
1 0.539189 0.111560 0.019022 0.019022
1 0.582158 0.109607 0.019022 0.019022
1 0.435547 0.025391 0.014947 0.014947
1 0.107422 0.919922 0.014947 0.014947
1 0.445364 0.863612 0.012369 0.012369
1 0.652470 0.842028 0.019022 0.019022
1 0.863333 0.818690 0.012369 0.012369
1 0.929688 0.798828 0.014947 0.014947
1 0.908203 0.789062 0.014947 0.014947
1 0.804814 0.789294 0.019022 0.019022
1 0.793095 0.715075 0.019022 0.019022
1 0.089895 0.695643 0.012369 0.012369
1 0.417969 0.582031 0.022475 0.022475
1 0.691533 0.519763 0.019022 0.019022
1 0.722656 0.496094 0.014947 0.014947
1 0.644658 0.392810 0.019022 0.019022
1 0.673828 0.375000 0.014947 0.014947
1 0.756031 0.359578 0.034741 0.034741
1 0.642705 0.195544 0.019022 0.019022
1 0.478642 0.191638 0.019022 0.019022
1 0.492314 0.166247 0.019022 0.019022
1 0.476562 0.128906 0.014947 0.014947
1 0.404297 0.109375 0.014947 0.014947
1 0.419922 0.087891 0.014947 0.014947
1 0.453125 0.080078 0.022475 0.022475
1 0.496094 0.078125 0.014947 0.014947
1 0.379033 0.064685 0.019022 0.019022
1 0.170049 0.056872 0.019022 0.019022
1 0.408330 0.025622 0.019022 0.019022
1 0.326299 0.019763 0.019022 0.019022
1 0.088017 0.009997 0.019022 0.019022
1 0.517630 0.988612 0.012369 0.012369
1 0.900517 0.953357 0.019022 0.019022
1 0.578125 0.857422 0.030378 0.030378
1 0.822266 0.833984 0.014947 0.014947
1 0.707031 0.816406 0.014947 0.014947
1 0.759892 0.810778 0.019022 0.019022
1 0.384766 0.796875 0.014947 0.014947
1 0.748047 0.779297 0.014947 0.014947
1 0.322266 0.748047 0.022475 0.022475
1 0.718877 0.732653 0.019022 0.019022
1 0.042969 0.689453 0.022475 0.022475
1 0.013672 0.628906 0.014947 0.014947
1 0.513672 0.623047 0.014947 0.014947
1 0.761845 0.590075 0.019022 0.019022
1 0.289062 0.582031 0.022475 0.022475
1 0.675781 0.582031 0.030378 0.030378
1 0.162109 0.500000 0.030378 0.030378
1 0.548880 0.490565 0.012369 0.012369
1 0.605520 0.467128 0.012369 0.012369
1 0.644658 0.465075 0.019022 0.019022
1 0.603516 0.445312 0.014947 0.014947
1 0.562500 0.441406 0.014947 0.014947
1 0.531377 0.422107 0.019022 0.019022
1 0.394658 0.406482 0.019022 0.019022
1 0.015677 0.385096 0.012369 0.012369
1 0.533255 0.365565 0.012369 0.012369
1 0.412109 0.361328 0.014947 0.014947
1 0.484427 0.324549 0.012369 0.012369
1 0.453252 0.316638 0.019022 0.019022
1 0.222656 0.208984 0.014947 0.014947
1 0.351562 0.134766 0.014947 0.014947
1 0.388672 0.132812 0.014947 0.014947
1 0.347783 0.088122 0.019022 0.019022
1 0.330205 0.049060 0.019022 0.019022
1 0.211064 0.021716 0.019022 0.019022
1 0.252080 0.011950 0.019022 0.019022
1 0.804814 0.929919 0.019022 0.019022
1 0.713017 0.927966 0.019022 0.019022
1 0.755986 0.910388 0.019022 0.019022
1 0.703252 0.865466 0.019022 0.019022
1 0.691406 0.798828 0.014947 0.014947
1 0.562657 0.787319 0.026766 0.026766
1 0.582083 0.676112 0.012369 0.012369
1 0.603642 0.642810 0.019022 0.019022
1 0.566406 0.626953 0.014947 0.014947
1 0.589844 0.615234 0.014947 0.014947
1 0.556641 0.593750 0.014947 0.014947
1 0.494141 0.552734 0.014947 0.014947
1 0.234427 0.484706 0.012369 0.012369
1 0.388799 0.447497 0.019022 0.019022
1 0.511719 0.439453 0.014947 0.014947
1 0.283255 0.398768 0.012369 0.012369
1 0.419922 0.384766 0.014947 0.014947
1 0.363408 0.371325 0.019022 0.019022
1 0.281302 0.346034 0.012369 0.012369
1 0.423955 0.330310 0.019022 0.019022
1 0.341797 0.283203 0.014947 0.014947
1 0.175781 0.281250 0.014947 0.014947
1 0.304814 0.246325 0.019022 0.019022
1 0.357549 0.230700 0.019022 0.019022
1 0.220703 0.185547 0.014947 0.014947
1 0.109375 0.179688 0.014947 0.014947
1 0.195364 0.170253 0.012369 0.012369
1 0.140752 0.168200 0.019022 0.019022
1 0.097708 0.158534 0.012369 0.012369
1 0.254033 0.131091 0.019022 0.019022
1 0.285156 0.128906 0.022475 0.022475
1 0.646611 0.916247 0.019022 0.019022
1 0.607422 0.912109 0.014947 0.014947
1 0.537161 0.904628 0.012369 0.012369
1 0.662236 0.875232 0.019022 0.019022
1 0.047032 0.879116 0.026766 0.026766
1 0.744141 0.871094 0.022475 0.022475
1 0.626953 0.789062 0.014947 0.014947
1 0.224609 0.785156 0.014947 0.014947
1 0.330078 0.773438 0.014947 0.014947
1 0.226562 0.753906 0.014947 0.014947
1 0.584111 0.746325 0.019022 0.019022
1 0.613408 0.732653 0.019022 0.019022
1 0.064453 0.730469 0.014947 0.014947
1 0.453125 0.726562 0.014947 0.014947
1 0.410283 0.679919 0.019022 0.019022
1 0.556641 0.667969 0.014947 0.014947
1 0.338017 0.666247 0.019022 0.019022
1 0.109375 0.666016 0.014947 0.014947
1 0.437627 0.664294 0.019022 0.019022
1 0.662236 0.656482 0.019022 0.019022
1 0.222783 0.638903 0.019022 0.019022
1 0.193359 0.628906 0.014947 0.014947
1 0.255986 0.611560 0.019022 0.019022
1 0.027344 0.605469 0.014947 0.014947
1 0.234375 0.587891 0.014947 0.014947
1 0.537161 0.580409 0.012369 0.012369
1 0.328252 0.580310 0.019022 0.019022
1 0.519531 0.558594 0.014947 0.014947
1 0.380986 0.558825 0.019022 0.019022
1 0.175908 0.543200 0.019022 0.019022
1 0.478516 0.531250 0.014947 0.014947
1 0.127080 0.527575 0.019022 0.019022
1 0.357474 0.523768 0.012369 0.012369
1 0.335989 0.523768 0.012369 0.012369
1 0.255986 0.513903 0.019022 0.019022
1 0.015625 0.480469 0.014947 0.014947
1 0.402344 0.468750 0.014947 0.014947
1 0.279424 0.459216 0.019022 0.019022
1 0.056767 0.443591 0.019022 0.019022
1 0.244267 0.406482 0.019022 0.019022
1 0.078252 0.400622 0.019022 0.019022
1 0.234502 0.375232 0.019022 0.019022
1 0.162236 0.363513 0.019022 0.019022
1 0.318359 0.332031 0.022475 0.022475
1 0.367188 0.267578 0.022475 0.022475
1 0.193359 0.218750 0.014947 0.014947
1 0.119141 0.208984 0.014947 0.014947
1 0.068486 0.209216 0.019022 0.019022
1 0.023438 0.144531 0.014947 0.014947
1 0.091924 0.111560 0.019022 0.019022
1 0.074219 0.041016 0.014947 0.014947
1 0.611328 0.980469 0.014947 0.014947
1 0.314453 0.970703 0.014947 0.014947
1 0.378906 0.966797 0.014947 0.014947
1 0.152470 0.945544 0.019022 0.019022
1 0.431641 0.929688 0.014947 0.014947
1 0.195484 0.929891 0.034741 0.034741
1 0.507939 0.920153 0.019022 0.019022
1 0.091849 0.902674 0.012369 0.012369
1 0.347783 0.886950 0.019022 0.019022
1 0.382939 0.883044 0.019022 0.019022
1 0.160156 0.882812 0.014947 0.014947
1 0.115234 0.880859 0.014947 0.014947
1 0.511719 0.875000 0.014947 0.014947
1 0.474736 0.849841 0.019022 0.019022
1 0.173828 0.832031 0.014947 0.014947
1 0.013672 0.826172 0.014947 0.014947
1 0.336064 0.822497 0.019022 0.019022
1 0.505986 0.814685 0.019022 0.019022
1 0.218802 0.806971 0.012369 0.012369
1 0.111328 0.775391 0.014947 0.014947
1 0.164189 0.773669 0.019022 0.019022
1 0.031250 0.773438 0.014947 0.014947
1 0.044922 0.746094 0.014947 0.014947
1 0.158330 0.720935 0.019022 0.019022
1 0.220830 0.705310 0.019022 0.019022
1 0.013672 0.701172 0.014947 0.014947
1 0.378958 0.607753 0.012369 0.012369
1 0.101562 0.511719 0.014947 0.014947
1 0.033330 0.509997 0.019022 0.019022
1 0.271484 0.083984 0.014947 0.014947
1 0.433594 0.968750 0.014947 0.014947
1 0.183720 0.955310 0.019022 0.019022
1 0.273438 0.943359 0.014947 0.014947
1 0.347656 0.941406 0.022475 0.022475
1 0.017578 0.921875 0.014947 0.014947
1 0.252080 0.896716 0.019022 0.019022
1 0.587891 0.894531 0.014947 0.014947
1 0.417969 0.880859 0.014947 0.014947
1 0.082158 0.828357 0.019022 0.019022
1 0.125000 0.798828 0.014947 0.014947
1 0.464970 0.795153 0.019022 0.019022
1 0.275517 0.789294 0.019022 0.019022
1 0.449345 0.754138 0.019022 0.019022
1 0.084111 0.756091 0.019022 0.019022
1 0.492314 0.748278 0.019022 0.019022
1 0.068486 0.965075 0.019022 0.019022
1 0.382939 0.931872 0.019022 0.019022
1 0.093689 0.625000 0.039301 0.039301
1 0.031377 0.043200 0.019022 0.019022
1 0.697392 0.963122 0.019022 0.019022
1 0.017578 0.009766 0.014947 0.014947
1 0.097783 0.361560 0.019022 0.019022
