1 0.173828 0.798828 0.022475 0.022475
1 0.804688 0.708984 0.022475 0.022475
1 0.968877 0.451403 0.019022 0.019022
1 0.417969 0.287109 0.022475 0.022475
1 0.759766 0.158203 0.022475 0.022475
1 0.298828 0.083984 0.022475 0.022475
1 0.464970 0.009997 0.019022 0.019022
1 0.933720 0.929919 0.019022 0.019022
1 0.402344 0.666016 0.022475 0.022475
1 0.308645 0.631190 0.012369 0.012369
1 0.939453 0.517578 0.014947 0.014947
1 0.906250 0.347656 0.014947 0.014947
1 0.279297 0.332031 0.014947 0.014947
1 0.535156 0.210938 0.022475 0.022475
1 0.254033 0.179919 0.019022 0.019022
1 0.804814 0.133044 0.019022 0.019022
1 0.373047 0.029297 0.014947 0.014947
1 0.722656 0.716797 0.014947 0.014947
1 0.332158 0.638903 0.019022 0.019022
1 0.751953 0.619141 0.014947 0.014947
1 0.687500 0.541016 0.022475 0.022475
1 0.951224 0.537440 0.012369 0.012369
1 0.451172 0.517578 0.014947 0.014947
1 0.195312 0.474609 0.014947 0.014947
1 0.572392 0.299060 0.019022 0.019022
1 0.250000 0.232422 0.022475 0.022475
1 0.437627 0.230700 0.019022 0.019022
1 0.609502 0.127185 0.019022 0.019022
1 0.789114 0.076503 0.012369 0.012369
1 0.679688 0.070312 0.022475 0.022475
1 0.632939 0.947497 0.019022 0.019022
1 0.066533 0.892810 0.019022 0.019022
1 0.988281 0.884766 0.014947 0.014947
1 0.988281 0.814453 0.014947 0.014947
1 0.958984 0.806641 0.014947 0.014947
1 0.064453 0.787109 0.014947 0.014947
1 0.380859 0.550781 0.022475 0.022475
1 0.607422 0.544922 0.022475 0.022475
1 0.359502 0.449450 0.019022 0.019022
1 0.781250 0.341797 0.014947 0.014947
1 0.988281 0.337891 0.014947 0.014947
1 0.363281 0.160156 0.014947 0.014947
1 0.052786 0.137049 0.012369 0.012369
1 0.419922 0.080078 0.022475 0.022475
1 0.203125 0.025391 0.014947 0.014947
1 0.734375 0.980469 0.030378 0.030378
1 0.162109 0.966797 0.014947 0.014947
1 0.812500 0.951172 0.014947 0.014947
1 0.191533 0.910388 0.019022 0.019022
1 0.560547 0.865234 0.014947 0.014947
1 0.908330 0.810778 0.019022 0.019022
1 0.220703 0.792969 0.022475 0.022475
1 0.966797 0.751953 0.022475 0.022475
1 0.279297 0.582031 0.022475 0.022475
1 0.429688 0.556641 0.014947 0.014947
1 0.144658 0.474841 0.019022 0.019022
1 0.292969 0.445312 0.022475 0.022475
1 0.220830 0.402575 0.019022 0.019022
1 0.939580 0.310778 0.019022 0.019022
1 0.101689 0.304919 0.019022 0.019022
1 0.164189 0.236560 0.019022 0.019022
1 0.947266 0.150391 0.014947 0.014947
1 0.072266 0.144531 0.014947 0.014947
1 0.521611 0.980700 0.019022 0.019022
1 0.261719 0.937500 0.014947 0.014947
1 0.494267 0.873278 0.019022 0.019022
1 0.277344 0.808594 0.014947 0.014947
1 0.863281 0.773438 0.014947 0.014947
1 0.517578 0.771484 0.014947 0.014947
1 0.941406 0.728516 0.022475 0.022475
1 0.197266 0.728516 0.022475 0.022475
1 0.183594 0.570312 0.022475 0.022475
1 0.056767 0.566638 0.019022 0.019022
1 0.886719 0.492188 0.014947 0.014947
1 0.611485 0.482632 0.026766 0.026766
1 0.158330 0.435778 0.019022 0.019022
1 0.394531 0.380859 0.022475 0.022475
1 0.064453 0.285156 0.022475 0.022475
1 0.845860 0.256069 0.026766 0.026766
1 0.351562 0.224609 0.030378 0.030378
1 0.726562 0.027344 0.014947 0.014947
1 0.878906 0.007812 0.014947 0.014947
1 0.058645 0.008143 0.012369 0.012369
1 0.390677 0.885096 0.012369 0.012369
1 0.863333 0.472987 0.012369 0.012369
1 0.738281 0.435547 0.014947 0.014947
1 0.833984 0.410156 0.014947 0.014947
1 0.810547 0.406250 0.014947 0.014947
1 0.984375 0.388672 0.014947 0.014947
1 0.982422 0.357422 0.014947 0.014947
1 0.515782 0.338100 0.026766 0.026766
1 0.771536 0.318690 0.012369 0.012369
1 0.027470 0.283435 0.019022 0.019022
1 0.765625 0.273438 0.014947 0.014947
1 0.742188 0.261719 0.014947 0.014947
1 0.777344 0.250000 0.014947 0.014947
1 0.826299 0.230700 0.019022 0.019022
1 0.988281 0.203125 0.014947 0.014947
1 0.072266 0.205078 0.014947 0.014947
1 0.730469 0.193359 0.014947 0.014947
1 0.611328 0.154297 0.014947 0.014947
1 0.888672 0.107422 0.014947 0.014947
1 0.882864 0.080409 0.012369 0.012369
1 0.712891 0.074219 0.014947 0.014947
1 0.986455 0.066638 0.019022 0.019022
1 0.648564 0.066638 0.019022 0.019022
1 0.855469 0.058594 0.014947 0.014947
1 0.828252 0.054919 0.019022 0.019022
1 0.941533 0.049060 0.019022 0.019022
1 0.871145 0.033534 0.012369 0.012369
1 0.781377 0.037341 0.019022 0.019022
1 0.519658 0.033435 0.019022 0.019022
1 0.963017 0.009997 0.019022 0.019022
1 0.187552 0.012049 0.012369 0.012369
1 0.843802 0.006190 0.012369 0.012369
1 0.834036 0.935878 0.012369 0.012369
1 0.957031 0.859375 0.014947 0.014947
1 0.871094 0.826172 0.014947 0.014947
1 0.753958 0.662440 0.012369 0.012369
1 0.716849 0.650721 0.012369 0.012369
1 0.324219 0.601562 0.014947 0.014947
1 0.978516 0.574219 0.014947 0.014947
1 0.951224 0.564784 0.012369 0.012369
1 0.091924 0.556872 0.019022 0.019022
1 0.888799 0.552966 0.019022 0.019022
1 0.744141 0.503906 0.014947 0.014947
1 0.474736 0.463122 0.019022 0.019022
1 0.992239 0.459315 0.012369 0.012369
1 0.560599 0.449549 0.012369 0.012369
1 0.447392 0.451403 0.019022 0.019022
1 0.714844 0.441406 0.014947 0.014947
1 0.822317 0.437831 0.012369 0.012369
1 0.800833 0.435878 0.012369 0.012369
1 0.880986 0.427966 0.019022 0.019022
1 0.578252 0.402575 0.019022 0.019022
1 0.660283 0.383044 0.019022 0.019022
1 0.964844 0.373047 0.014947 0.014947
1 0.832158 0.367419 0.019022 0.019022
1 0.789062 0.365234 0.014947 0.014947
1 0.629033 0.359607 0.019022 0.019022
1 0.404349 0.353846 0.012369 0.012369
1 0.730595 0.328357 0.019022 0.019022
1 0.654424 0.312732 0.019022 0.019022
1 0.238281 0.308594 0.014947 0.014947
1 0.886845 0.295153 0.019022 0.019022
1 0.713017 0.269763 0.019022 0.019022
1 0.814453 0.267578 0.014947 0.014947
1 0.125052 0.264003 0.012369 0.012369
1 0.390752 0.244372 0.019022 0.019022
1 0.302734 0.228516 0.014947 0.014947
1 0.662109 0.222656 0.030378 0.030378
1 0.580205 0.215075 0.019022 0.019022
1 0.458984 0.212891 0.014947 0.014947
1 0.947266 0.207031 0.014947 0.014947
1 0.050781 0.203125 0.014947 0.014947
1 0.755859 0.199219 0.014947 0.014947
1 0.476689 0.185778 0.019022 0.019022
1 0.804814 0.176013 0.019022 0.019022
1 0.418095 0.168200 0.019022 0.019022
1 0.650517 0.160388 0.019022 0.019022
1 0.738281 0.144531 0.014947 0.014947
1 0.902344 0.138672 0.014947 0.014947
1 0.535208 0.135096 0.012369 0.012369
1 0.654424 0.127185 0.019022 0.019022
1 0.683720 0.115466 0.019022 0.019022
1 0.019658 0.109607 0.019022 0.019022
1 0.849736 0.109607 0.019022 0.019022
1 0.447392 0.103747 0.019022 0.019022
1 0.353516 0.097656 0.014947 0.014947
1 0.611455 0.076403 0.019022 0.019022
1 0.367239 0.072596 0.012369 0.012369
1 0.736328 0.068359 0.014947 0.014947
1 0.384817 0.058924 0.012369 0.012369
1 0.017578 0.050781 0.014947 0.014947
1 0.164189 0.051013 0.019022 0.019022
1 0.083984 0.048828 0.014947 0.014947
1 0.750000 0.037109 0.014947 0.014947
1 0.422002 0.031482 0.019022 0.019022
1 0.607549 0.029528 0.019022 0.019022
1 0.447266 0.027344 0.014947 0.014947
1 0.146484 0.027344 0.014947 0.014947
1 0.007812 0.004883 0.011662 0.011662
1 0.833984 0.984375 0.014947 0.014947
1 0.880911 0.982753 0.012369 0.012369
1 0.679739 0.945643 0.012369 0.012369
1 0.693359 0.929688 0.014947 0.014947
1 0.675781 0.910156 0.014947 0.014947
1 0.816406 0.906250 0.014947 0.014947
1 0.886719 0.894531 0.022475 0.022475
1 0.849736 0.867419 0.019022 0.019022
1 0.982422 0.859375 0.014947 0.014947
1 0.914062 0.839844 0.014947 0.014947
1 0.498047 0.833984 0.014947 0.014947
1 0.562500 0.832031 0.014947 0.014947
1 0.457158 0.795153 0.019022 0.019022
1 0.906377 0.767810 0.019022 0.019022
1 0.464895 0.765956 0.012369 0.012369
1 0.865361 0.730700 0.019022 0.019022
1 0.369267 0.724841 0.019022 0.019022
1 0.836064 0.722888 0.019022 0.019022
1 0.910156 0.718750 0.014947 0.014947
1 0.761845 0.717028 0.019022 0.019022
1 0.347656 0.701172 0.014947 0.014947
1 0.742188 0.699219 0.014947 0.014947
1 0.966924 0.693591 0.019022 0.019022
1 0.886719 0.664062 0.014947 0.014947
1 0.638799 0.662341 0.019022 0.019022
1 0.591924 0.654528 0.019022 0.019022
1 0.947392 0.638903 0.019022 0.019022
1 0.033330 0.634997 0.019022 0.019022
1 0.564453 0.632812 0.014947 0.014947
1 0.377005 0.627284 0.012369 0.012369
1 0.197266 0.626953 0.014947 0.014947
1 0.349661 0.611659 0.012369 0.012369
1 0.593750 0.619141 0.022475 0.022475
1 0.923955 0.607653 0.019022 0.019022
1 0.713017 0.599841 0.019022 0.019022
1 0.427734 0.587891 0.014947 0.014947
1 0.750000 0.585938 0.014947 0.014947
1 0.572266 0.580078 0.014947 0.014947
1 0.492188 0.570312 0.014947 0.014947
1 0.832158 0.560778 0.019022 0.019022
1 0.632812 0.560547 0.022475 0.022475
1 0.222708 0.539393 0.012369 0.012369
1 0.988281 0.531250 0.014947 0.014947
1 0.083984 0.529297 0.014947 0.014947
1 0.838017 0.523669 0.019022 0.019022
1 0.783330 0.521716 0.019022 0.019022
1 0.201299 0.517810 0.019022 0.019022
1 0.513799 0.515857 0.019022 0.019022
1 0.105469 0.513672 0.014947 0.014947
1 0.257939 0.508044 0.019022 0.019022
1 0.378906 0.498047 0.014947 0.014947
1 0.652470 0.498278 0.019022 0.019022
1 0.763672 0.486328 0.014947 0.014947
1 0.392578 0.472656 0.014947 0.014947
1 0.332031 0.472656 0.014947 0.014947
1 0.257812 0.470703 0.014947 0.014947
1 0.546875 0.466797 0.014947 0.014947
1 0.019658 0.463122 0.019022 0.019022
1 0.738438 0.467007 0.026766 0.026766
1 0.238281 0.458984 0.014947 0.014947
1 0.214844 0.449219 0.014947 0.014947
1 0.609502 0.449450 0.019022 0.019022
1 0.045049 0.441638 0.019022 0.019022
1 0.335938 0.441406 0.014947 0.014947
1 0.402470 0.437732 0.019022 0.019022
1 0.263799 0.431872 0.019022 0.019022
1 0.175833 0.410487 0.012369 0.012369
1 0.414062 0.406250 0.014947 0.014947
1 0.464970 0.398669 0.019022 0.019022
1 0.027470 0.388903 0.019022 0.019022
1 0.513799 0.386950 0.019022 0.019022
1 0.173828 0.384766 0.014947 0.014947
1 0.730469 0.382812 0.014947 0.014947
1 0.210938 0.376953 0.014947 0.014947
1 0.240361 0.371325 0.019022 0.019022
1 0.478642 0.369372 0.019022 0.019022
1 0.013672 0.361328 0.014947 0.014947
1 0.019531 0.330078 0.014947 0.014947
1 0.341924 0.299060 0.019022 0.019022
1 0.916016 0.281250 0.014947 0.014947
1 0.099609 0.269531 0.014947 0.014947
1 0.285283 0.252185 0.019022 0.019022
1 0.617314 0.248278 0.019022 0.019022
1 0.533203 0.244141 0.014947 0.014947
1 0.476562 0.234375 0.014947 0.014947
1 0.111455 0.224841 0.019022 0.019022
1 0.210989 0.180018 0.012369 0.012369
1 0.105595 0.177966 0.019022 0.019022
1 0.148564 0.166247 0.019022 0.019022
1 0.201172 0.158203 0.014947 0.014947
1 0.293095 0.154528 0.019022 0.019022
1 0.386719 0.150391 0.014947 0.014947
1 0.019658 0.138903 0.019022 0.019022
1 0.267705 0.131091 0.019022 0.019022
1 0.173880 0.127284 0.012369 0.012369
1 0.379033 0.105700 0.019022 0.019022
1 0.083984 0.105469 0.022475 0.022475
1 0.218877 0.090075 0.019022 0.019022
1 0.015625 0.078125 0.014947 0.014947
1 0.097708 0.066737 0.012369 0.012369
1 0.304814 0.017810 0.019022 0.019022
1 0.033203 0.990234 0.014947 0.014947
1 0.205078 0.982422 0.014947 0.014947
1 0.494141 0.980469 0.014947 0.014947
1 0.462891 0.976562 0.014947 0.014947
1 0.988408 0.976794 0.019022 0.019022
1 0.755986 0.947497 0.019022 0.019022
1 0.326172 0.935547 0.014947 0.014947
1 0.304688 0.916016 0.014947 0.014947
1 0.224736 0.902575 0.019022 0.019022
1 0.711064 0.892810 0.019022 0.019022
1 0.650517 0.884997 0.019022 0.019022
1 0.523438 0.873047 0.014947 0.014947
1 0.683750 0.867397 0.026766 0.026766
1 0.748047 0.849609 0.014947 0.014947
1 0.472783 0.849841 0.019022 0.019022
1 0.531250 0.847656 0.014947 0.014947
1 0.136719 0.839844 0.014947 0.014947
1 0.607549 0.838122 0.019022 0.019022
1 0.257812 0.818359 0.014947 0.014947
1 0.044922 0.812500 0.014947 0.014947
1 0.490234 0.806641 0.014947 0.014947
1 0.130986 0.806872 0.019022 0.019022
1 0.339895 0.787440 0.012369 0.012369
1 0.379033 0.779528 0.019022 0.019022
1 0.422002 0.779528 0.019022 0.019022
1 0.666142 0.775622 0.019022 0.019022
1 0.337942 0.764003 0.012369 0.012369
1 0.511845 0.730700 0.019022 0.019022
1 0.259817 0.715174 0.012369 0.012369
1 0.400517 0.711169 0.019022 0.019022
1 0.099661 0.701503 0.012369 0.012369
1 0.240361 0.691638 0.019022 0.019022
1 0.099609 0.671875 0.014947 0.014947
1 0.447392 0.666247 0.019022 0.019022
1 0.349766 0.670132 0.026766 0.026766
1 0.119141 0.660156 0.014947 0.014947
1 0.009766 0.652344 0.014947 0.014947
1 0.156377 0.636950 0.019022 0.019022
1 0.222656 0.626953 0.014947 0.014947
1 0.224609 0.601562 0.014947 0.014947
1 0.160156 0.593750 0.014947 0.014947
1 0.550781 0.574219 0.014947 0.014947
1 0.021611 0.560778 0.019022 0.019022
1 0.125052 0.502284 0.012369 0.012369
1 0.078252 0.437732 0.019022 0.019022
1 0.588017 0.431872 0.019022 0.019022
1 0.062627 0.326403 0.019022 0.019022
1 0.423955 0.322497 0.019022 0.019022
1 0.425908 0.201403 0.019022 0.019022
1 0.281377 0.185778 0.019022 0.019022
1 0.328125 0.962891 0.014947 0.014947
1 0.152344 0.945312 0.014947 0.014947
1 0.089844 0.912109 0.014947 0.014947
1 0.129033 0.902575 0.019022 0.019022
1 0.281377 0.884997 0.019022 0.019022
1 0.107422 0.865234 0.014947 0.014947
1 0.576172 0.791016 0.030378 0.030378
1 0.086064 0.734607 0.019022 0.019022
1 0.119141 0.693359 0.014947 0.014947
1 0.011719 0.673828 0.014947 0.014947
1 0.562672 0.049031 0.034741 0.034741
1 0.437657 0.941616 0.026766 0.026766
