1 0.138724 0.721034 0.012369 0.012369
1 0.474736 0.486560 0.019022 0.019022
1 0.970830 0.314685 0.019022 0.019022
1 0.306797 0.269741 0.026766 0.026766
1 0.494141 0.216797 0.022475 0.022475
1 0.574345 0.922107 0.019022 0.019022
1 0.158203 0.496094 0.022475 0.022475
1 0.777470 0.451403 0.019022 0.019022
1 0.406250 0.382812 0.014947 0.014947
1 0.666016 0.318359 0.022475 0.022475
1 0.525391 0.306641 0.022475 0.022475
1 0.027344 0.191406 0.022475 0.022475
1 0.554688 0.156250 0.014947 0.014947
1 0.295049 0.064685 0.019022 0.019022
1 0.748174 0.791247 0.019022 0.019022
1 0.845830 0.697497 0.019022 0.019022
1 0.412109 0.685547 0.014947 0.014947
1 0.310547 0.560547 0.014947 0.014947
1 0.978687 0.550984 0.034741 0.034741
1 0.843877 0.490466 0.019022 0.019022
1 0.949270 0.404628 0.012369 0.012369
1 0.705205 0.342028 0.019022 0.019022
1 0.015625 0.335938 0.014947 0.014947
1 0.375127 0.291247 0.019022 0.019022
1 0.459111 0.242419 0.019022 0.019022
1 0.039062 0.134766 0.014947 0.014947
1 0.349609 0.128906 0.014947 0.014947
1 0.269658 0.086169 0.019022 0.019022
1 0.638799 0.058825 0.019022 0.019022
1 0.742188 0.960938 0.022475 0.022475
1 0.498047 0.953125 0.022475 0.022475
1 0.646484 0.945312 0.014947 0.014947
1 0.888672 0.871094 0.014947 0.014947
1 0.435547 0.869141 0.014947 0.014947
1 0.904297 0.781250 0.022475 0.022475
1 0.101562 0.775391 0.022475 0.022475
1 0.902344 0.726562 0.014947 0.014947
1 0.818359 0.658203 0.022475 0.022475
1 0.533203 0.593750 0.014947 0.014947
1 0.326224 0.582362 0.012369 0.012369
1 0.412109 0.449219 0.022475 0.022475
1 0.914189 0.390857 0.019022 0.019022
1 0.570312 0.300781 0.022475 0.022475
1 0.658330 0.281482 0.019022 0.019022
1 0.855625 0.254116 0.026766 0.026766
1 0.884766 0.228516 0.022475 0.022475
1 0.554739 0.217128 0.012369 0.012369
1 0.154297 0.136719 0.022475 0.022475
1 0.107422 0.132812 0.014947 0.014947
1 0.871250 0.099819 0.026766 0.026766
1 0.486328 0.066406 0.014947 0.014947
1 0.382864 0.941737 0.012369 0.012369
1 0.408203 0.927734 0.006233 0.006233
1 0.785283 0.888903 0.019022 0.019022
1 0.086064 0.890857 0.019022 0.019022
1 0.808720 0.871325 0.019022 0.019022
1 0.460938 0.865234 0.014947 0.014947
1 0.707031 0.855469 0.022475 0.022475
1 0.507812 0.839844 0.014947 0.014947
1 0.660156 0.791016 0.022475 0.022475
1 0.812627 0.775622 0.019022 0.019022
1 0.970703 0.689453 0.022475 0.022475
1 0.941533 0.629138 0.019022 0.019022
1 0.324219 0.539062 0.014947 0.014947
1 0.222656 0.513672 0.022475 0.022475
1 0.666142 0.506091 0.019022 0.019022
1 0.078125 0.478516 0.022475 0.022475
1 0.396536 0.406581 0.012369 0.012369
1 0.625000 0.398438 0.030378 0.030378
1 0.945364 0.385096 0.012369 0.012369
1 0.029424 0.261950 0.019022 0.019022
1 0.089970 0.258044 0.019022 0.019022
1 0.129063 0.215053 0.026766 0.026766
1 0.220703 0.185547 0.022475 0.022475
1 0.009766 0.132812 0.014947 0.014947
1 0.378906 0.130859 0.022475 0.022475
1 0.523438 0.117188 0.014947 0.014947
1 0.312500 0.101562 0.022475 0.022475
1 0.505859 0.083984 0.014947 0.014947
1 0.335938 0.007812 0.014947 0.014947
1 0.584036 0.992518 0.012369 0.012369
1 0.455078 0.968750 0.022475 0.022475
1 0.238281 0.914062 0.022475 0.022475
1 0.974609 0.878906 0.022475 0.022475
1 0.253906 0.781250 0.022475 0.022475
1 0.312500 0.738281 0.022475 0.022475
1 0.166142 0.732653 0.019022 0.019022
1 0.248174 0.730700 0.019022 0.019022
1 0.500000 0.671875 0.022475 0.022475
1 0.562500 0.667969 0.022475 0.022475
1 0.544922 0.636719 0.022475 0.022475
1 0.955078 0.605469 0.014947 0.014947
1 0.726562 0.585938 0.022475 0.022475
1 0.756016 0.484585 0.026766 0.026766
1 0.584036 0.412440 0.012369 0.012369
1 0.795049 0.406482 0.019022 0.019022
1 0.769583 0.361659 0.012369 0.012369
1 0.847656 0.339844 0.022475 0.022475
1 0.839844 0.304688 0.022475 0.022475
1 0.765625 0.279297 0.014947 0.014947
1 0.818359 0.275391 0.014947 0.014947
1 0.500000 0.269531 0.030378 0.030378
1 0.004738 0.263817 0.011452 0.011452
1 0.295049 0.170153 0.019022 0.019022
1 0.871094 0.154297 0.014947 0.014947
1 0.900391 0.150391 0.014947 0.014947
1 0.771611 0.125232 0.019022 0.019022
1 0.658255 0.113612 0.012369 0.012369
1 0.047002 0.086169 0.019022 0.019022
1 0.798955 0.074450 0.019022 0.019022
1 0.369141 0.076172 0.014947 0.014947
1 0.908330 0.070544 0.019022 0.019022
1 0.857422 0.060547 0.022475 0.022475
1 0.675781 0.048828 0.014947 0.014947
1 0.900517 0.041247 0.019022 0.019022
1 0.847783 0.029528 0.019022 0.019022
1 0.662109 0.027344 0.014947 0.014947
1 0.164189 0.027575 0.019022 0.019022
1 0.703252 0.025622 0.019022 0.019022
1 0.484502 0.015857 0.019022 0.019022
1 0.759892 0.013903 0.019022 0.019022
1 0.552734 0.009766 0.014947 0.014947
1 0.658203 0.006329 0.014452 0.014452
1 0.310547 0.966797 0.022475 0.022475
1 0.031250 0.919922 0.022475 0.022475
1 0.474609 0.902344 0.022475 0.022475
1 0.351689 0.881091 0.019022 0.019022
1 0.912109 0.865234 0.014947 0.014947
1 0.875000 0.847656 0.014947 0.014947
1 0.402500 0.765835 0.026766 0.026766
1 0.365361 0.769763 0.019022 0.019022
1 0.570312 0.744141 0.014947 0.014947
1 0.990234 0.730469 0.014947 0.014947
1 0.857422 0.720703 0.014947 0.014947
1 0.792969 0.570312 0.014947 0.014947
1 0.775517 0.539294 0.019022 0.019022
1 0.900391 0.527344 0.014947 0.014947
1 0.515677 0.517909 0.012369 0.012369
1 0.337891 0.517578 0.014947 0.014947
1 0.804814 0.515857 0.019022 0.019022
1 0.961064 0.509997 0.019022 0.019022
1 0.564580 0.492419 0.019022 0.019022
1 0.941533 0.480700 0.019022 0.019022
1 0.812500 0.449219 0.014947 0.014947
1 0.853642 0.435778 0.019022 0.019022
1 0.753958 0.435878 0.012369 0.012369
1 0.349736 0.414294 0.019022 0.019022
1 0.765752 0.404528 0.019022 0.019022
1 0.476614 0.402674 0.012369 0.012369
1 0.834111 0.394763 0.019022 0.019022
1 0.156250 0.394531 0.014947 0.014947
1 0.281407 0.396694 0.026766 0.026766
1 0.746145 0.381190 0.012369 0.012369
1 0.560547 0.373047 0.014947 0.014947
1 0.447317 0.361659 0.012369 0.012369
1 0.609502 0.357653 0.019022 0.019022
1 0.400391 0.355469 0.014947 0.014947
1 0.431641 0.337891 0.014947 0.014947
1 0.267630 0.328456 0.012369 0.012369
1 0.896611 0.326403 0.019022 0.019022
1 0.463017 0.326403 0.019022 0.019022
1 0.418095 0.312732 0.019022 0.019022
1 0.761845 0.308825 0.019022 0.019022
1 0.912109 0.300781 0.014947 0.014947
1 0.691533 0.302966 0.019022 0.019022
1 0.787109 0.292969 0.014947 0.014947
1 0.896484 0.281250 0.014947 0.014947
1 0.216797 0.273438 0.030378 0.030378
1 0.164062 0.269531 0.022475 0.022475
1 0.335938 0.253906 0.014947 0.014947
1 0.898438 0.253906 0.014947 0.014947
1 0.675781 0.248047 0.014947 0.014947
1 0.711064 0.242419 0.019022 0.019022
1 0.806767 0.232653 0.019022 0.019022
1 0.685547 0.224609 0.014947 0.014947
1 0.931641 0.218750 0.014947 0.014947
1 0.722783 0.205310 0.019022 0.019022
1 0.584111 0.189685 0.019022 0.019022
1 0.917969 0.187500 0.022475 0.022475
1 0.894583 0.172206 0.012369 0.012369
1 0.761845 0.172107 0.019022 0.019022
1 0.652470 0.164294 0.019022 0.019022
1 0.242188 0.160156 0.014947 0.014947
1 0.599736 0.150622 0.019022 0.019022
1 0.929688 0.148438 0.014947 0.014947
1 0.742314 0.146716 0.019022 0.019022
1 0.951172 0.144531 0.014947 0.014947
1 0.097708 0.109706 0.012369 0.012369
1 0.476562 0.105469 0.014947 0.014947
1 0.357549 0.099841 0.019022 0.019022
1 0.626953 0.089844 0.014947 0.014947
1 0.097783 0.082263 0.019022 0.019022
1 0.421875 0.076172 0.014947 0.014947
1 0.341797 0.072266 0.014947 0.014947
1 0.453125 0.068359 0.014947 0.014947
1 0.029297 0.058594 0.014947 0.014947
1 0.525391 0.054688 0.014947 0.014947
1 0.056767 0.052966 0.019022 0.019022
1 0.335938 0.048828 0.014947 0.014947
1 0.511719 0.035156 0.014947 0.014947
1 0.218750 0.019531 0.022475 0.022475
1 0.955078 0.974609 0.030378 0.030378
1 0.843802 0.928065 0.012369 0.012369
1 0.369267 0.847888 0.019022 0.019022
1 0.683645 0.838221 0.012369 0.012369
1 0.941533 0.826403 0.019022 0.019022
1 0.703177 0.820643 0.012369 0.012369
1 0.798955 0.806872 0.019022 0.019022
1 0.523438 0.792969 0.014947 0.014947
1 0.839844 0.781250 0.014947 0.014947
1 0.959111 0.773669 0.019022 0.019022
1 0.797002 0.754138 0.019022 0.019022
1 0.972656 0.746094 0.014947 0.014947
1 0.718877 0.744372 0.019022 0.019022
1 0.570312 0.714844 0.014947 0.014947
1 0.941406 0.699219 0.014947 0.014947
1 0.785283 0.666247 0.019022 0.019022
1 0.759892 0.666247 0.019022 0.019022
1 0.632939 0.656482 0.019022 0.019022
1 0.587891 0.625000 0.022475 0.022475
1 0.222656 0.617188 0.014947 0.014947
1 0.908203 0.613281 0.014947 0.014947
1 0.425908 0.613513 0.019022 0.019022
1 0.466924 0.613513 0.019022 0.019022
1 0.754033 0.605700 0.019022 0.019022
1 0.560547 0.603516 0.014947 0.014947
1 0.894531 0.595703 0.014947 0.014947
1 0.355469 0.587891 0.014947 0.014947
1 0.867314 0.580310 0.019022 0.019022
1 0.490361 0.570544 0.019022 0.019022
1 0.517578 0.566406 0.014947 0.014947
1 0.431641 0.556641 0.014947 0.014947
1 0.541142 0.552966 0.019022 0.019022
1 0.822392 0.549060 0.019022 0.019022
1 0.931767 0.543200 0.019022 0.019022
1 0.410156 0.541016 0.014947 0.014947
1 0.078252 0.529528 0.019022 0.019022
1 0.556767 0.523669 0.019022 0.019022
1 0.443486 0.519763 0.019022 0.019022
1 0.876953 0.517578 0.014947 0.014947
1 0.851562 0.515625 0.014947 0.014947
1 0.718750 0.513672 0.022475 0.022475
1 0.400517 0.509997 0.019022 0.019022
1 0.439453 0.480469 0.014947 0.014947
1 0.248099 0.471034 0.012369 0.012369
1 0.183594 0.472656 0.014947 0.014947
1 0.509892 0.467028 0.019022 0.019022
1 0.361328 0.445312 0.014947 0.014947
1 0.984502 0.443591 0.019022 0.019022
1 0.142578 0.443359 0.014947 0.014947
1 0.277395 0.439784 0.012369 0.012369
1 0.550781 0.427734 0.014947 0.014947
1 0.708984 0.423828 0.022475 0.022475
1 0.199345 0.414294 0.019022 0.019022
1 0.066533 0.408435 0.019022 0.019022
1 0.507939 0.404528 0.019022 0.019022
1 0.123174 0.381091 0.019022 0.019022
1 0.246094 0.373047 0.014947 0.014947
1 0.673828 0.357422 0.014947 0.014947
1 0.646484 0.357422 0.014947 0.014947
1 0.505986 0.351794 0.019022 0.019022
1 0.156377 0.347888 0.019022 0.019022
1 0.921875 0.345703 0.014947 0.014947
1 0.212891 0.300781 0.014947 0.014947
1 0.543095 0.281482 0.019022 0.019022
1 0.626953 0.271484 0.014947 0.014947
1 0.271484 0.263672 0.014947 0.014947
1 0.607549 0.236560 0.019022 0.019022
1 0.193486 0.220935 0.019022 0.019022
1 0.425908 0.220935 0.019022 0.019022
1 0.308720 0.220935 0.019022 0.019022
1 0.992239 0.209315 0.012369 0.012369
1 0.642705 0.197497 0.019022 0.019022
1 0.359502 0.191638 0.019022 0.019022
1 0.423828 0.189453 0.014947 0.014947
1 0.154424 0.185778 0.019022 0.019022
1 0.355469 0.160156 0.014947 0.014947
1 0.306641 0.134766 0.014947 0.014947
1 0.279424 0.115466 0.019022 0.019022
1 0.396611 0.095935 0.019022 0.019022
1 0.742188 0.076172 0.022475 0.022475
1 0.291142 0.023669 0.019022 0.019022
1 0.691406 0.988281 0.014947 0.014947
1 0.130911 0.961268 0.012369 0.012369
1 0.857474 0.945643 0.012369 0.012369
1 0.103516 0.941406 0.014947 0.014947
1 0.904297 0.925781 0.022475 0.022475
1 0.537236 0.926013 0.019022 0.019022
1 0.945312 0.921875 0.022475 0.022475
1 0.750000 0.917969 0.014947 0.014947
1 0.693359 0.902344 0.014947 0.014947
1 0.736328 0.896484 0.014947 0.014947
1 0.564453 0.890625 0.014947 0.014947
1 0.687552 0.883143 0.012369 0.012369
1 0.638799 0.877185 0.019022 0.019022
1 0.546927 0.871424 0.012369 0.012369
1 0.677786 0.857753 0.012369 0.012369
1 0.263843 0.849812 0.034741 0.034741
1 0.482474 0.842128 0.012369 0.012369
1 0.601689 0.838122 0.019022 0.019022
1 0.414189 0.816638 0.019022 0.019022
1 0.369267 0.812732 0.019022 0.019022
1 0.451299 0.808825 0.019022 0.019022
1 0.476562 0.792969 0.014947 0.014947
1 0.506016 0.773647 0.026766 0.026766
1 0.486328 0.757812 0.014947 0.014947
1 0.754033 0.734607 0.019022 0.019022
1 0.500000 0.730469 0.014947 0.014947
1 0.423955 0.724841 0.019022 0.019022
1 0.814453 0.728516 0.030378 0.030378
1 0.228516 0.703125 0.014947 0.014947
1 0.501953 0.703125 0.014947 0.014947
1 0.539062 0.699219 0.014947 0.014947
1 0.603642 0.677966 0.019022 0.019022
1 0.236380 0.633143 0.012369 0.012369
1 0.015752 0.634997 0.019022 0.019022
1 0.775391 0.623047 0.014947 0.014947
1 0.203252 0.572497 0.019022 0.019022
1 0.031377 0.570544 0.019022 0.019022
1 0.144658 0.545153 0.019022 0.019022
1 0.240361 0.541247 0.019022 0.019022
1 0.505859 0.539062 0.014947 0.014947
1 0.121220 0.472888 0.019022 0.019022
1 0.216924 0.472888 0.019022 0.019022
1 0.306767 0.447497 0.019022 0.019022
1 0.023564 0.437732 0.019022 0.019022
1 0.099736 0.427966 0.019022 0.019022
1 0.160156 0.419922 0.014947 0.014947
1 0.095830 0.375232 0.019022 0.019022
1 0.058720 0.334216 0.019022 0.019022
1 0.626953 0.328125 0.022475 0.022475
1 0.232422 0.091797 0.014947 0.014947
1 0.369141 0.990234 0.014947 0.014947
1 0.992239 0.965174 0.012369 0.012369
1 0.896611 0.965075 0.019022 0.019022
1 0.679814 0.963122 0.019022 0.019022
1 0.562500 0.955078 0.014947 0.014947
1 0.132812 0.941406 0.014947 0.014947
1 0.084111 0.924060 0.019022 0.019022
1 0.050781 0.890625 0.014947 0.014947
1 0.304739 0.887049 0.012369 0.012369
1 0.382939 0.875232 0.019022 0.019022
1 0.201299 0.867419 0.019022 0.019022
1 0.154297 0.857422 0.014947 0.014947
1 0.138672 0.835938 0.014947 0.014947
1 0.338017 0.824450 0.019022 0.019022
1 0.285283 0.818591 0.019022 0.019022
1 0.634892 0.816638 0.019022 0.019022
1 0.236455 0.814685 0.019022 0.019022
1 0.203252 0.812732 0.019022 0.019022
1 0.111328 0.804688 0.014947 0.014947
1 0.164189 0.781482 0.019022 0.019022
1 0.613408 0.779528 0.019022 0.019022
1 0.339844 0.765625 0.014947 0.014947
1 0.863281 0.753906 0.022475 0.022475
1 0.281377 0.754138 0.019022 0.019022
1 0.078125 0.753906 0.014947 0.014947
1 0.195312 0.697266 0.014947 0.014947
1 0.347656 0.695312 0.022475 0.022475
1 0.031377 0.687732 0.019022 0.019022
1 0.304814 0.672107 0.019022 0.019022
1 0.392705 0.634997 0.019022 0.019022
1 0.064580 0.631091 0.019022 0.019022
1 0.148438 0.625000 0.022475 0.022475
1 0.027470 0.523669 0.019022 0.019022
1 0.226614 0.988612 0.012369 0.012369
1 0.199345 0.972888 0.019022 0.019022
1 0.107474 0.963221 0.012369 0.012369
1 0.273564 0.949450 0.019022 0.019022
1 0.058594 0.937500 0.014947 0.014947
1 0.179688 0.923828 0.014947 0.014947
1 0.181692 0.898768 0.012369 0.012369
1 0.150442 0.879237 0.012369 0.012369
1 0.111328 0.871094 0.014947 0.014947
1 0.173955 0.820544 0.019022 0.019022
1 0.199345 0.758044 0.019022 0.019022
1 0.228687 0.226766 0.034741 0.034741
1 0.958984 0.041016 0.014947 0.014947
1 0.042969 0.006329 0.014452 0.014452
1 0.226734 0.672078 0.034741 0.034741
1 0.082031 0.962891 0.014947 0.014947
