1 0.164114 0.990565 0.012369 0.012369
1 0.386845 0.881091 0.019022 0.019022
1 0.566533 0.834216 0.019022 0.019022
1 0.554814 0.754138 0.019022 0.019022
1 0.964844 0.628906 0.022475 0.022475
1 0.607549 0.480700 0.019022 0.019022
1 0.989874 0.422064 0.018505 0.018505
1 0.970755 0.402674 0.012369 0.012369
1 0.732422 0.341797 0.014947 0.014947
1 0.494297 0.293178 0.026766 0.026766
1 0.822392 0.287341 0.019022 0.019022
1 0.550908 0.279528 0.019022 0.019022
1 0.769658 0.209216 0.019022 0.019022
1 0.949219 0.191406 0.022475 0.022475
1 0.906250 0.171875 0.022475 0.022475
1 0.302734 0.130859 0.014947 0.014947
1 0.181641 0.060547 0.014947 0.014947
1 0.808720 0.031482 0.019022 0.019022
1 0.875000 0.011719 0.022475 0.022475
1 0.232422 0.013672 0.022475 0.022475
1 0.189453 0.980469 0.014947 0.014947
1 0.869267 0.810778 0.019022 0.019022
1 0.742188 0.482422 0.014947 0.014947
1 0.916142 0.429919 0.019022 0.019022
1 0.812500 0.367188 0.006233 0.006233
1 0.656377 0.213122 0.019022 0.019022
1 0.794974 0.207362 0.012369 0.012369
1 0.560674 0.109607 0.019022 0.019022
1 0.427734 0.099609 0.014947 0.014947
1 0.587891 0.777344 0.014947 0.014947
1 0.580078 0.652344 0.014947 0.014947
1 0.248174 0.629138 0.019022 0.019022
1 0.570312 0.537109 0.022475 0.022475
1 0.167969 0.539062 0.014947 0.014947
1 0.587891 0.439453 0.014947 0.014947
1 0.798828 0.414062 0.014947 0.014947
1 0.127080 0.398669 0.019022 0.019022
1 0.679688 0.351562 0.014947 0.014947
1 0.658203 0.253906 0.030378 0.030378
1 0.943486 0.234607 0.019022 0.019022
1 0.054814 0.218982 0.019022 0.019022
1 0.585989 0.195643 0.012369 0.012369
1 0.117314 0.131091 0.019022 0.019022
1 0.482422 0.070312 0.022475 0.022475
1 0.437627 0.058825 0.019022 0.019022
1 0.730595 0.011950 0.019022 0.019022
1 0.169922 0.935547 0.014947 0.014947
1 0.654424 0.933825 0.019022 0.019022
1 0.115286 0.920253 0.012369 0.012369
1 0.117239 0.887049 0.012369 0.012369
1 0.353516 0.720703 0.022475 0.022475
1 0.214844 0.707031 0.014947 0.014947
1 0.099736 0.648669 0.019022 0.019022
1 0.390752 0.535388 0.019022 0.019022
1 0.984502 0.468982 0.019022 0.019022
1 0.408203 0.451172 0.022475 0.022475
1 0.099736 0.394763 0.019022 0.019022
1 0.871094 0.373047 0.022475 0.022475
1 0.037109 0.369141 0.022475 0.022475
1 0.271484 0.328125 0.014947 0.014947
1 0.031250 0.191406 0.014947 0.014947
1 0.394531 0.117188 0.022475 0.022475
1 0.976562 0.113281 0.022475 0.022475
1 0.390752 0.045153 0.019022 0.019022
1 0.357549 0.019763 0.019022 0.019022
1 0.908330 0.965075 0.019022 0.019022
1 0.849609 0.957031 0.014947 0.014947
1 0.029297 0.910156 0.022475 0.022475
1 0.900391 0.886719 0.014947 0.014947
1 0.638672 0.751953 0.014947 0.014947
1 0.285156 0.718750 0.022475 0.022475
1 0.666016 0.707031 0.014947 0.014947
1 0.187627 0.574450 0.019022 0.019022
1 0.056641 0.482422 0.014947 0.014947
1 0.835989 0.371424 0.012369 0.012369
1 0.488408 0.363513 0.019022 0.019022
1 0.404297 0.255859 0.022475 0.022475
1 0.054688 0.166016 0.014947 0.014947
1 0.916067 0.144862 0.012369 0.012369
1 0.619297 0.072475 0.026766 0.026766
1 0.978516 0.974609 0.014947 0.014947
1 0.128906 0.966797 0.014947 0.014947
1 0.974609 0.927734 0.022475 0.022475
1 0.802734 0.849609 0.022475 0.022475
1 0.127125 0.834187 0.034741 0.034741
1 0.783203 0.822266 0.014947 0.014947
1 0.556641 0.621094 0.022475 0.022475
1 0.089970 0.572497 0.019022 0.019022
1 0.472813 0.550991 0.026766 0.026766
1 0.689453 0.525391 0.022475 0.022475
1 0.482422 0.484375 0.014947 0.014947
1 0.763724 0.467128 0.012369 0.012369
1 0.847656 0.351562 0.014947 0.014947
1 0.849609 0.326172 0.014947 0.014947
1 0.170079 0.181850 0.026766 0.026766
1 0.835938 0.150391 0.014947 0.014947
1 0.752005 0.137049 0.012369 0.012369
1 0.980469 0.083984 0.014947 0.014947
1 0.841797 0.072266 0.006233 0.006233
1 0.748204 0.052944 0.026766 0.026766
1 0.718877 0.884997 0.019022 0.019022
1 0.607549 0.845935 0.019022 0.019022
1 0.712942 0.812831 0.012369 0.012369
1 0.525391 0.775391 0.014947 0.014947
1 0.246094 0.744141 0.014947 0.014947
1 0.660156 0.576172 0.014947 0.014947
1 0.949219 0.544922 0.014947 0.014947
1 0.847783 0.506091 0.019022 0.019022
1 0.083984 0.476562 0.014947 0.014947
1 0.648594 0.474819 0.026766 0.026766
1 0.716797 0.472656 0.014947 0.014947
1 0.669922 0.402344 0.014947 0.014947
1 0.947266 0.386719 0.014947 0.014947
1 0.767630 0.369471 0.012369 0.012369
1 0.955205 0.357653 0.019022 0.019022
1 0.779349 0.355799 0.012369 0.012369
1 0.707083 0.344081 0.012369 0.012369
1 0.373047 0.285156 0.022475 0.022475
1 0.875052 0.281581 0.012369 0.012369
1 0.375052 0.258143 0.012369 0.012369
1 0.287109 0.251953 0.006233 0.006233
1 0.869267 0.250232 0.019022 0.019022
1 0.980625 0.236538 0.026766 0.026766
1 0.439453 0.224609 0.014947 0.014947
1 0.906377 0.220935 0.019022 0.019022
1 0.529235 0.224609 0.039301 0.039301
1 0.724736 0.215075 0.019022 0.019022
1 0.562552 0.207362 0.012369 0.012369
1 0.255859 0.166016 0.030378 0.030378
1 0.865234 0.144531 0.014947 0.014947
1 0.753906 0.107422 0.014947 0.014947
1 0.781250 0.103516 0.014947 0.014947
1 0.345755 0.074549 0.012369 0.012369
1 0.922002 0.066638 0.019022 0.019022
1 0.357422 0.050781 0.014947 0.014947
1 0.281250 0.050781 0.014947 0.014947
1 0.523489 0.047206 0.012369 0.012369
1 0.886845 0.041247 0.019022 0.019022
1 0.759766 0.027344 0.014947 0.014947
1 0.468877 0.881091 0.019022 0.019022
1 0.943359 0.828125 0.014947 0.014947
1 0.242188 0.718750 0.014947 0.014947
1 0.939580 0.699450 0.019022 0.019022
1 0.583984 0.683594 0.014947 0.014947
1 0.955078 0.671875 0.014947 0.014947
1 0.537161 0.625331 0.012369 0.012369
1 0.787048 0.603516 0.039301 0.039301
1 0.638672 0.587891 0.014947 0.014947
1 0.715015 0.576375 0.034741 0.034741
1 0.793095 0.568591 0.019022 0.019022
1 0.673880 0.558924 0.012369 0.012369
1 0.080078 0.546875 0.014947 0.014947
1 0.191458 0.537440 0.012369 0.012369
1 0.269583 0.529628 0.012369 0.012369
1 0.253958 0.515956 0.012369 0.012369
1 0.921875 0.500000 0.014947 0.014947
1 0.208984 0.494141 0.014947 0.014947
1 0.861328 0.478516 0.014947 0.014947
1 0.837942 0.476893 0.012369 0.012369
1 0.220703 0.470703 0.014947 0.014947
1 0.958984 0.462891 0.014947 0.014947
1 0.871094 0.458984 0.014947 0.014947
1 0.250000 0.453125 0.014947 0.014947
1 0.441406 0.449219 0.014947 0.014947
1 0.205130 0.439784 0.012369 0.012369
1 0.841924 0.422107 0.019022 0.019022
1 0.884892 0.410388 0.019022 0.019022
1 0.162109 0.398438 0.014947 0.014947
1 0.511845 0.396716 0.019022 0.019022
1 0.339970 0.373278 0.019022 0.019022
1 0.644531 0.351562 0.014947 0.014947
1 0.603642 0.345935 0.019022 0.019022
1 0.955205 0.306872 0.019022 0.019022
1 0.664062 0.300781 0.014947 0.014947
1 0.713017 0.297107 0.019022 0.019022
1 0.685547 0.287109 0.014947 0.014947
1 0.226689 0.289294 0.019022 0.019022
1 0.254033 0.285388 0.019022 0.019022
1 0.336064 0.281482 0.019022 0.019022
1 0.787236 0.263903 0.019022 0.019022
1 0.920049 0.263903 0.019022 0.019022
1 0.447266 0.251953 0.014947 0.014947
1 0.752080 0.242419 0.019022 0.019022
1 0.830205 0.236560 0.019022 0.019022
1 0.636719 0.230469 0.014947 0.014947
1 0.158330 0.222888 0.019022 0.019022
1 0.320439 0.217028 0.019022 0.019022
1 0.484502 0.205310 0.019022 0.019022
1 0.843877 0.199450 0.019022 0.019022
1 0.541142 0.189685 0.019022 0.019022
1 0.396484 0.175781 0.014947 0.014947
1 0.302861 0.176013 0.019022 0.019022
1 0.427861 0.170153 0.019022 0.019022
1 0.818411 0.164393 0.012369 0.012369
1 0.468802 0.164393 0.012369 0.012369
1 0.027344 0.152344 0.014947 0.014947
1 0.376953 0.154297 0.014947 0.014947
1 0.654424 0.140857 0.019022 0.019022
1 0.042969 0.130859 0.014947 0.014947
1 0.068359 0.125000 0.014947 0.014947
1 0.236328 0.125000 0.022475 0.022475
1 0.660283 0.099841 0.019022 0.019022
1 0.173828 0.095703 0.014947 0.014947
1 0.515752 0.088122 0.019022 0.019022
1 0.330078 0.089844 0.014947 0.014947
1 0.054688 0.054688 0.014947 0.014947
1 0.130911 0.043299 0.012369 0.012369
1 0.486328 0.041016 0.014947 0.014947
1 0.667969 0.035156 0.014947 0.014947
1 0.588017 0.029528 0.019022 0.019022
1 0.545049 0.031482 0.019022 0.019022
1 0.638672 0.021484 0.022475 0.022475
1 0.533203 0.980469 0.006233 0.006233
1 0.300908 0.947497 0.019022 0.019022
1 0.308594 0.925781 0.014947 0.014947
1 0.787161 0.926112 0.012369 0.012369
1 0.724609 0.912109 0.014947 0.014947
1 0.671875 0.906250 0.014947 0.014947
1 0.443359 0.878906 0.014947 0.014947
1 0.742188 0.871094 0.014947 0.014947
1 0.931692 0.867518 0.012369 0.012369
1 0.878906 0.857422 0.014947 0.014947
1 0.716849 0.849940 0.012369 0.012369
1 0.927786 0.846034 0.012369 0.012369
1 0.822392 0.820544 0.019022 0.019022
1 0.533203 0.802734 0.014947 0.014947
1 0.007864 0.791346 0.012369 0.012369
1 0.949270 0.787440 0.012369 0.012369
1 0.882864 0.779628 0.012369 0.012369
1 0.750000 0.767578 0.014947 0.014947
1 0.697392 0.767810 0.019022 0.019022
1 0.138672 0.759766 0.014947 0.014947
1 0.929814 0.742419 0.019022 0.019022
1 0.410208 0.738612 0.012369 0.012369
1 0.681767 0.736560 0.019022 0.019022
1 0.728642 0.726794 0.019022 0.019022
1 0.984502 0.718982 0.019022 0.019022
1 0.882812 0.718750 0.014947 0.014947
1 0.437627 0.709216 0.019022 0.019022
1 0.834111 0.695544 0.019022 0.019022
1 0.529297 0.695312 0.014947 0.014947
1 0.789189 0.687732 0.019022 0.019022
1 0.388799 0.676013 0.019022 0.019022
1 0.677734 0.669922 0.014947 0.014947
1 0.931641 0.664062 0.014947 0.014947
1 0.888799 0.664294 0.019022 0.019022
1 0.601562 0.662109 0.014947 0.014947
1 0.338017 0.638903 0.019022 0.019022
1 0.461064 0.633044 0.019022 0.019022
1 0.404424 0.631091 0.019022 0.019022
1 0.705205 0.625232 0.019022 0.019022
1 0.312500 0.619141 0.014947 0.014947
1 0.892705 0.609607 0.019022 0.019022
1 0.285156 0.607422 0.014947 0.014947
1 0.439580 0.597888 0.019022 0.019022
1 0.271484 0.591797 0.014947 0.014947
1 0.406377 0.592028 0.019022 0.019022
1 0.597656 0.583984 0.014947 0.014947
1 0.968802 0.560878 0.012369 0.012369
1 0.435674 0.529528 0.019022 0.019022
1 0.351719 0.531460 0.026766 0.026766
1 0.541016 0.515625 0.014947 0.014947
1 0.816533 0.508044 0.019022 0.019022
1 0.277395 0.510096 0.012369 0.012369
1 0.091797 0.505859 0.014947 0.014947
1 0.367314 0.500232 0.019022 0.019022
1 0.566533 0.496325 0.019022 0.019022
1 0.900391 0.490234 0.014947 0.014947
1 0.423828 0.484375 0.022475 0.022475
1 0.035208 0.480799 0.012369 0.012369
1 0.232422 0.435547 0.014947 0.014947
1 0.093750 0.427734 0.014947 0.014947
1 0.253906 0.425781 0.014947 0.014947
1 0.738281 0.406250 0.014947 0.014947
1 0.371220 0.398669 0.019022 0.019022
1 0.164062 0.373047 0.014947 0.014947
1 0.007812 0.369141 0.014947 0.014947
1 0.382939 0.355700 0.019022 0.019022
1 0.328125 0.330078 0.022475 0.022475
1 0.443486 0.322497 0.019022 0.019022
1 0.211064 0.320544 0.019022 0.019022
1 0.086064 0.312732 0.019022 0.019022
1 0.455205 0.283435 0.019022 0.019022
1 0.619267 0.271716 0.019022 0.019022
1 0.232549 0.236560 0.019022 0.019022
1 0.033255 0.234706 0.012369 0.012369
1 0.101562 0.207031 0.014947 0.014947
1 0.349736 0.195544 0.019022 0.019022
1 0.070312 0.185547 0.014947 0.014947
1 0.105469 0.181641 0.014947 0.014947
1 0.130859 0.154297 0.014947 0.014947
1 0.523564 0.140857 0.019022 0.019022
1 0.568359 0.136719 0.022475 0.022475
1 0.460938 0.123047 0.014947 0.014947
1 0.023438 0.105469 0.014947 0.014947
1 0.007812 0.091797 0.014947 0.014947
1 0.029297 0.062500 0.014947 0.014947
1 0.078125 0.060547 0.014947 0.014947
1 0.107422 0.048828 0.014947 0.014947
1 0.273564 0.019763 0.019022 0.019022
1 0.140752 0.019763 0.019022 0.019022
1 0.074219 0.015625 0.014947 0.014947
1 0.091849 0.988612 0.012369 0.012369
1 0.478642 0.968982 0.019022 0.019022
1 0.820364 0.965174 0.012369 0.012369
1 0.740234 0.953125 0.022475 0.022475
1 0.677734 0.951172 0.014947 0.014947
1 0.136719 0.931641 0.014947 0.014947
1 0.164062 0.912109 0.014947 0.014947
1 0.703177 0.908534 0.012369 0.012369
1 0.837891 0.904297 0.022475 0.022475
1 0.547002 0.902575 0.019022 0.019022
1 0.939453 0.894531 0.014947 0.014947
1 0.873047 0.884766 0.014947 0.014947
1 0.195364 0.883143 0.012369 0.012369
1 0.619267 0.879138 0.019022 0.019022
1 0.175833 0.875331 0.012369 0.012369
1 0.068359 0.873047 0.014947 0.014947
1 0.009817 0.863612 0.012369 0.012369
1 0.013724 0.842128 0.012369 0.012369
1 0.515752 0.830310 0.019022 0.019022
1 0.289189 0.824450 0.019022 0.019022
1 0.912109 0.818359 0.014947 0.014947
1 0.013724 0.814784 0.012369 0.012369
1 0.931641 0.800781 0.014947 0.014947
1 0.630986 0.801013 0.019022 0.019022
1 0.463017 0.801013 0.019022 0.019022
1 0.400517 0.791247 0.019022 0.019022
1 0.187500 0.798828 0.030378 0.030378
1 0.806767 0.783435 0.019022 0.019022
1 0.343877 0.775622 0.019022 0.019022
1 0.115234 0.771484 0.014947 0.014947
1 0.277344 0.765625 0.014947 0.014947
1 0.070364 0.760096 0.012369 0.012369
1 0.197266 0.728516 0.014947 0.014947
1 0.515625 0.716797 0.014947 0.014947
1 0.904424 0.701403 0.019022 0.019022
1 0.486455 0.699450 0.019022 0.019022
1 0.134892 0.687732 0.019022 0.019022
1 0.347783 0.681872 0.019022 0.019022
1 0.031250 0.640625 0.014947 0.014947
1 0.992239 0.621424 0.012369 0.012369
1 0.021484 0.615234 0.014947 0.014947
1 0.945364 0.601893 0.012369 0.012369
1 0.353642 0.586169 0.019022 0.019022
1 0.228642 0.574450 0.019022 0.019022
1 0.033330 0.574450 0.019022 0.019022
1 0.587891 0.523438 0.014947 0.014947
1 0.773438 0.517578 0.030378 0.030378
1 0.041016 0.505859 0.014947 0.014947
1 0.234427 0.488612 0.012369 0.012369
1 0.070312 0.435547 0.014947 0.014947
1 0.306767 0.427966 0.019022 0.019022
1 0.365361 0.322497 0.019022 0.019022
1 0.033203 0.318359 0.022475 0.022475
1 0.048880 0.990565 0.012369 0.012369
1 0.709036 0.988612 0.012369 0.012369
1 0.406250 0.984375 0.014947 0.014947
1 0.324219 0.984375 0.022475 0.022475
1 0.769658 0.968982 0.019022 0.019022
1 0.593750 0.957031 0.014947 0.014947
1 0.044922 0.955078 0.014947 0.014947
1 0.621220 0.951403 0.019022 0.019022
1 0.541142 0.949450 0.019022 0.019022
1 0.363281 0.941406 0.014947 0.014947
1 0.461064 0.927966 0.019022 0.019022
1 0.242314 0.906482 0.019022 0.019022
1 0.341924 0.892810 0.019022 0.019022
1 0.254033 0.869372 0.019022 0.019022
1 0.058720 0.816638 0.019022 0.019022
1 0.218877 0.781482 0.019022 0.019022
1 0.083984 0.775391 0.014947 0.014947
1 0.013672 0.740234 0.014947 0.014947
1 0.462891 0.453125 0.014947 0.014947
1 0.230595 0.947497 0.019022 0.019022
1 0.336064 0.945544 0.019022 0.019022
1 0.154329 0.330110 0.042162 0.042162
1 0.541016 0.006329 0.014452 0.014452
