1 0.833923 0.960938 0.039301 0.039301
1 0.724609 0.941406 0.014947 0.014947
1 0.818359 0.498047 0.022475 0.022475
1 0.818531 0.447469 0.034741 0.034741
1 0.341797 0.425781 0.022475 0.022475
1 0.726689 0.910388 0.019022 0.019022
1 0.539062 0.869141 0.014947 0.014947
1 0.914062 0.222656 0.022475 0.022475
1 0.918125 0.031460 0.026766 0.026766
1 0.845860 0.031460 0.026766 0.026766
1 0.253906 0.800781 0.022475 0.022475
1 0.908203 0.640625 0.014947 0.014947
1 0.441533 0.480700 0.019022 0.019022
1 0.689580 0.439685 0.019022 0.019022
1 0.800781 0.226562 0.014947 0.014947
1 0.589970 0.205310 0.019022 0.019022
1 0.031250 0.173828 0.014947 0.014947
1 0.234502 0.162341 0.019022 0.019022
1 0.683645 0.096034 0.012369 0.012369
1 0.490234 0.099609 0.022475 0.022475
1 0.746094 0.091797 0.014947 0.014947
1 0.668125 0.050991 0.026766 0.026766
1 0.763799 0.033435 0.019022 0.019022
1 0.306641 0.802734 0.022475 0.022475
1 0.986380 0.756190 0.012369 0.012369
1 0.382939 0.738513 0.019022 0.019022
1 0.638799 0.724841 0.019022 0.019022
1 0.197392 0.699450 0.019022 0.019022
1 0.898489 0.668299 0.012369 0.012369
1 0.505859 0.597656 0.022475 0.022475
1 0.859427 0.566737 0.012369 0.012369
1 0.857422 0.503906 0.014947 0.014947
1 0.902344 0.498047 0.022475 0.022475
1 0.718750 0.496094 0.022475 0.022475
1 0.748047 0.468750 0.022475 0.022475
1 0.601562 0.468750 0.014947 0.014947
1 0.773564 0.433825 0.019022 0.019022
1 0.238281 0.431641 0.022475 0.022475
1 0.519583 0.406581 0.012369 0.012369
1 0.892578 0.376953 0.014947 0.014947
1 0.769583 0.340174 0.012369 0.012369
1 0.461094 0.261928 0.026766 0.026766
1 0.804688 0.158203 0.014947 0.014947
1 0.019531 0.150391 0.014947 0.014947
1 0.679688 0.128906 0.014947 0.014947
1 0.896611 0.068591 0.019022 0.019022
1 0.718750 0.009766 0.014947 0.014947
1 0.251953 0.991718 0.014452 0.014452
1 0.916142 0.912341 0.019022 0.019022
1 0.679688 0.863281 0.014947 0.014947
1 0.705078 0.822266 0.022475 0.022475
1 0.734375 0.705078 0.014947 0.014947
1 0.380986 0.640857 0.019022 0.019022
1 0.334111 0.634997 0.019022 0.019022
1 0.945439 0.566638 0.019022 0.019022
1 0.246094 0.353516 0.022475 0.022475
1 0.021484 0.324219 0.014947 0.014947
1 0.332158 0.324450 0.019022 0.019022
1 0.828125 0.283203 0.022475 0.022475
1 0.132812 0.195312 0.022475 0.022475
1 0.353516 0.115234 0.022475 0.022475
1 0.593750 0.111328 0.022475 0.022475
1 0.783330 0.978747 0.019022 0.019022
1 0.593750 0.976562 0.014947 0.014947
1 0.431641 0.958984 0.022475 0.022475
1 0.607422 0.957031 0.014947 0.014947
1 0.974609 0.947266 0.022475 0.022475
1 0.414062 0.914062 0.014947 0.014947
1 0.958984 0.843750 0.022475 0.022475
1 0.185674 0.767810 0.019022 0.019022
1 0.880911 0.740565 0.012369 0.012369
1 0.580078 0.730469 0.022475 0.022475
1 0.404297 0.724609 0.014947 0.014947
1 0.470830 0.615466 0.019022 0.019022
1 0.607579 0.584194 0.026766 0.026766
1 0.345703 0.523438 0.014947 0.014947
1 0.210938 0.472656 0.022475 0.022475
1 0.886770 0.351893 0.012369 0.012369
1 0.486328 0.306641 0.022475 0.022475
1 0.507939 0.259997 0.019022 0.019022
1 0.130859 0.070312 0.014947 0.014947
1 0.058750 0.074428 0.026766 0.026766
1 0.724736 0.047107 0.019022 0.019022
1 0.554688 0.986328 0.014947 0.014947
1 0.539062 0.941406 0.022475 0.022475
1 0.103642 0.884997 0.019022 0.019022
1 0.611380 0.707362 0.012369 0.012369
1 0.726562 0.429688 0.022475 0.022475
1 0.972656 0.412109 0.014947 0.014947
1 0.804739 0.357753 0.012369 0.012369
1 0.759892 0.308825 0.019022 0.019022
1 0.990234 0.222656 0.014947 0.014947
1 0.964844 0.218750 0.014947 0.014947
1 0.919922 0.189453 0.014947 0.014947
1 0.808594 0.183594 0.014947 0.014947
1 0.648438 0.167969 0.006233 0.006233
1 0.906377 0.105700 0.019022 0.019022
1 0.976562 0.103516 0.014947 0.014947
1 0.267735 0.095913 0.026766 0.026766
1 0.730520 0.076503 0.012369 0.012369
1 0.707031 0.058594 0.014947 0.014947
1 0.609502 0.060778 0.019022 0.019022
1 0.986380 0.053065 0.012369 0.012369
1 0.875000 0.042969 0.014947 0.014947
1 0.230469 0.042969 0.030378 0.030378
1 0.695312 0.031250 0.014947 0.014947
1 0.992239 0.029628 0.012369 0.012369
1 0.937552 0.006190 0.012369 0.012369
1 0.492188 0.902344 0.022475 0.022475
1 0.214844 0.886719 0.014947 0.014947
1 0.130859 0.744141 0.022475 0.022475
1 0.732422 0.675781 0.014947 0.014947
1 0.859375 0.646484 0.014947 0.014947
1 0.972656 0.644531 0.014947 0.014947
1 0.941406 0.642578 0.014947 0.014947
1 0.992239 0.601893 0.012369 0.012369
1 0.802861 0.592028 0.019022 0.019022
1 0.757864 0.590174 0.012369 0.012369
1 0.974609 0.580078 0.014947 0.014947
1 0.972656 0.554688 0.014947 0.014947
1 0.873047 0.535156 0.014947 0.014947
1 0.923955 0.519763 0.019022 0.019022
1 0.957031 0.435547 0.014947 0.014947
1 0.838017 0.420153 0.019022 0.019022
1 0.591924 0.404528 0.019022 0.019022
1 0.875000 0.400391 0.014947 0.014947
1 0.351689 0.377185 0.019022 0.019022
1 0.992239 0.367518 0.012369 0.012369
1 0.513672 0.339844 0.014947 0.014947
1 0.037161 0.338221 0.012369 0.012369
1 0.660283 0.334216 0.019022 0.019022
1 0.537109 0.328125 0.014947 0.014947
1 0.841797 0.332031 0.030378 0.030378
1 0.123047 0.316406 0.022475 0.022475
1 0.517578 0.312500 0.014947 0.014947
1 0.546927 0.308924 0.012369 0.012369
1 0.859502 0.295153 0.019022 0.019022
1 0.933594 0.285156 0.014947 0.014947
1 0.707031 0.271484 0.014947 0.014947
1 0.859502 0.250232 0.019022 0.019022
1 0.767705 0.248278 0.019022 0.019022
1 0.535156 0.248047 0.014947 0.014947
1 0.734375 0.242188 0.014947 0.014947
1 0.664114 0.232753 0.012369 0.012369
1 0.216924 0.224841 0.019022 0.019022
1 0.531377 0.217028 0.019022 0.019022
1 0.462942 0.217128 0.012369 0.012369
1 0.484427 0.213221 0.012369 0.012369
1 0.375127 0.203357 0.019022 0.019022
1 0.439580 0.193591 0.019022 0.019022
1 0.570312 0.187500 0.014947 0.014947
1 0.400517 0.183825 0.019022 0.019022
1 0.734502 0.179919 0.019022 0.019022
1 0.267578 0.164062 0.022475 0.022475
1 0.191458 0.162440 0.012369 0.012369
1 0.626953 0.148438 0.014947 0.014947
1 0.373174 0.146716 0.019022 0.019022
1 0.875127 0.142810 0.019022 0.019022
1 0.785156 0.138672 0.014947 0.014947
1 0.482422 0.134766 0.014947 0.014947
1 0.453252 0.131091 0.019022 0.019022
1 0.183594 0.119141 0.014947 0.014947
1 0.205078 0.101562 0.014947 0.014947
1 0.160208 0.096034 0.012369 0.012369
1 0.652344 0.083984 0.014947 0.014947
1 0.320312 0.064453 0.014947 0.014947
1 0.297002 0.051013 0.019022 0.019022
1 0.421875 0.048828 0.014947 0.014947
1 0.533330 0.037341 0.019022 0.019022
1 0.466797 0.039062 0.014947 0.014947
1 0.375000 0.025391 0.014947 0.014947
1 0.488281 0.021484 0.014947 0.014947
1 0.574270 0.959315 0.012369 0.012369
1 0.908203 0.945312 0.014947 0.014947
1 0.767578 0.917969 0.014947 0.014947
1 0.630859 0.912109 0.022475 0.022475
1 0.017630 0.906581 0.012369 0.012369
1 0.789062 0.896484 0.014947 0.014947
1 0.806641 0.878906 0.014947 0.014947
1 0.980469 0.855469 0.014947 0.014947
1 0.888672 0.828125 0.014947 0.014947
1 0.650391 0.828125 0.014947 0.014947
1 0.871220 0.806872 0.019022 0.019022
1 0.076224 0.787440 0.012369 0.012369
1 0.843877 0.777575 0.019022 0.019022
1 0.908330 0.773669 0.019022 0.019022
1 0.296875 0.771484 0.014947 0.014947
1 0.672002 0.769763 0.019022 0.019022
1 0.318486 0.754138 0.019022 0.019022
1 0.373047 0.716797 0.014947 0.014947
1 0.836064 0.711169 0.019022 0.019022
1 0.501953 0.710938 0.014947 0.014947
1 0.140657 0.699251 0.042162 0.042162
1 0.814580 0.681872 0.019022 0.019022
1 0.964970 0.674060 0.019022 0.019022
1 0.875000 0.664062 0.014947 0.014947
1 0.275442 0.656581 0.012369 0.012369
1 0.185547 0.654297 0.014947 0.014947
1 0.271536 0.635096 0.012369 0.012369
1 0.556767 0.613513 0.019022 0.019022
1 0.384817 0.590174 0.012369 0.012369
1 0.677861 0.582263 0.019022 0.019022
1 0.707158 0.578357 0.019022 0.019022
1 0.398564 0.560778 0.019022 0.019022
1 0.742314 0.547107 0.019022 0.019022
1 0.668095 0.547107 0.019022 0.019022
1 0.810674 0.547107 0.019022 0.019022
1 0.193359 0.509766 0.014947 0.014947
1 0.525517 0.502185 0.019022 0.019022
1 0.677734 0.468750 0.014947 0.014947
1 0.531377 0.441638 0.019022 0.019022
1 0.304814 0.437732 0.019022 0.019022
1 0.160283 0.426013 0.019022 0.019022
1 0.298955 0.402575 0.019022 0.019022
1 0.273438 0.398438 0.014947 0.014947
1 0.681767 0.394763 0.019022 0.019022
1 0.251953 0.392578 0.014947 0.014947
1 0.644658 0.381091 0.019022 0.019022
1 0.673955 0.363513 0.019022 0.019022
1 0.052861 0.361560 0.019022 0.019022
1 0.425908 0.355700 0.019022 0.019022
1 0.318359 0.345703 0.014947 0.014947
1 0.382812 0.330078 0.014947 0.014947
1 0.289114 0.326503 0.012369 0.012369
1 0.412109 0.320312 0.014947 0.014947
1 0.308645 0.312831 0.012369 0.012369
1 0.261845 0.308825 0.019022 0.019022
1 0.376953 0.304688 0.014947 0.014947
1 0.574345 0.234607 0.019022 0.019022
1 0.070439 0.224841 0.019022 0.019022
1 0.429814 0.224841 0.019022 0.019022
1 0.183720 0.209216 0.019022 0.019022
1 0.240234 0.207031 0.014947 0.014947
1 0.095830 0.191638 0.019022 0.019022
1 0.207031 0.187500 0.014947 0.014947
1 0.318486 0.154528 0.019022 0.019022
1 0.088017 0.129138 0.019022 0.019022
1 0.830205 0.101794 0.019022 0.019022
1 0.097656 0.080078 0.014947 0.014947
1 0.361455 0.072497 0.019022 0.019022
1 0.332031 0.029297 0.022475 0.022475
1 0.164062 0.007812 0.014947 0.014947
1 0.175908 0.972888 0.019022 0.019022
1 0.654297 0.968750 0.014947 0.014947
1 0.400391 0.968750 0.014947 0.014947
1 0.138672 0.953125 0.014947 0.014947
1 0.783203 0.935547 0.014947 0.014947
1 0.589970 0.912341 0.019022 0.019022
1 0.216849 0.914393 0.012369 0.012369
1 0.191406 0.910156 0.014947 0.014947
1 0.279424 0.904528 0.019022 0.019022
1 0.681767 0.900622 0.019022 0.019022
1 0.828125 0.882812 0.014947 0.014947
1 0.297002 0.879138 0.019022 0.019022
1 0.226562 0.859375 0.014947 0.014947
1 0.404297 0.855469 0.014947 0.014947
1 0.132812 0.849609 0.014947 0.014947
1 0.199345 0.845935 0.019022 0.019022
1 0.910156 0.839844 0.014947 0.014947
1 0.087942 0.838221 0.012369 0.012369
1 0.220703 0.828125 0.014947 0.014947
1 0.128906 0.824219 0.014947 0.014947
1 0.390752 0.822497 0.019022 0.019022
1 0.754033 0.810778 0.019022 0.019022
1 0.662109 0.798828 0.014947 0.014947
1 0.048828 0.791016 0.014947 0.014947
1 0.630986 0.789294 0.019022 0.019022
1 0.544922 0.785156 0.014947 0.014947
1 0.720830 0.785388 0.019022 0.019022
1 0.601689 0.777575 0.019022 0.019022
1 0.351689 0.775622 0.019022 0.019022
1 0.463017 0.765857 0.019022 0.019022
1 0.542969 0.763672 0.014947 0.014947
1 0.816406 0.761719 0.022475 0.022475
1 0.410156 0.759766 0.014947 0.014947
1 0.437627 0.752185 0.019022 0.019022
1 0.916142 0.744372 0.019022 0.019022
1 0.281250 0.734375 0.014947 0.014947
1 0.070312 0.730469 0.014947 0.014947
1 0.460938 0.728516 0.022475 0.022475
1 0.431641 0.708984 0.014947 0.014947
1 0.068486 0.701403 0.019022 0.019022
1 0.283330 0.681872 0.019022 0.019022
1 0.625000 0.681641 0.014947 0.014947
1 0.496220 0.677966 0.019022 0.019022
1 0.445439 0.676013 0.019022 0.019022
1 0.052861 0.672107 0.019022 0.019022
1 0.123047 0.660156 0.014947 0.014947
1 0.142578 0.652344 0.014947 0.014947
1 0.599609 0.640625 0.014947 0.014947
1 0.500127 0.638903 0.019022 0.019022
1 0.615234 0.625000 0.014947 0.014947
1 0.793095 0.619372 0.019022 0.019022
1 0.402344 0.611328 0.022475 0.022475
1 0.142705 0.597888 0.019022 0.019022
1 0.191533 0.593982 0.019022 0.019022
1 0.425908 0.584216 0.019022 0.019022
1 0.095830 0.578357 0.019022 0.019022
1 0.214970 0.574450 0.019022 0.019022
1 0.369141 0.574219 0.014947 0.014947
1 0.502080 0.547107 0.019022 0.019022
1 0.257939 0.519763 0.019022 0.019022
1 0.283330 0.463122 0.019022 0.019022
1 0.386845 0.445544 0.019022 0.019022
1 0.195439 0.427966 0.019022 0.019022
1 0.449219 0.427734 0.022475 0.022475
1 0.060547 0.388672 0.014947 0.014947
1 0.369141 0.357422 0.014947 0.014947
1 0.166142 0.332263 0.019022 0.019022
1 0.083984 0.335938 0.030378 0.030378
1 0.078177 0.959315 0.012369 0.012369
1 0.480595 0.947497 0.019022 0.019022
1 0.339970 0.941638 0.019022 0.019022
1 0.670049 0.927966 0.019022 0.019022
1 0.128906 0.910156 0.014947 0.014947
1 0.326299 0.898669 0.019022 0.019022
1 0.166016 0.871094 0.014947 0.014947
1 0.093802 0.816737 0.012369 0.012369
1 0.228642 0.763903 0.019022 0.019022
1 0.027344 0.736328 0.014947 0.014947
1 0.218877 0.726794 0.019022 0.019022
1 0.039189 0.703357 0.019022 0.019022
1 0.117314 0.552966 0.019022 0.019022
1 0.039189 0.537341 0.019022 0.019022
1 0.087891 0.523438 0.014947 0.014947
1 0.408330 0.492419 0.019022 0.019022
1 0.037236 0.972888 0.019022 0.019022
1 0.269531 0.769531 0.014947 0.014947
1 0.586064 0.326403 0.019022 0.019022
