1 0.593750 0.210938 0.022475 0.022475
1 0.863281 0.103516 0.030378 0.030378
1 0.041142 0.451403 0.019022 0.019022
1 0.099609 0.318359 0.014947 0.014947
1 0.072422 0.250210 0.026766 0.026766
1 0.281250 0.111328 0.022475 0.022475
1 0.470703 0.957031 0.014947 0.014947
1 0.005911 0.930018 0.012369 0.012369
1 0.927734 0.638672 0.014947 0.014947
1 0.541016 0.617188 0.014947 0.014947
1 0.912109 0.613281 0.014947 0.014947
1 0.289062 0.554688 0.022475 0.022475
1 0.570439 0.451403 0.019022 0.019022
1 0.730469 0.328125 0.014947 0.014947
1 0.621220 0.320544 0.019022 0.019022
1 0.648489 0.226893 0.012369 0.012369
1 0.904424 0.191638 0.019022 0.019022
1 0.558750 0.177944 0.026766 0.026766
1 0.958984 0.173828 0.014947 0.014947
1 0.248099 0.103846 0.012369 0.012369
1 0.607549 0.086169 0.019022 0.019022
1 0.695312 0.054688 0.014947 0.014947
1 0.564453 0.007812 0.014947 0.014947
1 0.220755 0.943690 0.012369 0.012369
1 0.267578 0.826172 0.014947 0.014947
1 0.515677 0.633143 0.012369 0.012369
1 0.572317 0.603846 0.012369 0.012369
1 0.687657 0.601772 0.026766 0.026766
1 0.011845 0.517810 0.019022 0.019022
1 0.670049 0.513903 0.019022 0.019022
1 0.472656 0.488281 0.014947 0.014947
1 0.498174 0.441638 0.019022 0.019022
1 0.478516 0.437500 0.014947 0.014947
1 0.634766 0.357422 0.014947 0.014947
1 0.949219 0.324219 0.014947 0.014947
1 0.279424 0.218982 0.019022 0.019022
1 0.527344 0.150391 0.022475 0.022475
1 0.947266 0.150391 0.014947 0.014947
1 0.986455 0.074450 0.019022 0.019022
1 0.214844 0.013672 0.014947 0.014947
1 0.802734 0.986328 0.014947 0.014947
1 0.031250 0.806641 0.014947 0.014947
1 0.769531 0.781250 0.014947 0.014947
1 0.527470 0.730700 0.019022 0.019022
1 0.859502 0.601794 0.019022 0.019022
1 0.087891 0.486328 0.022475 0.022475
1 0.884892 0.486560 0.019022 0.019022
1 0.429688 0.466797 0.022475 0.022475
1 0.869141 0.402344 0.022475 0.022475
1 0.144658 0.398669 0.019022 0.019022
1 0.332083 0.387049 0.012369 0.012369
1 0.197266 0.357422 0.014947 0.014947
1 0.234502 0.244372 0.019022 0.019022
1 0.365361 0.152575 0.019022 0.019022
1 0.140677 0.129237 0.012369 0.012369
1 0.904349 0.127284 0.012369 0.012369
1 0.095830 0.017810 0.019022 0.019022
1 0.802734 0.007812 0.014947 0.014947
1 0.373174 0.967028 0.019022 0.019022
1 0.445312 0.876953 0.022475 0.022475
1 0.771536 0.865565 0.012369 0.012369
1 0.621094 0.828125 0.014947 0.014947
1 0.062627 0.814685 0.019022 0.019022
1 0.685547 0.681641 0.014947 0.014947
1 0.023438 0.537109 0.014947 0.014947
1 0.638672 0.501953 0.022475 0.022475
1 0.681767 0.480700 0.019022 0.019022
1 0.826172 0.355469 0.014947 0.014947
1 0.062500 0.337891 0.014947 0.014947
1 0.582031 0.267578 0.014947 0.014947
1 0.515752 0.261950 0.019022 0.019022
1 0.806641 0.222656 0.022475 0.022475
1 0.019531 0.150391 0.014947 0.014947
1 0.759766 0.931641 0.022475 0.022475
1 0.060674 0.884997 0.019022 0.019022
1 0.039189 0.752185 0.019022 0.019022
1 0.832188 0.730678 0.026766 0.026766
1 0.201172 0.654297 0.022475 0.022475
1 0.578252 0.634997 0.019022 0.019022
1 0.519531 0.562500 0.014947 0.014947
1 0.183594 0.562500 0.014947 0.014947
1 0.009766 0.457031 0.014947 0.014947
1 0.074345 0.455310 0.019022 0.019022
1 0.875000 0.445312 0.030378 0.030378
1 0.833984 0.410156 0.006233 0.006233
1 0.964895 0.338221 0.012369 0.012369
1 0.900391 0.320312 0.014947 0.014947
1 0.011719 0.310547 0.014947 0.014947
1 0.195469 0.252163 0.026766 0.026766
1 0.847708 0.211268 0.012369 0.012369
1 0.869192 0.205409 0.012369 0.012369
1 0.914189 0.158435 0.019022 0.019022
1 0.670079 0.125210 0.026766 0.026766
1 0.507812 0.076172 0.014947 0.014947
1 0.302734 0.076172 0.014947 0.014947
1 0.851562 0.058594 0.014947 0.014947
1 0.289062 0.058594 0.014947 0.014947
1 0.681767 0.023669 0.019022 0.019022
1 0.775391 0.013672 0.014947 0.014947
1 0.550833 0.982753 0.012369 0.012369
1 0.832031 0.919922 0.022475 0.022475
1 0.945364 0.904628 0.012369 0.012369
1 0.726614 0.797206 0.012369 0.012369
1 0.978567 0.793299 0.012369 0.012369
1 0.668020 0.762049 0.012369 0.012369
1 0.759817 0.760096 0.012369 0.012369
1 0.923828 0.695312 0.030378 0.030378
1 0.369192 0.662440 0.012369 0.012369
1 0.781302 0.619471 0.012369 0.012369
1 0.597813 0.552944 0.026766 0.026766
1 0.814580 0.525622 0.019022 0.019022
1 0.607422 0.503906 0.014947 0.014947
1 0.917969 0.480469 0.014947 0.014947
1 0.130859 0.462891 0.022475 0.022475
1 0.816406 0.431641 0.014947 0.014947
1 0.914062 0.414062 0.014947 0.014947
1 0.802734 0.410156 0.014947 0.014947
1 0.611328 0.408203 0.014947 0.014947
1 0.919922 0.392578 0.014947 0.014947
1 0.988281 0.388672 0.014947 0.014947
1 0.609375 0.380859 0.014947 0.014947
1 0.156250 0.369141 0.014947 0.014947
1 0.980469 0.361328 0.014947 0.014947
1 0.482422 0.343750 0.014947 0.014947
1 0.908203 0.341797 0.014947 0.014947
1 0.880859 0.341797 0.014947 0.014947
1 0.794974 0.328456 0.012369 0.012369
1 0.875000 0.316406 0.014947 0.014947
1 0.693486 0.312732 0.019022 0.019022
1 0.146484 0.310547 0.022475 0.022475
1 0.773438 0.302734 0.014947 0.014947
1 0.824219 0.250000 0.014947 0.014947
1 0.773438 0.246094 0.014947 0.014947
1 0.597656 0.242188 0.014947 0.014947
1 0.533255 0.242518 0.012369 0.012369
1 0.619141 0.232422 0.014947 0.014947
1 0.892630 0.221034 0.012369 0.012369
1 0.695312 0.208984 0.014947 0.014947
1 0.492314 0.187732 0.019022 0.019022
1 0.357549 0.187732 0.019022 0.019022
1 0.687500 0.185547 0.014947 0.014947
1 0.009766 0.183594 0.014947 0.014947
1 0.650517 0.181872 0.019022 0.019022
1 0.140625 0.173828 0.022475 0.022475
1 0.609502 0.160388 0.019022 0.019022
1 0.861328 0.144531 0.014947 0.014947
1 0.488408 0.117419 0.019022 0.019022
1 0.439453 0.117188 0.014947 0.014947
1 0.587891 0.111328 0.014947 0.014947
1 0.750127 0.103747 0.019022 0.019022
1 0.205205 0.101794 0.019022 0.019022
1 0.117314 0.082263 0.019022 0.019022
1 0.558720 0.070544 0.019022 0.019022
1 0.167969 0.052734 0.014947 0.014947
1 0.421875 0.050781 0.014947 0.014947
1 0.798828 0.050781 0.014947 0.014947
1 0.498047 0.048828 0.014947 0.014947
1 0.761770 0.043299 0.012369 0.012369
1 0.738281 0.042969 0.014947 0.014947
1 0.629033 0.043200 0.019022 0.019022
1 0.367314 0.041247 0.019022 0.019022
1 0.519531 0.037109 0.014947 0.014947
1 0.338017 0.037341 0.019022 0.019022
1 0.181692 0.029628 0.012369 0.012369
1 0.154424 0.025622 0.019022 0.019022
1 0.408330 0.019763 0.019022 0.019022
1 0.035156 0.009766 0.014947 0.014947
1 0.484427 0.008143 0.012369 0.012369
1 0.793095 0.953357 0.019022 0.019022
1 0.623099 0.953456 0.012369 0.012369
1 0.857422 0.939453 0.014947 0.014947
1 0.912109 0.921875 0.014947 0.014947
1 0.667969 0.919922 0.014947 0.014947
1 0.363281 0.908203 0.014947 0.014947
1 0.611380 0.851893 0.012369 0.012369
1 0.867188 0.851562 0.014947 0.014947
1 0.892578 0.847656 0.014947 0.014947
1 0.746220 0.843982 0.019022 0.019022
1 0.455205 0.828357 0.019022 0.019022
1 0.228516 0.833984 0.006233 0.006233
1 0.728516 0.820312 0.014947 0.014947
1 0.558594 0.810547 0.014947 0.014947
1 0.531377 0.810778 0.019022 0.019022
1 0.810674 0.804919 0.019022 0.019022
1 0.439580 0.742419 0.019022 0.019022
1 0.236328 0.738281 0.022475 0.022475
1 0.955205 0.736560 0.019022 0.019022
1 0.761719 0.736328 0.014947 0.014947
1 0.716924 0.732653 0.019022 0.019022
1 0.671875 0.724609 0.014947 0.014947
1 0.759766 0.712891 0.014947 0.014947
1 0.992239 0.701503 0.012369 0.012369
1 0.966924 0.701403 0.019022 0.019022
1 0.736455 0.697497 0.019022 0.019022
1 0.599609 0.685547 0.014947 0.014947
1 0.255986 0.685778 0.019022 0.019022
1 0.660156 0.679688 0.014947 0.014947
1 0.300781 0.673828 0.014947 0.014947
1 0.980595 0.672107 0.019022 0.019022
1 0.617188 0.666016 0.014947 0.014947
1 0.283203 0.658203 0.014947 0.014947
1 0.773438 0.640625 0.014947 0.014947
1 0.736455 0.638903 0.019022 0.019022
1 0.672002 0.638903 0.019022 0.019022
1 0.720830 0.615466 0.019022 0.019022
1 0.447266 0.615234 0.014947 0.014947
1 0.480595 0.609607 0.019022 0.019022
1 0.507812 0.607422 0.014947 0.014947
1 0.462891 0.591797 0.014947 0.014947
1 0.435674 0.592028 0.019022 0.019022
1 0.589844 0.583984 0.014947 0.014947
1 0.496145 0.568690 0.012369 0.012369
1 0.636719 0.564453 0.014947 0.014947
1 0.711064 0.562732 0.019022 0.019022
1 0.904297 0.560547 0.022475 0.022475
1 0.464970 0.558825 0.019022 0.019022
1 0.212891 0.556641 0.014947 0.014947
1 0.554688 0.554688 0.014947 0.014947
1 0.416067 0.555018 0.012369 0.012369
1 0.259766 0.554688 0.014947 0.014947
1 0.435599 0.545253 0.012369 0.012369
1 0.843750 0.541016 0.022475 0.022475
1 0.644531 0.539062 0.014947 0.014947
1 0.966797 0.537109 0.022475 0.022475
1 0.179688 0.533203 0.014947 0.014947
1 0.560599 0.531581 0.012369 0.012369
1 0.923955 0.521716 0.019022 0.019022
1 0.125000 0.517578 0.030378 0.030378
1 0.433720 0.515857 0.019022 0.019022
1 0.369192 0.514003 0.012369 0.012369
1 0.277470 0.513903 0.019022 0.019022
1 0.695312 0.507812 0.014947 0.014947
1 0.363333 0.494471 0.012369 0.012369
1 0.203252 0.492419 0.019022 0.019022
1 0.585938 0.478516 0.014947 0.014947
1 0.713017 0.476794 0.019022 0.019022
1 0.609375 0.476562 0.014947 0.014947
1 0.347783 0.467028 0.019022 0.019022
1 0.691533 0.455310 0.019022 0.019022
1 0.392630 0.449549 0.012369 0.012369
1 0.751953 0.443359 0.014947 0.014947
1 0.015677 0.428065 0.012369 0.012369
1 0.773564 0.424060 0.019022 0.019022
1 0.398438 0.402344 0.014947 0.014947
1 0.705205 0.398669 0.019022 0.019022
1 0.214895 0.394862 0.012369 0.012369
1 0.056641 0.388672 0.014947 0.014947
1 0.035208 0.373378 0.012369 0.012369
1 0.443486 0.373278 0.019022 0.019022
1 0.775517 0.367419 0.019022 0.019022
1 0.414189 0.365466 0.019022 0.019022
1 0.054688 0.359375 0.014947 0.014947
1 0.279424 0.336169 0.019022 0.019022
1 0.357422 0.316406 0.014947 0.014947
1 0.201224 0.314784 0.012369 0.012369
1 0.222708 0.310878 0.012369 0.012369
1 0.810547 0.308594 0.014947 0.014947
1 0.537236 0.306872 0.019022 0.019022
1 0.277470 0.306872 0.019022 0.019022
1 0.455078 0.302734 0.014947 0.014947
1 0.359427 0.291346 0.012369 0.012369
1 0.628906 0.291016 0.014947 0.014947
1 0.308720 0.285388 0.019022 0.019022
1 0.451172 0.275391 0.014947 0.014947
1 0.748174 0.258044 0.019022 0.019022
1 0.265625 0.244141 0.014947 0.014947
1 0.158255 0.238612 0.012369 0.012369
1 0.500127 0.220935 0.019022 0.019022
1 0.060674 0.203357 0.019022 0.019022
1 0.386875 0.199428 0.026766 0.026766
1 0.263672 0.197266 0.014947 0.014947
1 0.308720 0.177966 0.019022 0.019022
1 0.406250 0.166016 0.014947 0.014947
1 0.205078 0.140625 0.014947 0.014947
1 0.056767 0.066638 0.019022 0.019022
1 0.443359 0.058594 0.014947 0.014947
1 0.013799 0.049060 0.019022 0.019022
1 0.078125 0.035156 0.014947 0.014947
1 0.302891 0.029507 0.026766 0.026766
1 0.246220 0.021716 0.019022 0.019022
1 0.673828 0.990234 0.014947 0.014947
1 0.865234 0.990234 0.014947 0.014947
1 0.630859 0.976562 0.014947 0.014947
1 0.964970 0.972888 0.019022 0.019022
1 0.652470 0.965075 0.019022 0.019022
1 0.673828 0.941406 0.014947 0.014947
1 0.333984 0.943359 0.014947 0.014947
1 0.529297 0.919922 0.014947 0.014947
1 0.433720 0.914294 0.019022 0.019022
1 0.226562 0.908203 0.014947 0.014947
1 0.547002 0.902575 0.019022 0.019022
1 0.220755 0.889003 0.012369 0.012369
1 0.588017 0.879138 0.019022 0.019022
1 0.029297 0.859375 0.014947 0.014947
1 0.212891 0.853516 0.014947 0.014947
1 0.546875 0.847656 0.014947 0.014947
1 0.113408 0.847888 0.019022 0.019022
1 0.433594 0.845703 0.014947 0.014947
1 0.570312 0.835938 0.014947 0.014947
1 0.091797 0.832031 0.014947 0.014947
1 0.201172 0.824219 0.014947 0.014947
1 0.293020 0.818690 0.012369 0.012369
1 0.179688 0.816406 0.014947 0.014947
1 0.490361 0.812732 0.019022 0.019022
1 0.226614 0.805018 0.012369 0.012369
1 0.298828 0.792969 0.014947 0.014947
1 0.267705 0.781482 0.019022 0.019022
1 0.218877 0.777575 0.019022 0.019022
1 0.707158 0.777575 0.019022 0.019022
1 0.334111 0.775622 0.019022 0.019022
1 0.375127 0.773669 0.019022 0.019022
1 0.300781 0.771484 0.014947 0.014947
1 0.513672 0.763672 0.014947 0.014947
1 0.261770 0.752284 0.012369 0.012369
1 0.470830 0.742419 0.019022 0.019022
1 0.394531 0.732422 0.014947 0.014947
1 0.347783 0.726794 0.019022 0.019022
1 0.627080 0.724841 0.019022 0.019022
1 0.291142 0.715075 0.019022 0.019022
1 0.408330 0.711169 0.019022 0.019022
1 0.074219 0.710938 0.014947 0.014947
1 0.466924 0.707263 0.019022 0.019022
1 0.384766 0.677734 0.014947 0.014947
1 0.328125 0.671875 0.014947 0.014947
1 0.810674 0.650622 0.019022 0.019022
1 0.150517 0.644763 0.019022 0.019022
1 0.019531 0.638672 0.014947 0.014947
1 0.191406 0.619141 0.014947 0.014947
1 0.125127 0.593982 0.019022 0.019022
1 0.251953 0.585938 0.014947 0.014947
1 0.298828 0.580078 0.014947 0.014947
1 0.050908 0.574450 0.019022 0.019022
1 0.236328 0.564453 0.014947 0.014947
1 0.099609 0.531250 0.014947 0.014947
1 0.511845 0.513903 0.019022 0.019022
1 0.283203 0.486328 0.014947 0.014947
1 0.300908 0.422107 0.019022 0.019022
1 0.429688 0.406250 0.022475 0.022475
1 0.103642 0.406482 0.019022 0.019022
1 0.015625 0.406250 0.014947 0.014947
1 0.101689 0.369372 0.019022 0.019022
1 0.132939 0.349841 0.019022 0.019022
1 0.310674 0.345935 0.019022 0.019022
1 0.019658 0.207263 0.019022 0.019022
1 0.076299 0.168200 0.019022 0.019022
1 0.125000 0.991718 0.014452 0.014452
1 0.294922 0.972656 0.014947 0.014947
1 0.140625 0.972656 0.014947 0.014947
1 0.076172 0.958984 0.014947 0.014947
1 0.261719 0.949219 0.014947 0.014947
1 0.414189 0.935778 0.019022 0.019022
1 0.363281 0.935547 0.022475 0.022475
1 0.138672 0.921875 0.014947 0.014947
1 0.136719 0.882812 0.014947 0.014947
1 0.054688 0.859375 0.014947 0.014947
1 0.136719 0.835938 0.014947 0.014947
1 0.552734 0.775391 0.014947 0.014947
1 0.099609 0.726562 0.014947 0.014947
1 0.550781 0.720703 0.014947 0.014947
1 0.039062 0.695312 0.014947 0.014947
1 0.140625 0.681641 0.014947 0.014947
1 0.062627 0.533435 0.019022 0.019022
1 0.279297 0.396484 0.030378 0.030378
1 0.515625 0.330078 0.030378 0.030378
1 0.058594 0.976562 0.014947 0.014947
1 0.406189 0.787109 0.039301 0.039301
