1 0.580078 0.937500 0.014947 0.014947
1 0.966924 0.693591 0.019022 0.019022
1 0.802734 0.687500 0.014947 0.014947
1 0.966797 0.625000 0.014947 0.014947
1 0.037236 0.627185 0.019022 0.019022
1 0.718750 0.472656 0.022475 0.022475
1 0.865391 0.474819 0.026766 0.026766
1 0.062500 0.421875 0.014947 0.014947
1 0.345860 0.248257 0.026766 0.026766
1 0.287109 0.238281 0.014947 0.014947
1 0.021484 0.191406 0.014947 0.014947
1 0.966968 0.955281 0.034741 0.034741
1 0.808594 0.937500 0.014947 0.014947
1 0.402344 0.900391 0.014947 0.014947
1 0.615234 0.767578 0.022475 0.022475
1 0.935547 0.494141 0.022475 0.022475
1 0.902470 0.424060 0.019022 0.019022
1 0.744297 0.267788 0.026766 0.026766
1 0.902344 0.224609 0.014947 0.014947
1 0.173828 0.150391 0.030378 0.030378
1 0.986328 0.726562 0.014947 0.014947
1 0.894688 0.720913 0.026766 0.026766
1 0.728516 0.574219 0.014947 0.014947
1 0.900391 0.533203 0.022475 0.022475
1 0.804688 0.513672 0.014947 0.014947
1 0.962942 0.508143 0.012369 0.012369
1 0.402395 0.463221 0.012369 0.012369
1 0.675781 0.433594 0.014947 0.014947
1 0.798880 0.422206 0.012369 0.012369
1 0.871094 0.412109 0.022475 0.022475
1 0.783203 0.404297 0.014947 0.014947
1 0.910156 0.390625 0.014947 0.014947
1 0.763724 0.308924 0.012369 0.012369
1 0.812500 0.210938 0.014947 0.014947
1 0.658203 0.207031 0.014947 0.014947
1 0.515625 0.212891 0.030378 0.030378
1 0.459111 0.105700 0.019022 0.019022
1 0.935547 0.093750 0.014947 0.014947
1 0.191406 0.029297 0.014947 0.014947
1 0.611455 0.013903 0.019022 0.019022
1 0.283330 0.939685 0.019022 0.019022
1 0.814610 0.855678 0.026766 0.026766
1 0.527470 0.840075 0.019022 0.019022
1 0.814453 0.777344 0.014947 0.014947
1 0.500000 0.699219 0.014947 0.014947
1 0.652344 0.677734 0.014947 0.014947
1 0.261845 0.633044 0.019022 0.019022
1 0.220830 0.441638 0.019022 0.019022
1 0.213017 0.404528 0.019022 0.019022
1 0.042969 0.402344 0.014947 0.014947
1 0.855625 0.287319 0.026766 0.026766
1 0.775391 0.253906 0.014947 0.014947
1 0.882864 0.236659 0.012369 0.012369
1 0.951172 0.226562 0.014947 0.014947
1 0.765625 0.072266 0.022475 0.022475
1 0.681641 0.072266 0.014947 0.014947
1 0.085989 0.980799 0.012369 0.012369
1 0.289114 0.961268 0.012369 0.012369
1 0.722783 0.916247 0.019022 0.019022
1 0.695439 0.867419 0.019022 0.019022
1 0.777470 0.863513 0.019022 0.019022
1 0.968750 0.853516 0.022475 0.022475
1 0.668095 0.812732 0.019022 0.019022
1 0.117188 0.791016 0.014947 0.014947
1 0.925833 0.750331 0.012369 0.012369
1 0.367314 0.734607 0.019022 0.019022
1 0.156250 0.710938 0.014947 0.014947
1 0.337891 0.705078 0.014947 0.014947
1 0.730595 0.677966 0.019022 0.019022
1 0.119141 0.587891 0.014947 0.014947
1 0.595830 0.586169 0.019022 0.019022
1 0.423828 0.535156 0.014947 0.014947
1 0.906377 0.484607 0.019022 0.019022
1 0.496094 0.441406 0.014947 0.014947
1 0.115234 0.425781 0.022475 0.022475
1 0.656250 0.416016 0.014947 0.014947
1 0.593877 0.355700 0.019022 0.019022
1 0.535156 0.353516 0.022475 0.022475
1 0.431641 0.238281 0.022475 0.022475
1 0.015752 0.234607 0.019022 0.019022
1 0.408330 0.181872 0.019022 0.019022
1 0.582031 0.144531 0.022475 0.022475
1 0.642705 0.134997 0.019022 0.019022
1 0.705078 0.068359 0.014947 0.014947
1 0.732549 0.019763 0.019022 0.019022
1 0.324219 0.019531 0.014947 0.014947
1 0.492314 0.840075 0.019022 0.019022
1 0.695312 0.814453 0.014947 0.014947
1 0.402344 0.775391 0.022475 0.022475
1 0.338017 0.740466 0.019022 0.019022
1 0.103516 0.718750 0.014947 0.014947
1 0.863281 0.673828 0.022475 0.022475
1 0.509766 0.662109 0.022475 0.022475
1 0.992239 0.599940 0.012369 0.012369
1 0.406377 0.595935 0.019022 0.019022
1 0.650391 0.562500 0.022475 0.022475
1 0.314580 0.547107 0.019022 0.019022
1 0.224736 0.484607 0.019022 0.019022
1 0.056767 0.468982 0.019022 0.019022
1 0.414189 0.410388 0.019022 0.019022
1 0.695312 0.392578 0.022475 0.022475
1 0.931797 0.330288 0.026766 0.026766
1 0.591797 0.291016 0.022475 0.022475
1 0.148438 0.285156 0.022475 0.022475
1 0.087891 0.126953 0.014947 0.014947
1 0.123047 0.101562 0.022475 0.022475
1 0.808594 0.816406 0.022475 0.022475
1 0.476562 0.769531 0.022475 0.022475
1 0.523438 0.767578 0.014947 0.014947
1 0.703125 0.683594 0.014947 0.014947
1 0.447392 0.681872 0.019022 0.019022
1 0.365234 0.679688 0.022475 0.022475
1 0.125000 0.667969 0.014947 0.014947
1 0.812657 0.615444 0.026766 0.026766
1 0.572266 0.464844 0.014947 0.014947
1 0.316406 0.398438 0.014947 0.014947
1 0.982549 0.324450 0.019022 0.019022
1 0.134892 0.316638 0.019022 0.019022
1 0.904297 0.300781 0.014947 0.014947
1 0.810547 0.287109 0.022475 0.022475
1 0.111485 0.224819 0.026766 0.026766
1 0.945364 0.193690 0.012369 0.012369
1 0.048828 0.113281 0.022475 0.022475
1 0.822266 0.041016 0.014947 0.014947
1 0.113281 0.941406 0.014947 0.014947
1 0.361455 0.929919 0.019022 0.019022
1 0.046875 0.927734 0.022475 0.022475
1 0.777470 0.912341 0.019022 0.019022
1 0.970755 0.894862 0.012369 0.012369
1 0.343877 0.881091 0.019022 0.019022
1 0.959036 0.744471 0.012369 0.012369
1 0.751953 0.722656 0.014947 0.014947
1 0.822317 0.670253 0.012369 0.012369
1 0.990286 0.625331 0.012369 0.012369
1 0.863281 0.593750 0.014947 0.014947
1 0.875052 0.510096 0.012369 0.012369
1 0.892578 0.457031 0.014947 0.014947
1 0.871094 0.441406 0.014947 0.014947
1 0.851562 0.365234 0.014947 0.014947
1 0.990234 0.208984 0.014947 0.014947
1 0.341797 0.207031 0.014947 0.014947
1 0.244141 0.201172 0.014947 0.014947
1 0.906302 0.197596 0.012369 0.012369
1 0.554688 0.187500 0.014947 0.014947
1 0.531250 0.187500 0.014947 0.014947
1 0.828252 0.183825 0.019022 0.019022
1 0.857549 0.181872 0.019022 0.019022
1 0.890625 0.167969 0.014947 0.014947
1 0.373099 0.170253 0.012369 0.012369
1 0.851689 0.148669 0.019022 0.019022
1 0.101562 0.146484 0.014947 0.014947
1 0.779297 0.142578 0.014947 0.014947
1 0.121145 0.137049 0.012369 0.012369
1 0.666142 0.117419 0.019022 0.019022
1 0.490234 0.117188 0.014947 0.014947
1 0.705078 0.109375 0.014947 0.014947
1 0.334111 0.097888 0.019022 0.019022
1 0.826172 0.083984 0.014947 0.014947
1 0.802786 0.084315 0.012369 0.012369
1 0.548828 0.080078 0.014947 0.014947
1 0.275517 0.062732 0.019022 0.019022
1 0.904297 0.062500 0.014947 0.014947
1 0.564453 0.060547 0.014947 0.014947
1 0.486380 0.058924 0.012369 0.012369
1 0.328252 0.054919 0.019022 0.019022
1 0.234427 0.047206 0.012369 0.012369
1 0.572266 0.029297 0.014947 0.014947
1 0.759766 0.029297 0.014947 0.014947
1 0.380986 0.023669 0.019022 0.019022
1 0.951172 0.009766 0.014947 0.014947
1 0.857474 0.967128 0.012369 0.012369
1 0.562500 0.855469 0.014947 0.014947
1 0.668020 0.836268 0.012369 0.012369
1 0.896484 0.826172 0.014947 0.014947
1 0.375000 0.761719 0.014947 0.014947
1 0.666067 0.750331 0.012369 0.012369
1 0.773489 0.740565 0.012369 0.012369
1 0.544974 0.736659 0.012369 0.012369
1 0.566406 0.671875 0.014947 0.014947
1 0.759817 0.652674 0.012369 0.012369
1 0.664114 0.652674 0.012369 0.012369
1 0.896611 0.613513 0.019022 0.019022
1 0.771611 0.603747 0.019022 0.019022
1 0.195251 0.583984 0.039301 0.039301
1 0.908203 0.585938 0.014947 0.014947
1 0.873047 0.566406 0.014947 0.014947
1 0.697266 0.560547 0.014947 0.014947
1 0.847783 0.545153 0.019022 0.019022
1 0.021484 0.544922 0.014947 0.014947
1 0.962942 0.539393 0.012369 0.012369
1 0.623174 0.515857 0.019022 0.019022
1 0.410208 0.515956 0.012369 0.012369
1 0.324219 0.513672 0.014947 0.014947
1 0.754033 0.509997 0.019022 0.019022
1 0.689453 0.505859 0.014947 0.014947
1 0.236380 0.506190 0.012369 0.012369
1 0.406302 0.494471 0.012369 0.012369
1 0.681641 0.480469 0.014947 0.014947
1 0.339970 0.470935 0.019022 0.019022
1 0.298828 0.445312 0.014947 0.014947
1 0.562500 0.441406 0.014947 0.014947
1 0.722708 0.437831 0.012369 0.012369
1 0.318359 0.433594 0.014947 0.014947
1 0.970703 0.429688 0.022475 0.022475
1 0.259892 0.422107 0.019022 0.019022
1 0.759817 0.416346 0.012369 0.012369
1 0.136845 0.402575 0.019022 0.019022
1 0.748047 0.392578 0.014947 0.014947
1 0.433594 0.388672 0.014947 0.014947
1 0.019531 0.386719 0.014947 0.014947
1 0.986455 0.386950 0.019022 0.019022
1 0.830078 0.376953 0.014947 0.014947
1 0.662109 0.376953 0.014947 0.014947
1 0.769658 0.373278 0.019022 0.019022
1 0.416142 0.369372 0.019022 0.019022
1 0.660283 0.345935 0.019022 0.019022
1 0.810674 0.342028 0.019022 0.019022
1 0.560547 0.333984 0.014947 0.014947
1 0.367314 0.330310 0.019022 0.019022
1 0.888799 0.322497 0.019022 0.019022
1 0.716797 0.320312 0.014947 0.014947
1 0.341924 0.312732 0.019022 0.019022
1 0.238408 0.310778 0.019022 0.019022
1 0.379033 0.275622 0.019022 0.019022
1 0.892578 0.273438 0.014947 0.014947
1 0.699219 0.248047 0.022475 0.022475
1 0.521536 0.246424 0.012369 0.012369
1 0.857422 0.228516 0.014947 0.014947
1 0.234502 0.228747 0.019022 0.019022
1 0.720830 0.211169 0.019022 0.019022
1 0.765752 0.193591 0.019022 0.019022
1 0.445439 0.176013 0.019022 0.019022
1 0.101562 0.173828 0.014947 0.014947
1 0.082083 0.162440 0.012369 0.012369
1 0.201172 0.160156 0.014947 0.014947
1 0.630911 0.156581 0.012369 0.012369
1 0.804688 0.144531 0.014947 0.014947
1 0.402470 0.136950 0.019022 0.019022
1 0.537236 0.121325 0.019022 0.019022
1 0.859502 0.109607 0.019022 0.019022
1 0.593877 0.097888 0.019022 0.019022
1 0.257812 0.097656 0.014947 0.014947
1 0.050781 0.083984 0.014947 0.014947
1 0.492239 0.080409 0.012369 0.012369
1 0.201299 0.078357 0.019022 0.019022
1 0.380986 0.076403 0.019022 0.019022
1 0.136770 0.066737 0.012369 0.012369
1 0.529424 0.056872 0.019022 0.019022
1 0.796875 0.044922 0.014947 0.014947
1 0.654424 0.043200 0.019022 0.019022
1 0.431692 0.006190 0.012369 0.012369
1 0.816406 0.982422 0.014947 0.014947
1 0.875127 0.935778 0.019022 0.019022
1 0.547002 0.927966 0.019022 0.019022
1 0.386719 0.919922 0.014947 0.014947
1 0.556692 0.898768 0.012369 0.012369
1 0.634892 0.894763 0.019022 0.019022
1 0.767630 0.892909 0.012369 0.012369
1 0.861455 0.883044 0.019022 0.019022
1 0.921875 0.880859 0.022475 0.022475
1 0.640752 0.847888 0.019022 0.019022
1 0.611328 0.847656 0.014947 0.014947
1 0.714895 0.840174 0.012369 0.012369
1 0.015625 0.826172 0.014947 0.014947
1 0.990286 0.824549 0.012369 0.012369
1 0.468877 0.814685 0.019022 0.019022
1 0.945439 0.804919 0.019022 0.019022
1 0.308645 0.797206 0.012369 0.012369
1 0.453125 0.791016 0.014947 0.014947
1 0.974736 0.791247 0.019022 0.019022
1 0.863281 0.783203 0.014947 0.014947
1 0.736328 0.773438 0.014947 0.014947
1 0.556767 0.771716 0.019022 0.019022
1 0.439453 0.773438 0.014947 0.014947
1 0.642630 0.752284 0.012369 0.012369
1 0.511770 0.736659 0.012369 0.012369
1 0.703252 0.734607 0.019022 0.019022
1 0.658255 0.728846 0.012369 0.012369
1 0.011719 0.699219 0.014947 0.014947
1 0.560599 0.693690 0.012369 0.012369
1 0.330078 0.679688 0.014947 0.014947
1 0.255859 0.656250 0.014947 0.014947
1 0.185674 0.654528 0.019022 0.019022
1 0.582031 0.640625 0.014947 0.014947
1 0.158375 0.634969 0.034741 0.034741
1 0.636845 0.627185 0.019022 0.019022
1 0.662236 0.599841 0.019022 0.019022
1 0.587891 0.556641 0.014947 0.014947
1 0.341924 0.552966 0.019022 0.019022
1 0.993501 0.551018 0.011557 0.011557
1 0.474609 0.548828 0.022475 0.022475
1 0.566406 0.546875 0.014947 0.014947
1 0.668095 0.525622 0.019022 0.019022
1 0.517630 0.523768 0.012369 0.012369
1 0.582031 0.521484 0.014947 0.014947
1 0.357549 0.511950 0.019022 0.019022
1 0.136845 0.498278 0.019022 0.019022
1 0.316533 0.488513 0.019022 0.019022
1 0.183594 0.482422 0.014947 0.014947
1 0.201172 0.464844 0.014947 0.014947
1 0.031250 0.462891 0.014947 0.014947
1 0.703125 0.445312 0.014947 0.014947
1 0.199219 0.429688 0.014947 0.014947
1 0.347783 0.426013 0.019022 0.019022
1 0.601562 0.423828 0.014947 0.014947
1 0.542969 0.417969 0.014947 0.014947
1 0.470830 0.418200 0.019022 0.019022
1 0.515625 0.414062 0.014947 0.014947
1 0.187500 0.392578 0.014947 0.014947
1 0.388672 0.373047 0.014947 0.014947
1 0.494267 0.371325 0.019022 0.019022
1 0.310674 0.363513 0.019022 0.019022
1 0.250000 0.359375 0.022475 0.022475
1 0.027470 0.357653 0.019022 0.019022
1 0.164062 0.343750 0.022475 0.022475
1 0.091924 0.336169 0.019022 0.019022
1 0.509892 0.324450 0.019022 0.019022
1 0.697317 0.308924 0.012369 0.012369
1 0.105469 0.306641 0.014947 0.014947
1 0.027470 0.306872 0.019022 0.019022
1 0.505986 0.287341 0.019022 0.019022
1 0.240234 0.263672 0.014947 0.014947
1 0.660283 0.258044 0.019022 0.019022
1 0.476562 0.253906 0.022475 0.022475
1 0.052734 0.236328 0.030378 0.030378
1 0.144658 0.170153 0.019022 0.019022
1 0.361455 0.131091 0.019022 0.019022
1 0.072392 0.049060 0.019022 0.019022
1 0.509892 0.011950 0.019022 0.019022
1 0.289062 0.007812 0.014947 0.014947
1 0.585938 0.982422 0.014947 0.014947
1 0.244141 0.962891 0.014947 0.014947
1 0.746094 0.960938 0.014947 0.014947
1 0.468877 0.951403 0.019022 0.019022
1 0.500127 0.951403 0.019022 0.019022
1 0.417969 0.945312 0.014947 0.014947
1 0.697392 0.937732 0.019022 0.019022
1 0.437500 0.921875 0.014947 0.014947
1 0.222656 0.917969 0.014947 0.014947
1 0.375000 0.890625 0.014947 0.014947
1 0.728516 0.878906 0.014947 0.014947
1 0.146484 0.853516 0.014947 0.014947
1 0.339844 0.851562 0.014947 0.014947
1 0.183645 0.838221 0.012369 0.012369
1 0.281250 0.833984 0.014947 0.014947
1 0.363281 0.804688 0.014947 0.014947
1 0.021536 0.787440 0.012369 0.012369
1 0.357474 0.777674 0.012369 0.012369
1 0.234502 0.738513 0.019022 0.019022
1 0.470703 0.732422 0.014947 0.014947
1 0.054688 0.718750 0.014947 0.014947
1 0.388799 0.697497 0.019022 0.019022
1 0.029297 0.671875 0.014947 0.014947
1 0.423828 0.669922 0.014947 0.014947
1 0.302861 0.640857 0.019022 0.019022
1 0.420049 0.636950 0.019022 0.019022
1 0.130986 0.623278 0.019022 0.019022
1 0.068486 0.621325 0.019022 0.019022
1 0.361328 0.611328 0.014947 0.014947
1 0.099661 0.603846 0.012369 0.012369
1 0.261845 0.593982 0.019022 0.019022
1 0.564505 0.586268 0.012369 0.012369
1 0.841797 0.583984 0.014947 0.014947
1 0.367314 0.568591 0.019022 0.019022
1 0.242314 0.560778 0.019022 0.019022
1 0.041016 0.560547 0.014947 0.014947
1 0.160283 0.541247 0.019022 0.019022
1 0.113408 0.539294 0.019022 0.019022
1 0.095830 0.513903 0.019022 0.019022
1 0.164189 0.426013 0.019022 0.019022
1 0.117314 0.359607 0.019022 0.019022
1 0.160156 0.984375 0.014947 0.014947
1 0.394531 0.960938 0.014947 0.014947
1 0.173828 0.960938 0.014947 0.014947
1 0.199219 0.927734 0.014947 0.014947
1 0.088017 0.912341 0.019022 0.019022
1 0.011719 0.894531 0.014947 0.014947
1 0.177734 0.857422 0.014947 0.014947
1 0.441406 0.833984 0.022475 0.022475
1 0.218877 0.816638 0.019022 0.019022
1 0.279349 0.810878 0.012369 0.012369
1 0.224736 0.771716 0.019022 0.019022
1 0.070312 0.746094 0.014947 0.014947
1 0.304688 0.687500 0.014947 0.014947
1 0.017578 0.601562 0.014947 0.014947
1 0.943486 0.586169 0.019022 0.019022
1 0.958923 0.056641 0.039301 0.039301
1 0.419922 0.974609 0.014947 0.014947
1 0.326299 0.933825 0.019022 0.019022
1 0.931579 0.937500 0.039301 0.039301
