1 0.207203 0.343953 0.034741 0.034741
1 0.617239 0.711268 0.012369 0.012369
1 0.869267 0.539294 0.019022 0.019022
1 0.253906 0.384766 0.014947 0.014947
1 0.824219 0.269531 0.014947 0.014947
1 0.759766 0.027344 0.014947 0.014947
1 0.505986 0.638903 0.019022 0.019022
1 0.019531 0.500000 0.022475 0.022475
1 0.882812 0.423828 0.022475 0.022475
1 0.871094 0.169922 0.022475 0.022475
1 0.119297 0.095913 0.026766 0.026766
1 0.597656 0.746094 0.014947 0.014947
1 0.058720 0.353747 0.019022 0.019022
1 0.576172 0.222656 0.022475 0.022475
1 0.355469 0.076172 0.022475 0.022475
1 0.910208 0.010096 0.012369 0.012369
1 0.105520 0.867518 0.012369 0.012369
1 0.279297 0.789062 0.014947 0.014947
1 0.044922 0.761719 0.014947 0.014947
1 0.775391 0.558594 0.014947 0.014947
1 0.191406 0.376953 0.014947 0.014947
1 0.300781 0.330078 0.022475 0.022475
1 0.632812 0.044922 0.014947 0.014947
1 0.537236 0.892810 0.019022 0.019022
1 0.713017 0.812732 0.019022 0.019022
1 0.990234 0.785156 0.014947 0.014947
1 0.521611 0.763903 0.019022 0.019022
1 0.431641 0.750000 0.014947 0.014947
1 0.464970 0.736560 0.019022 0.019022
1 0.691406 0.722656 0.014947 0.014947
1 0.783203 0.630859 0.014947 0.014947
1 0.238333 0.584315 0.012369 0.012369
1 0.802734 0.519531 0.014947 0.014947
1 0.531302 0.459315 0.012369 0.012369
1 0.902470 0.451403 0.019022 0.019022
1 0.543020 0.437831 0.012369 0.012369
1 0.523438 0.351562 0.014947 0.014947
1 0.261719 0.324219 0.022475 0.022475
1 0.669922 0.261719 0.014947 0.014947
1 0.302861 0.248278 0.019022 0.019022
1 0.800781 0.169922 0.014947 0.014947
1 0.984502 0.138903 0.019022 0.019022
1 0.550781 0.121094 0.014947 0.014947
1 0.361380 0.875331 0.012369 0.012369
1 0.283330 0.847888 0.019022 0.019022
1 0.220755 0.785487 0.012369 0.012369
1 0.427734 0.779297 0.022475 0.022475
1 0.910283 0.693591 0.019022 0.019022
1 0.787109 0.585938 0.014947 0.014947
1 0.347783 0.582263 0.019022 0.019022
1 0.984502 0.568591 0.019022 0.019022
1 0.798828 0.552734 0.014947 0.014947
1 0.054814 0.509997 0.019022 0.019022
1 0.838017 0.496325 0.019022 0.019022
1 0.839844 0.458984 0.014947 0.014947
1 0.283255 0.394862 0.012369 0.012369
1 0.728516 0.312500 0.014947 0.014947
1 0.990234 0.283203 0.014947 0.014947
1 0.117188 0.228516 0.014947 0.014947
1 0.384892 0.168200 0.019022 0.019022
1 0.671875 0.158203 0.014947 0.014947
1 0.646484 0.095703 0.014947 0.014947
1 0.238281 0.070312 0.014947 0.014947
1 0.490234 0.009766 0.014947 0.014947
1 0.373099 0.986659 0.012369 0.012369
1 0.584111 0.894763 0.019022 0.019022
1 0.105520 0.832362 0.012369 0.012369
1 0.046875 0.820312 0.014947 0.014947
1 0.865234 0.769531 0.014947 0.014947
1 0.300781 0.763672 0.014947 0.014947
1 0.142705 0.730700 0.019022 0.019022
1 0.308594 0.666016 0.014947 0.014947
1 0.609375 0.603516 0.022475 0.022475
1 0.451172 0.560547 0.014947 0.014947
1 0.250127 0.547107 0.019022 0.019022
1 0.816533 0.447497 0.019022 0.019022
1 0.849609 0.423828 0.022475 0.022475
1 0.339970 0.420153 0.019022 0.019022
1 0.222656 0.375000 0.014947 0.014947
1 0.740234 0.355469 0.022475 0.022475
1 0.078252 0.295153 0.019022 0.019022
1 0.412236 0.285388 0.019022 0.019022
1 0.164062 0.138672 0.022475 0.022475
1 0.210938 0.080078 0.014947 0.014947
1 0.687500 0.031250 0.014947 0.014947
1 0.986328 0.007812 0.014947 0.014947
1 0.205078 0.951172 0.022475 0.022475
1 0.091924 0.929919 0.019022 0.019022
1 0.408203 0.919922 0.022475 0.022475
1 0.007812 0.826172 0.014947 0.014947
1 0.074219 0.808594 0.014947 0.014947
1 0.781250 0.718750 0.022475 0.022475
1 0.742188 0.712891 0.022475 0.022475
1 0.353516 0.697266 0.022475 0.022475
1 0.126953 0.560547 0.014947 0.014947
1 0.716954 0.437710 0.026766 0.026766
1 0.113281 0.412109 0.022475 0.022475
1 0.044922 0.410156 0.014947 0.014947
1 0.091797 0.337891 0.022475 0.022475
1 0.955205 0.283435 0.019022 0.019022
1 0.103516 0.265625 0.022475 0.022475
1 0.947266 0.138672 0.014947 0.014947
1 0.294922 0.132812 0.022475 0.022475
1 0.431797 0.052944 0.026766 0.026766
1 0.101562 0.039062 0.014947 0.014947
1 0.572266 0.019531 0.014947 0.014947
1 0.668020 0.014003 0.012369 0.012369
1 0.619192 0.992518 0.012369 0.012369
1 0.769531 0.941406 0.014947 0.014947
1 0.863281 0.873047 0.014947 0.014947
1 0.365234 0.734375 0.014947 0.014947
1 0.787109 0.685547 0.014947 0.014947
1 0.910283 0.666247 0.019022 0.019022
1 0.039062 0.652344 0.022475 0.022475
1 0.935547 0.652344 0.014947 0.014947
1 0.732549 0.644763 0.019022 0.019022
1 0.961064 0.634997 0.019022 0.019022
1 0.757812 0.623047 0.014947 0.014947
1 0.408203 0.591797 0.014947 0.014947
1 0.902344 0.507812 0.014947 0.014947
1 0.947392 0.461169 0.019022 0.019022
1 0.972783 0.441638 0.019022 0.019022
1 0.693411 0.381190 0.012369 0.012369
1 0.955205 0.388903 0.019022 0.019022
1 0.941533 0.361560 0.019022 0.019022
1 0.447266 0.343750 0.014947 0.014947
1 0.586064 0.342028 0.019022 0.019022
1 0.478516 0.341797 0.014947 0.014947
1 0.914114 0.330409 0.012369 0.012369
1 0.947392 0.330310 0.019022 0.019022
1 0.990234 0.326172 0.014947 0.014947
1 0.812627 0.324450 0.019022 0.019022
1 0.787161 0.303065 0.012369 0.012369
1 0.800781 0.281250 0.014947 0.014947
1 0.927861 0.271716 0.019022 0.019022
1 0.253906 0.271484 0.022475 0.022475
1 0.884892 0.222888 0.019022 0.019022
1 0.486455 0.205310 0.019022 0.019022
1 0.785208 0.193690 0.012369 0.012369
1 0.902470 0.177966 0.019022 0.019022
1 0.629033 0.177966 0.019022 0.019022
1 0.554688 0.152344 0.014947 0.014947
1 0.398489 0.144862 0.012369 0.012369
1 0.744192 0.129237 0.012369 0.012369
1 0.724609 0.123047 0.014947 0.014947
1 0.576172 0.117188 0.014947 0.014947
1 0.947266 0.109375 0.014947 0.014947
1 0.500000 0.105469 0.014947 0.014947
1 0.910283 0.099841 0.019022 0.019022
1 0.535156 0.099609 0.014947 0.014947
1 0.673828 0.085938 0.014947 0.014947
1 0.943486 0.078357 0.019022 0.019022
1 0.779349 0.074549 0.012369 0.012369
1 0.757864 0.074549 0.012369 0.012369
1 0.302734 0.072266 0.014947 0.014947
1 0.884892 0.068591 0.019022 0.019022
1 0.584111 0.064685 0.019022 0.019022
1 0.943486 0.049060 0.019022 0.019022
1 0.662161 0.037440 0.012369 0.012369
1 0.847783 0.035388 0.019022 0.019022
1 0.593750 0.027344 0.014947 0.014947
1 0.519658 0.015857 0.019022 0.019022
1 0.443359 0.015625 0.014947 0.014947
1 0.859375 0.007812 0.014947 0.014947
1 0.961064 0.988513 0.019022 0.019022
1 0.701224 0.980799 0.012369 0.012369
1 0.920049 0.972888 0.019022 0.019022
1 0.880911 0.972987 0.012369 0.012369
1 0.625052 0.969081 0.012369 0.012369
1 0.873099 0.951503 0.012369 0.012369
1 0.632812 0.945312 0.014947 0.014947
1 0.582158 0.943591 0.019022 0.019022
1 0.486455 0.941638 0.019022 0.019022
1 0.708984 0.937500 0.014947 0.014947
1 0.377080 0.914294 0.019022 0.019022
1 0.460938 0.908203 0.014947 0.014947
1 0.687627 0.890857 0.019022 0.019022
1 0.894658 0.875232 0.019022 0.019022
1 0.470755 0.867518 0.012369 0.012369
1 0.578125 0.853516 0.014947 0.014947
1 0.728516 0.835938 0.014947 0.014947
1 0.763799 0.822497 0.019022 0.019022
1 0.476562 0.822266 0.014947 0.014947
1 0.853642 0.818591 0.019022 0.019022
1 0.974736 0.812732 0.019022 0.019022
1 0.564580 0.787341 0.019022 0.019022
1 0.920049 0.775622 0.019022 0.019022
1 0.472656 0.765625 0.014947 0.014947
1 0.275391 0.748047 0.014947 0.014947
1 0.642630 0.730799 0.012369 0.012369
1 0.267578 0.724609 0.014947 0.014947
1 0.837942 0.717128 0.012369 0.012369
1 0.433720 0.709216 0.019022 0.019022
1 0.867314 0.691638 0.019022 0.019022
1 0.568486 0.681872 0.019022 0.019022
1 0.939505 0.674159 0.012369 0.012369
1 0.441533 0.660388 0.019022 0.019022
1 0.488281 0.658203 0.014947 0.014947
1 0.869267 0.652575 0.019022 0.019022
1 0.582031 0.638672 0.014947 0.014947
1 0.550908 0.629138 0.019022 0.019022
1 0.515625 0.611328 0.014947 0.014947
1 0.466924 0.607653 0.019022 0.019022
1 0.910283 0.603747 0.019022 0.019022
1 0.832158 0.590075 0.019022 0.019022
1 0.511890 0.576375 0.034741 0.034741
1 0.425833 0.574549 0.012369 0.012369
1 0.675908 0.566638 0.019022 0.019022
1 0.949345 0.560778 0.019022 0.019022
1 0.281250 0.558594 0.014947 0.014947
1 0.554814 0.549060 0.019022 0.019022
1 0.419922 0.544922 0.014947 0.014947
1 0.617188 0.537109 0.014947 0.014947
1 0.472783 0.531482 0.019022 0.019022
1 0.830078 0.529297 0.014947 0.014947
1 0.433594 0.525391 0.014947 0.014947
1 0.363281 0.515625 0.014947 0.014947
1 0.542969 0.515625 0.014947 0.014947
1 0.628906 0.513672 0.014947 0.014947
1 0.761845 0.506091 0.019022 0.019022
1 0.466924 0.494372 0.019022 0.019022
1 0.646484 0.492188 0.014947 0.014947
1 0.992239 0.490565 0.012369 0.012369
1 0.595830 0.490466 0.019022 0.019022
1 0.797002 0.486560 0.019022 0.019022
1 0.541067 0.482753 0.012369 0.012369
1 0.425908 0.476794 0.019022 0.019022
1 0.507864 0.471034 0.012369 0.012369
1 0.375127 0.447497 0.019022 0.019022
1 0.627005 0.445643 0.012369 0.012369
1 0.181641 0.433594 0.014947 0.014947
1 0.609427 0.431971 0.012369 0.012369
1 0.607422 0.406250 0.014947 0.014947
1 0.806641 0.384766 0.022475 0.022475
1 0.511719 0.376953 0.014947 0.014947
1 0.630859 0.371094 0.014947 0.014947
1 0.435547 0.367188 0.014947 0.014947
1 0.619141 0.349609 0.014947 0.014947
1 0.400517 0.343982 0.019022 0.019022
1 0.402470 0.314685 0.019022 0.019022
1 0.134766 0.308594 0.014947 0.014947
1 0.554688 0.304688 0.014947 0.014947
1 0.755859 0.298828 0.014947 0.014947
1 0.464970 0.297107 0.019022 0.019022
1 0.589970 0.293200 0.019022 0.019022
1 0.384766 0.291016 0.014947 0.014947
1 0.900391 0.291016 0.022475 0.022475
1 0.359375 0.289062 0.014947 0.014947
1 0.035283 0.291247 0.019022 0.019022
1 0.541016 0.287109 0.014947 0.014947
1 0.507939 0.281482 0.019022 0.019022
1 0.617314 0.263903 0.019022 0.019022
1 0.707158 0.209216 0.019022 0.019022
1 0.250000 0.208984 0.014947 0.014947
1 0.357549 0.207263 0.019022 0.019022
1 0.748174 0.207263 0.019022 0.019022
1 0.433720 0.195544 0.019022 0.019022
1 0.232549 0.185778 0.019022 0.019022
1 0.177861 0.187732 0.019022 0.019022
1 0.689453 0.175781 0.014947 0.014947
1 0.293095 0.166247 0.019022 0.019022
1 0.226614 0.152674 0.012369 0.012369
1 0.824345 0.123278 0.019022 0.019022
1 0.041142 0.113513 0.019022 0.019022
1 0.390625 0.072266 0.014947 0.014947
1 0.482422 0.062500 0.014947 0.014947
1 0.089895 0.062831 0.012369 0.012369
1 0.720830 0.062732 0.019022 0.019022
1 0.310547 0.050781 0.014947 0.014947
1 0.482422 0.035156 0.014947 0.014947
1 0.218750 0.021484 0.014947 0.014947
1 0.244297 0.023647 0.026766 0.026766
1 0.115361 0.011950 0.019022 0.019022
1 0.130911 0.990565 0.012369 0.012369
1 0.275391 0.976562 0.014947 0.014947
1 0.250052 0.967128 0.012369 0.012369
1 0.710938 0.962891 0.014947 0.014947
1 0.789189 0.955310 0.019022 0.019022
1 0.308594 0.943359 0.014947 0.014947
1 0.246145 0.943690 0.012369 0.012369
1 0.066458 0.926112 0.012369 0.012369
1 0.797002 0.922107 0.019022 0.019022
1 0.761845 0.912341 0.019022 0.019022
1 0.297002 0.898669 0.019022 0.019022
1 0.472656 0.888672 0.014947 0.014947
1 0.234375 0.884766 0.014947 0.014947
1 0.337891 0.882812 0.014947 0.014947
1 0.652344 0.880859 0.014947 0.014947
1 0.503906 0.875000 0.014947 0.014947
1 0.031250 0.861328 0.014947 0.014947
1 0.070312 0.861328 0.014947 0.014947
1 0.740234 0.851562 0.014947 0.014947
1 0.232422 0.851562 0.014947 0.014947
1 0.642705 0.851794 0.019022 0.019022
1 0.918125 0.851772 0.026766 0.026766
1 0.777470 0.849841 0.019022 0.019022
1 0.681767 0.843982 0.019022 0.019022
1 0.544922 0.841797 0.014947 0.014947
1 0.337891 0.833984 0.014947 0.014947
1 0.148438 0.830078 0.014947 0.014947
1 0.583984 0.828125 0.014947 0.014947
1 0.449219 0.826172 0.014947 0.014947
1 0.644658 0.820544 0.019022 0.019022
1 0.316406 0.806641 0.014947 0.014947
1 0.369141 0.796875 0.014947 0.014947
1 0.625000 0.796875 0.014947 0.014947
1 0.134766 0.771484 0.014947 0.014947
1 0.195312 0.769531 0.014947 0.014947
1 0.800908 0.754138 0.019022 0.019022
1 0.226562 0.740234 0.014947 0.014947
1 0.300833 0.728846 0.012369 0.012369
1 0.552861 0.717028 0.019022 0.019022
1 0.314453 0.710938 0.014947 0.014947
1 0.203177 0.699549 0.012369 0.012369
1 0.464844 0.697266 0.014947 0.014947
1 0.251953 0.691406 0.014947 0.014947
1 0.084111 0.677966 0.019022 0.019022
1 0.335989 0.668299 0.012369 0.012369
1 0.220703 0.650391 0.014947 0.014947
1 0.253906 0.646484 0.014947 0.014947
1 0.113281 0.642578 0.014947 0.014947
1 0.279297 0.628906 0.014947 0.014947
1 0.029297 0.625000 0.014947 0.014947
1 0.248047 0.621094 0.014947 0.014947
1 0.132812 0.599609 0.014947 0.014947
1 0.302734 0.576172 0.014947 0.014947
1 0.386719 0.568359 0.014947 0.014947
1 0.191406 0.564453 0.014947 0.014947
1 0.333984 0.542969 0.014947 0.014947
1 0.224609 0.531250 0.014947 0.014947
1 0.388799 0.517810 0.019022 0.019022
1 0.339970 0.496325 0.019022 0.019022
1 0.113281 0.492188 0.014947 0.014947
1 0.199219 0.486328 0.014947 0.014947
1 0.023438 0.457031 0.014947 0.014947
1 0.208984 0.435547 0.014947 0.014947
1 0.248047 0.433594 0.014947 0.014947
1 0.923985 0.429897 0.026766 0.026766
1 0.379033 0.412341 0.019022 0.019022
1 0.400391 0.392578 0.014947 0.014947
1 0.089844 0.375000 0.014947 0.014947
1 0.117188 0.373047 0.014947 0.014947
1 0.183594 0.306641 0.014947 0.014947
1 0.203125 0.302734 0.014947 0.014947
1 0.632939 0.295153 0.019022 0.019022
1 0.025517 0.258044 0.019022 0.019022
1 0.173828 0.248047 0.014947 0.014947
1 0.048828 0.246094 0.014947 0.014947
1 0.080078 0.230469 0.014947 0.014947
1 0.160156 0.222656 0.014947 0.014947
1 0.083984 0.193359 0.014947 0.014947
1 0.113281 0.189453 0.014947 0.014947
1 0.009817 0.183924 0.012369 0.012369
1 0.132812 0.169922 0.014947 0.014947
1 0.132939 0.131091 0.019022 0.019022
1 0.072266 0.113281 0.014947 0.014947
1 0.244141 0.093750 0.014947 0.014947
1 0.037109 0.082031 0.014947 0.014947
1 0.154297 0.062500 0.014947 0.014947
1 0.019531 0.058594 0.014947 0.014947
1 0.029349 0.006190 0.012369 0.012369
1 0.060547 0.991718 0.014452 0.014452
1 0.084111 0.965075 0.019022 0.019022
1 0.017578 0.964844 0.014947 0.014947
1 0.265625 0.927734 0.014947 0.014947
1 0.162109 0.906250 0.014947 0.014947
1 0.085938 0.894531 0.014947 0.014947
1 0.375127 0.836169 0.019022 0.019022
1 0.093877 0.736560 0.019022 0.019022
1 0.181641 0.722656 0.014947 0.014947
1 0.039062 0.707031 0.014947 0.014947
1 0.230595 0.676013 0.019022 0.019022
1 0.132812 0.628906 0.014947 0.014947
1 0.201299 0.605700 0.019022 0.019022
1 0.021484 0.589844 0.014947 0.014947
1 0.089970 0.566638 0.019022 0.019022
1 0.046875 0.552734 0.014947 0.014947
1 0.162236 0.472888 0.019022 0.019022
1 0.226689 0.470935 0.019022 0.019022
1 0.195439 0.457263 0.019022 0.019022
1 0.072392 0.453357 0.019022 0.019022
1 0.132812 0.335938 0.014947 0.014947
1 0.701299 0.468982 0.019022 0.019022
1 0.523376 0.195312 0.039301 0.039301
