1 0.466954 0.947475 0.026766 0.026766
1 0.591954 0.863491 0.026766 0.026766
1 0.445439 0.834216 0.019022 0.019022
1 0.504063 0.724819 0.026766 0.026766
1 0.578125 0.458984 0.022475 0.022475
1 0.314453 0.396484 0.014947 0.014947
1 0.097783 0.384997 0.019022 0.019022
1 0.603516 0.361328 0.022475 0.022475
1 0.220830 0.342028 0.019022 0.019022
1 0.263672 0.291016 0.030378 0.030378
1 0.638672 0.115234 0.030378 0.030378
1 0.806641 0.107422 0.014947 0.014947
1 0.095860 0.101772 0.026766 0.026766
1 0.738281 0.080078 0.022475 0.022475
1 0.339844 0.011719 0.014947 0.014947
1 0.923955 0.949450 0.019022 0.019022
1 0.203125 0.556641 0.030378 0.030378
1 0.849609 0.400391 0.014947 0.014947
1 0.607549 0.244372 0.019022 0.019022
1 0.982549 0.218982 0.019022 0.019022
1 0.390752 0.127185 0.019022 0.019022
1 0.539114 0.117518 0.012369 0.012369
1 0.447392 0.058825 0.019022 0.019022
1 0.906250 0.978516 0.014947 0.014947
1 0.095703 0.945312 0.022475 0.022475
1 0.435547 0.761719 0.014947 0.014947
1 0.210938 0.740234 0.022475 0.022475
1 0.478567 0.635096 0.012369 0.012369
1 0.986455 0.482653 0.019022 0.019022
1 0.751953 0.470703 0.014947 0.014947
1 0.925908 0.431872 0.019022 0.019022
1 0.964970 0.369372 0.019022 0.019022
1 0.451299 0.363513 0.019022 0.019022
1 0.398438 0.289062 0.014947 0.014947
1 0.697266 0.250000 0.014947 0.014947
1 0.693486 0.215075 0.019022 0.019022
1 0.958984 0.191406 0.014947 0.014947
1 0.482422 0.166016 0.014947 0.014947
1 0.191406 0.039062 0.014947 0.014947
1 0.498174 0.013903 0.019022 0.019022
1 0.957031 0.908203 0.022475 0.022475
1 0.138829 0.908413 0.026766 0.026766
1 0.642578 0.849609 0.014947 0.014947
1 0.820439 0.802966 0.019022 0.019022
1 0.714844 0.716797 0.022475 0.022475
1 0.492314 0.580310 0.019022 0.019022
1 0.242188 0.519531 0.022475 0.022475
1 0.847656 0.509766 0.014947 0.014947
1 0.578125 0.347656 0.022475 0.022475
1 0.152344 0.242188 0.014947 0.014947
1 0.091797 0.167969 0.022475 0.022475
1 0.281377 0.115466 0.019022 0.019022
1 0.880859 0.986328 0.014947 0.014947
1 0.261719 0.968750 0.014947 0.014947
1 0.041016 0.958984 0.014947 0.014947
1 0.779297 0.947266 0.014947 0.014947
1 0.418095 0.845935 0.019022 0.019022
1 0.576299 0.726794 0.019022 0.019022
1 0.847783 0.691638 0.019022 0.019022
1 0.623099 0.637049 0.012369 0.012369
1 0.476562 0.558594 0.022475 0.022475
1 0.033203 0.398438 0.014947 0.014947
1 0.398438 0.375000 0.022475 0.022475
1 0.683594 0.300781 0.014947 0.014947
1 0.722783 0.205310 0.019022 0.019022
1 0.146484 0.205078 0.014947 0.014947
1 0.814580 0.170153 0.019022 0.019022
1 0.345830 0.119372 0.019022 0.019022
1 0.716797 0.929688 0.014947 0.014947
1 0.511719 0.908203 0.014947 0.014947
1 0.048955 0.873278 0.019022 0.019022
1 0.560547 0.855469 0.014947 0.014947
1 0.527344 0.824219 0.022475 0.022475
1 0.662109 0.810547 0.022475 0.022475
1 0.191533 0.717028 0.019022 0.019022
1 0.212829 0.666016 0.039301 0.039301
1 0.683594 0.660156 0.022475 0.022475
1 0.861380 0.588221 0.012369 0.012369
1 0.064580 0.523669 0.019022 0.019022
1 0.601562 0.513672 0.022475 0.022475
1 0.039062 0.498047 0.014947 0.014947
1 0.853672 0.465053 0.026766 0.026766
1 0.142705 0.424060 0.019022 0.019022
1 0.537236 0.392810 0.019022 0.019022
1 0.398489 0.080409 0.012369 0.012369
1 0.740234 0.046875 0.014947 0.014947
1 0.726689 0.898669 0.019022 0.019022
1 0.179814 0.797107 0.019022 0.019022
1 0.929814 0.791247 0.019022 0.019022
1 0.650442 0.674159 0.012369 0.012369
1 0.330205 0.672107 0.019022 0.019022
1 0.990286 0.654628 0.012369 0.012369
1 0.058594 0.583984 0.014947 0.014947
1 0.798880 0.564784 0.012369 0.012369
1 0.591849 0.482753 0.012369 0.012369
1 0.603567 0.445643 0.012369 0.012369
1 0.328252 0.433825 0.019022 0.019022
1 0.904349 0.404628 0.012369 0.012369
1 0.644531 0.394531 0.006233 0.006233
1 0.900391 0.384766 0.014947 0.014947
1 0.326172 0.367188 0.014947 0.014947
1 0.847708 0.355799 0.012369 0.012369
1 0.919922 0.333984 0.014947 0.014947
1 0.310547 0.320312 0.014947 0.014947
1 0.839970 0.285388 0.019022 0.019022
1 0.792969 0.267578 0.014947 0.014947
1 0.820312 0.253906 0.030378 0.030378
1 0.960938 0.234375 0.014947 0.014947
1 0.910208 0.230799 0.012369 0.012369
1 0.560599 0.230799 0.012369 0.012369
1 0.890677 0.224940 0.012369 0.012369
1 0.166067 0.201503 0.012369 0.012369
1 0.558594 0.187500 0.014947 0.014947
1 0.460938 0.181641 0.014947 0.014947
1 0.509766 0.177734 0.014947 0.014947
1 0.955078 0.154297 0.014947 0.014947
1 0.623047 0.152344 0.014947 0.014947
1 0.970703 0.130859 0.014947 0.014947
1 0.257939 0.131091 0.019022 0.019022
1 0.705130 0.127284 0.012369 0.012369
1 0.669922 0.126953 0.014947 0.014947
1 0.728516 0.117188 0.014947 0.014947
1 0.951172 0.105469 0.014947 0.014947
1 0.328125 0.103516 0.014947 0.014947
1 0.835938 0.093750 0.014947 0.014947
1 0.935599 0.092128 0.012369 0.012369
1 0.441458 0.090174 0.012369 0.012369
1 0.687627 0.082263 0.019022 0.019022
1 0.914062 0.080078 0.014947 0.014947
1 0.462891 0.076172 0.014947 0.014947
1 0.236485 0.078335 0.026766 0.026766
1 0.421875 0.074219 0.014947 0.014947
1 0.601562 0.070312 0.014947 0.014947
1 0.957031 0.062500 0.014947 0.014947
1 0.574345 0.062732 0.019022 0.019022
1 0.984502 0.054919 0.019022 0.019022
1 0.257939 0.049060 0.019022 0.019022
1 0.509766 0.048828 0.014947 0.014947
1 0.343750 0.039062 0.014947 0.014947
1 0.916016 0.029297 0.014947 0.014947
1 0.384766 0.031250 0.014947 0.014947
1 0.794922 0.029297 0.022475 0.022475
1 0.589970 0.025622 0.019022 0.019022
1 0.517578 0.021484 0.014947 0.014947
1 0.341924 0.957263 0.019022 0.019022
1 0.937552 0.863612 0.012369 0.012369
1 0.941458 0.842128 0.012369 0.012369
1 0.939453 0.814453 0.014947 0.014947
1 0.939580 0.740466 0.019022 0.019022
1 0.587891 0.697266 0.014947 0.014947
1 0.902470 0.674060 0.019022 0.019022
1 0.753906 0.662109 0.014947 0.014947
1 0.958984 0.642578 0.014947 0.014947
1 0.810547 0.623047 0.014947 0.014947
1 0.949219 0.615234 0.014947 0.014947
1 0.865234 0.615234 0.014947 0.014947
1 0.662236 0.605700 0.019022 0.019022
1 0.843802 0.603846 0.012369 0.012369
1 0.822266 0.599609 0.014947 0.014947
1 0.578177 0.594081 0.012369 0.012369
1 0.796875 0.589844 0.014947 0.014947
1 0.634766 0.583984 0.014947 0.014947
1 0.359427 0.582362 0.012369 0.012369
1 0.961064 0.574450 0.019022 0.019022
1 0.681692 0.547206 0.012369 0.012369
1 0.861380 0.539393 0.012369 0.012369
1 0.488281 0.517578 0.014947 0.014947
1 0.814505 0.517909 0.012369 0.012369
1 0.707083 0.517909 0.012369 0.012369
1 0.968750 0.507812 0.014947 0.014947
1 0.873047 0.507812 0.014947 0.014947
1 0.775391 0.500000 0.014947 0.014947
1 0.722708 0.500331 0.012369 0.012369
1 0.507812 0.488281 0.014947 0.014947
1 0.964844 0.478516 0.014947 0.014947
1 0.910283 0.467028 0.019022 0.019022
1 0.625000 0.464844 0.014947 0.014947
1 0.271611 0.457263 0.019022 0.019022
1 0.429688 0.455078 0.014947 0.014947
1 0.755911 0.428065 0.012369 0.012369
1 0.623047 0.425781 0.014947 0.014947
1 0.425833 0.424159 0.012369 0.012369
1 0.666142 0.414294 0.019022 0.019022
1 0.712891 0.410156 0.014947 0.014947
1 0.923955 0.392810 0.019022 0.019022
1 0.875127 0.375232 0.019022 0.019022
1 0.767705 0.371325 0.019022 0.019022
1 0.935547 0.367188 0.014947 0.014947
1 0.550833 0.363612 0.012369 0.012369
1 0.908203 0.359375 0.014947 0.014947
1 0.347783 0.349841 0.019022 0.019022
1 0.308645 0.344081 0.012369 0.012369
1 0.728642 0.342028 0.019022 0.019022
1 0.701299 0.340075 0.019022 0.019022
1 0.285156 0.337891 0.014947 0.014947
1 0.431767 0.330310 0.019022 0.019022
1 0.261719 0.328125 0.014947 0.014947
1 0.617314 0.326403 0.019022 0.019022
1 0.496265 0.326375 0.034741 0.034741
1 0.961064 0.318591 0.019022 0.019022
1 0.755859 0.318359 0.014947 0.014947
1 0.820439 0.314685 0.019022 0.019022
1 0.910283 0.301013 0.019022 0.019022
1 0.320364 0.297206 0.012369 0.012369
1 0.746094 0.294922 0.014947 0.014947
1 0.588017 0.295153 0.019022 0.019022
1 0.107422 0.267578 0.014947 0.014947
1 0.869141 0.242188 0.014947 0.014947
1 0.398564 0.228747 0.019022 0.019022
1 0.587942 0.226893 0.012369 0.012369
1 0.507939 0.220935 0.019022 0.019022
1 0.548828 0.212891 0.014947 0.014947
1 0.255911 0.201503 0.012369 0.012369
1 0.414189 0.197497 0.019022 0.019022
1 0.121094 0.197266 0.014947 0.014947
1 0.482474 0.191737 0.012369 0.012369
1 0.623047 0.179688 0.014947 0.014947
1 0.226689 0.168200 0.019022 0.019022
1 0.759892 0.166247 0.019022 0.019022
1 0.840000 0.168178 0.026766 0.026766
1 0.251953 0.156250 0.014947 0.014947
1 0.547002 0.156482 0.019022 0.019022
1 0.652344 0.150391 0.014947 0.014947
1 0.023438 0.148438 0.014947 0.014947
1 0.511845 0.148669 0.019022 0.019022
1 0.191533 0.123278 0.019022 0.019022
1 0.052734 0.082031 0.014947 0.014947
1 0.066406 0.060547 0.014947 0.014947
1 0.398438 0.046875 0.014947 0.014947
1 0.847783 0.039294 0.019022 0.019022
1 0.033203 0.037109 0.014947 0.014947
1 0.308720 0.035388 0.019022 0.019022
1 0.648564 0.027575 0.019022 0.019022
1 0.138799 0.017810 0.019022 0.019022
1 0.453252 0.011950 0.019022 0.019022
1 0.365286 0.008143 0.012369 0.012369
1 0.974661 0.990565 0.012369 0.012369
1 0.478567 0.990565 0.012369 0.012369
1 0.972783 0.955310 0.019022 0.019022
1 0.843877 0.949450 0.019022 0.019022
1 0.880911 0.922206 0.012369 0.012369
1 0.873047 0.902344 0.014947 0.014947
1 0.841797 0.902344 0.014947 0.014947
1 0.619141 0.878906 0.014947 0.014947
1 0.914062 0.857422 0.014947 0.014947
1 0.365234 0.824219 0.022475 0.022475
1 0.986328 0.816406 0.014947 0.014947
1 0.572266 0.812500 0.014947 0.014947
1 0.630859 0.808594 0.014947 0.014947
1 0.892705 0.799060 0.019022 0.019022
1 0.621094 0.783203 0.014947 0.014947
1 0.666142 0.769763 0.019022 0.019022
1 0.755986 0.763903 0.019022 0.019022
1 0.638672 0.763672 0.014947 0.014947
1 0.722656 0.753906 0.014947 0.014947
1 0.269583 0.744471 0.012369 0.012369
1 0.597656 0.740234 0.014947 0.014947
1 0.640625 0.734375 0.014947 0.014947
1 0.376953 0.722656 0.014947 0.014947
1 0.082083 0.713221 0.012369 0.012369
1 0.552861 0.709216 0.019022 0.019022
1 0.873047 0.699219 0.014947 0.014947
1 0.750052 0.689784 0.012369 0.012369
1 0.576172 0.675781 0.014947 0.014947
1 0.605595 0.662341 0.019022 0.019022
1 0.836064 0.656482 0.019022 0.019022
1 0.287281 0.648641 0.034741 0.034741
1 0.652344 0.642578 0.014947 0.014947
1 0.509817 0.631190 0.012369 0.012369
1 0.771484 0.625000 0.022475 0.022475
1 0.443359 0.613281 0.014947 0.014947
1 0.502005 0.611659 0.012369 0.012369
1 0.535156 0.607422 0.014947 0.014947
1 0.164189 0.601794 0.019022 0.019022
1 0.138672 0.593750 0.014947 0.014947
1 0.289114 0.558924 0.012369 0.012369
1 0.640752 0.552966 0.019022 0.019022
1 0.269583 0.545253 0.012369 0.012369
1 0.650517 0.519763 0.019022 0.019022
1 0.517578 0.511719 0.014947 0.014947
1 0.209111 0.500232 0.019022 0.019022
1 0.070312 0.496094 0.014947 0.014947
1 0.125000 0.486328 0.014947 0.014947
1 0.093750 0.480469 0.014947 0.014947
1 0.461064 0.459216 0.019022 0.019022
1 0.179688 0.458984 0.014947 0.014947
1 0.882812 0.441406 0.022475 0.022475
1 0.726689 0.439685 0.019022 0.019022
1 0.529297 0.441406 0.022475 0.022475
1 0.410156 0.435547 0.014947 0.014947
1 0.220830 0.402575 0.019022 0.019022
1 0.009817 0.390956 0.012369 0.012369
1 0.531377 0.349841 0.019022 0.019022
1 0.093750 0.326172 0.014947 0.014947
1 0.560674 0.304919 0.019022 0.019022
1 0.158330 0.304919 0.019022 0.019022
1 0.078125 0.304688 0.014947 0.014947
1 0.453125 0.287109 0.022475 0.022475
1 0.502080 0.285388 0.019022 0.019022
1 0.132939 0.279528 0.019022 0.019022
1 0.345830 0.275622 0.019022 0.019022
1 0.203252 0.273669 0.019022 0.019022
1 0.056641 0.263672 0.014947 0.014947
1 0.039062 0.248047 0.014947 0.014947
1 0.363281 0.242188 0.022475 0.022475
1 0.295049 0.232653 0.019022 0.019022
1 0.474736 0.228747 0.019022 0.019022
1 0.058720 0.195544 0.019022 0.019022
1 0.390625 0.164062 0.014947 0.014947
1 0.041016 0.164062 0.014947 0.014947
1 0.128906 0.105469 0.014947 0.014947
1 0.009817 0.021815 0.012369 0.012369
1 0.246145 0.986659 0.012369 0.012369
1 0.689453 0.984375 0.014947 0.014947
1 0.601562 0.980469 0.014947 0.014947
1 0.304688 0.962891 0.014947 0.014947
1 0.574345 0.963122 0.019022 0.019022
1 0.541142 0.959216 0.019022 0.019022
1 0.062552 0.949549 0.012369 0.012369
1 0.599736 0.918200 0.019022 0.019022
1 0.066458 0.912440 0.012369 0.012369
1 0.677861 0.918200 0.019022 0.019022
1 0.347656 0.917969 0.014947 0.014947
1 0.255859 0.908203 0.014947 0.014947
1 0.281250 0.902344 0.014947 0.014947
1 0.929688 0.900391 0.014947 0.014947
1 0.363408 0.898669 0.019022 0.019022
1 0.496094 0.882812 0.014947 0.014947
1 0.992239 0.875331 0.012369 0.012369
1 0.478516 0.867188 0.014947 0.014947
1 0.341924 0.865466 0.019022 0.019022
1 0.191406 0.863281 0.014947 0.014947
1 0.867314 0.857653 0.019022 0.019022
1 0.404349 0.820643 0.012369 0.012369
1 0.419922 0.804688 0.014947 0.014947
1 0.498174 0.801013 0.019022 0.019022
1 0.314580 0.789294 0.019022 0.019022
1 0.193411 0.767909 0.012369 0.012369
1 0.585938 0.763672 0.014947 0.014947
1 0.410156 0.748047 0.014947 0.014947
1 0.316533 0.744372 0.019022 0.019022
1 0.080130 0.746424 0.012369 0.012369
1 0.275391 0.718750 0.014947 0.014947
1 0.046927 0.715174 0.012369 0.012369
1 0.666142 0.715075 0.019022 0.019022
1 0.423955 0.697497 0.019022 0.019022
1 0.271536 0.695643 0.012369 0.012369
1 0.101562 0.687500 0.014947 0.014947
1 0.177861 0.662341 0.019022 0.019022
1 0.400391 0.662109 0.022475 0.022475
1 0.732422 0.648438 0.014947 0.014947
1 0.345830 0.629138 0.019022 0.019022
1 0.257939 0.593982 0.019022 0.019022
1 0.306767 0.580310 0.019022 0.019022
1 0.527470 0.552966 0.019022 0.019022
1 0.336064 0.543200 0.019022 0.019022
1 0.335938 0.509766 0.014947 0.014947
1 0.043095 0.447497 0.019022 0.019022
1 0.175908 0.381091 0.019022 0.019022
1 0.146611 0.377185 0.019022 0.019022
1 0.259766 0.359375 0.014947 0.014947
1 0.179814 0.340075 0.019022 0.019022
1 0.228642 0.236560 0.019022 0.019022
1 0.064610 0.027553 0.026766 0.026766
1 0.408255 0.006190 0.012369 0.012369
1 0.013672 0.970703 0.014947 0.014947
1 0.160283 0.951403 0.019022 0.019022
1 0.238408 0.945544 0.019022 0.019022
1 0.300781 0.935547 0.014947 0.014947
1 0.371094 0.929688 0.014947 0.014947
1 0.535156 0.927734 0.014947 0.014947
1 0.216924 0.908435 0.019022 0.019022
1 0.689580 0.886950 0.019022 0.019022
1 0.377080 0.865466 0.019022 0.019022
1 0.208984 0.849609 0.014947 0.014947
1 0.293095 0.843982 0.019022 0.019022
1 0.308594 0.816406 0.014947 0.014947
1 0.088017 0.793200 0.019022 0.019022
1 0.162109 0.785156 0.014947 0.014947
1 0.991718 0.759766 0.014452 0.014452
1 0.115361 0.724841 0.019022 0.019022
1 0.156377 0.722888 0.019022 0.019022
1 0.027344 0.708984 0.014947 0.014947
1 0.121094 0.576172 0.014947 0.014947
1 0.033330 0.537341 0.019022 0.019022
1 0.197266 0.427734 0.022475 0.022475
1 0.044922 0.927734 0.014947 0.014947
1 0.086064 0.869372 0.019022 0.019022
