1 0.886719 0.945312 0.022475 0.022475
1 0.347783 0.781482 0.019022 0.019022
1 0.333984 0.695312 0.022475 0.022475
1 0.252080 0.652575 0.019022 0.019022
1 0.453252 0.476794 0.019022 0.019022
1 0.777344 0.386719 0.014947 0.014947
1 0.519658 0.306872 0.019022 0.019022
1 0.724609 0.283203 0.022475 0.022475
1 0.566458 0.183924 0.012369 0.012369
1 0.769531 0.130859 0.014947 0.014947
1 0.888672 0.878906 0.014947 0.014947
1 0.482579 0.705288 0.026766 0.026766
1 0.400391 0.388672 0.014947 0.014947
1 0.355469 0.070312 0.014947 0.014947
1 0.101562 0.068359 0.014947 0.014947
1 0.927786 0.719081 0.012369 0.012369
1 0.359375 0.548828 0.014947 0.014947
1 0.902344 0.431641 0.014947 0.014947
1 0.474736 0.131091 0.019022 0.019022
1 0.675908 0.088122 0.019022 0.019022
1 0.207158 0.080310 0.019022 0.019022
1 0.968750 0.958984 0.014947 0.014947
1 0.738333 0.957362 0.012369 0.012369
1 0.296875 0.945312 0.014947 0.014947
1 0.183750 0.900600 0.026766 0.026766
1 0.720703 0.894531 0.014947 0.014947
1 0.308720 0.861560 0.019022 0.019022
1 0.875000 0.859375 0.014947 0.014947
1 0.886770 0.762049 0.012369 0.012369
1 0.714844 0.728516 0.014947 0.014947
1 0.632864 0.705409 0.012369 0.012369
1 0.904297 0.541016 0.014947 0.014947
1 0.131016 0.537319 0.026766 0.026766
1 0.990234 0.525391 0.014947 0.014947
1 0.386719 0.466797 0.014947 0.014947
1 0.224609 0.398438 0.014947 0.014947
1 0.960938 0.398438 0.014947 0.014947
1 0.703252 0.351794 0.019022 0.019022
1 0.640677 0.306971 0.012369 0.012369
1 0.086064 0.283435 0.019022 0.019022
1 0.031250 0.240234 0.014947 0.014947
1 0.861328 0.167969 0.022475 0.022475
1 0.726562 0.039062 0.022475 0.022475
1 0.357474 0.006190 0.012369 0.012369
1 0.503906 0.949219 0.014947 0.014947
1 0.773438 0.937500 0.014947 0.014947
1 0.019531 0.898438 0.014947 0.014947
1 0.976689 0.873278 0.019022 0.019022
1 0.599736 0.707263 0.019022 0.019022
1 0.248174 0.703357 0.019022 0.019022
1 0.650517 0.674060 0.019022 0.019022
1 0.634892 0.601794 0.019022 0.019022
1 0.984375 0.585938 0.014947 0.014947
1 0.355469 0.519531 0.014947 0.014947
1 0.966924 0.498278 0.019022 0.019022
1 0.802734 0.412109 0.014947 0.014947
1 0.252080 0.412341 0.019022 0.019022
1 0.080078 0.408203 0.014947 0.014947
1 0.158330 0.297107 0.019022 0.019022
1 0.240361 0.275622 0.019022 0.019022
1 0.302734 0.199219 0.022475 0.022475
1 0.007812 0.195312 0.014947 0.014947
1 0.988281 0.029297 0.014947 0.014947
1 0.765677 0.010096 0.012369 0.012369
1 0.253906 0.009766 0.014947 0.014947
1 0.304739 0.965174 0.012369 0.012369
1 0.572392 0.939685 0.019022 0.019022
1 0.537161 0.922206 0.012369 0.012369
1 0.248174 0.894763 0.019022 0.019022
1 0.726689 0.847888 0.019022 0.019022
1 0.136719 0.771484 0.014947 0.014947
1 0.709111 0.763903 0.019022 0.019022
1 0.707031 0.611328 0.022475 0.022475
1 0.418095 0.551013 0.019022 0.019022
1 0.099736 0.474841 0.019022 0.019022
1 0.439453 0.302734 0.014947 0.014947
1 0.248047 0.214844 0.022475 0.022475
1 0.158203 0.150391 0.014947 0.014947
1 0.167969 0.068359 0.022475 0.022475
1 0.390752 0.935778 0.019022 0.019022
1 0.277395 0.926112 0.012369 0.012369
1 0.029297 0.851562 0.014947 0.014947
1 0.566406 0.810547 0.030378 0.030378
1 0.421875 0.697266 0.022475 0.022475
1 0.548828 0.587891 0.022475 0.022475
1 0.523438 0.476562 0.022475 0.022475
1 0.718750 0.429688 0.022475 0.022475
1 0.947317 0.344081 0.012369 0.012369
1 0.984375 0.263672 0.014947 0.014947
1 0.896484 0.265625 0.014947 0.014947
1 0.605469 0.251953 0.014947 0.014947
1 0.964844 0.250000 0.014947 0.014947
1 0.968802 0.164393 0.012369 0.012369
1 0.951172 0.148438 0.014947 0.014947
1 0.806692 0.131190 0.012369 0.012369
1 0.935547 0.128906 0.014947 0.014947
1 0.904424 0.123278 0.019022 0.019022
1 0.562627 0.115466 0.019022 0.019022
1 0.742188 0.099609 0.014947 0.014947
1 0.980469 0.082031 0.014947 0.014947
1 0.330130 0.082362 0.012369 0.012369
1 0.570345 0.074251 0.042162 0.042162
1 0.685599 0.062831 0.012369 0.012369
1 0.992239 0.060878 0.012369 0.012369
1 0.822392 0.049060 0.019022 0.019022
1 0.894531 0.044922 0.014947 0.014947
1 0.791142 0.043200 0.019022 0.019022
1 0.960938 0.037109 0.014947 0.014947
1 0.519531 0.035156 0.014947 0.014947
1 0.937500 0.023438 0.014947 0.014947
1 0.890677 0.019862 0.012369 0.012369
1 0.039114 0.010096 0.012369 0.012369
1 0.408203 0.982422 0.014947 0.014947
1 0.804844 0.972866 0.026766 0.026766
1 0.988333 0.949549 0.012369 0.012369
1 0.330205 0.949450 0.019022 0.019022
1 0.972656 0.927734 0.014947 0.014947
1 0.447266 0.876953 0.022475 0.022475
1 0.988408 0.742419 0.019022 0.019022
1 0.972708 0.715174 0.012369 0.012369
1 0.953177 0.711268 0.012369 0.012369
1 0.716797 0.701172 0.014947 0.014947
1 0.853516 0.664062 0.014947 0.014947
1 0.888799 0.658435 0.019022 0.019022
1 0.912236 0.636950 0.019022 0.019022
1 0.773564 0.547107 0.019022 0.019022
1 0.742314 0.547107 0.019022 0.019022
1 0.736455 0.519763 0.019022 0.019022
1 0.886770 0.517909 0.012369 0.012369
1 0.724609 0.494141 0.014947 0.014947
1 0.871094 0.490234 0.014947 0.014947
1 0.781250 0.472656 0.014947 0.014947
1 0.757812 0.458984 0.014947 0.014947
1 0.341924 0.453357 0.019022 0.019022
1 0.970830 0.447497 0.019022 0.019022
1 0.775517 0.433825 0.019022 0.019022
1 0.824219 0.392578 0.014947 0.014947
1 0.937500 0.390625 0.014947 0.014947
1 0.894658 0.381091 0.019022 0.019022
1 0.691406 0.376953 0.014947 0.014947
1 0.640625 0.373047 0.014947 0.014947
1 0.673955 0.357653 0.019022 0.019022
1 0.787109 0.339844 0.014947 0.014947
1 0.681641 0.292969 0.014947 0.014947
1 0.912109 0.285156 0.014947 0.014947
1 0.501953 0.271484 0.014947 0.014947
1 0.773438 0.271484 0.014947 0.014947
1 0.474609 0.271484 0.014947 0.014947
1 0.404454 0.261928 0.026766 0.026766
1 0.845703 0.259766 0.014947 0.014947
1 0.630859 0.253906 0.014947 0.014947
1 0.478642 0.240466 0.019022 0.019022
1 0.869141 0.222656 0.014947 0.014947
1 0.601689 0.222888 0.019022 0.019022
1 0.547002 0.218982 0.019022 0.019022
1 0.931767 0.213122 0.019022 0.019022
1 0.658330 0.213122 0.019022 0.019022
1 0.984375 0.195312 0.014947 0.014947
1 0.478567 0.185878 0.012369 0.012369
1 0.929814 0.177966 0.019022 0.019022
1 0.722656 0.173828 0.014947 0.014947
1 0.593750 0.152344 0.014947 0.014947
1 0.511719 0.150391 0.014947 0.014947
1 0.709111 0.127185 0.019022 0.019022
1 0.623174 0.125232 0.019022 0.019022
1 0.246094 0.126953 0.022475 0.022475
1 0.332083 0.107753 0.012369 0.012369
1 0.353567 0.099940 0.012369 0.012369
1 0.488281 0.087891 0.014947 0.014947
1 0.308645 0.084315 0.012369 0.012369
1 0.607549 0.082263 0.019022 0.019022
1 0.464844 0.078125 0.014947 0.014947
1 0.380911 0.074549 0.012369 0.012369
1 0.332083 0.056971 0.012369 0.012369
1 0.859502 0.047107 0.019022 0.019022
1 0.466924 0.023669 0.019022 0.019022
1 0.226689 0.015857 0.019022 0.019022
1 0.705130 0.990565 0.012369 0.012369
1 0.943359 0.970703 0.014947 0.014947
1 0.835938 0.958984 0.014947 0.014947
1 0.478567 0.943690 0.012369 0.012369
1 0.927734 0.923828 0.014947 0.014947
1 0.703125 0.921875 0.014947 0.014947
1 0.906250 0.921875 0.014947 0.014947
1 0.847656 0.910156 0.014947 0.014947
1 0.767578 0.902344 0.014947 0.014947
1 0.054814 0.894763 0.019022 0.019022
1 0.929814 0.853747 0.019022 0.019022
1 0.709111 0.816638 0.019022 0.019022
1 0.855469 0.808594 0.022475 0.022475
1 0.279297 0.791016 0.022475 0.022475
1 0.810674 0.771716 0.019022 0.019022
1 0.045049 0.754138 0.019022 0.019022
1 0.666016 0.740234 0.014947 0.014947
1 0.857549 0.728747 0.019022 0.019022
1 0.904297 0.720703 0.014947 0.014947
1 0.763672 0.703125 0.014947 0.014947
1 0.845703 0.687500 0.014947 0.014947
1 0.738333 0.683924 0.012369 0.012369
1 0.238281 0.681641 0.014947 0.014947
1 0.912236 0.672107 0.019022 0.019022
1 0.826299 0.656482 0.019022 0.019022
1 0.611455 0.631091 0.019022 0.019022
1 0.468750 0.626953 0.014947 0.014947
1 0.175908 0.605700 0.019022 0.019022
1 0.224736 0.588122 0.019022 0.019022
1 0.537109 0.564453 0.014947 0.014947
1 0.287109 0.558594 0.014947 0.014947
1 0.714844 0.552734 0.014947 0.014947
1 0.689453 0.550781 0.014947 0.014947
1 0.963017 0.537341 0.019022 0.019022
1 0.820439 0.535388 0.019022 0.019022
1 0.548955 0.529528 0.019022 0.019022
1 0.105595 0.525622 0.019022 0.019022
1 0.654424 0.521716 0.019022 0.019022
1 0.843877 0.508044 0.019022 0.019022
1 0.785156 0.498047 0.014947 0.014947
1 0.992239 0.496424 0.012369 0.012369
1 0.638672 0.488281 0.014947 0.014947
1 0.744141 0.484375 0.014947 0.014947
1 0.275391 0.478516 0.014947 0.014947
1 0.617188 0.478516 0.014947 0.014947
1 0.830205 0.467028 0.019022 0.019022
1 0.513724 0.451503 0.012369 0.012369
1 0.654424 0.443591 0.019022 0.019022
1 0.597783 0.435778 0.019022 0.019022
1 0.529297 0.429688 0.014947 0.014947
1 0.554814 0.424060 0.019022 0.019022
1 0.357422 0.423828 0.014947 0.014947
1 0.287109 0.417969 0.030378 0.030378
1 0.642705 0.404528 0.019022 0.019022
1 0.593877 0.392810 0.019022 0.019022
1 0.267578 0.375000 0.014947 0.014947
1 0.466924 0.351794 0.019022 0.019022
1 0.056641 0.347656 0.014947 0.014947
1 0.523438 0.345703 0.014947 0.014947
1 0.546875 0.341797 0.014947 0.014947
1 0.765625 0.328125 0.014947 0.014947
1 0.359375 0.285156 0.014947 0.014947
1 0.107474 0.277674 0.012369 0.012369
1 0.453125 0.269531 0.014947 0.014947
1 0.931767 0.256091 0.019022 0.019022
1 0.513799 0.242419 0.019022 0.019022
1 0.167969 0.236328 0.014947 0.014947
1 0.123174 0.228747 0.019022 0.019022
1 0.052786 0.226893 0.012369 0.012369
1 0.406377 0.222888 0.019022 0.019022
1 0.498047 0.201172 0.014947 0.014947
1 0.670049 0.181872 0.019022 0.019022
1 0.207158 0.179919 0.019022 0.019022
1 0.021484 0.164062 0.014947 0.014947
1 0.253958 0.160487 0.012369 0.012369
1 0.230520 0.156581 0.012369 0.012369
1 0.390752 0.144763 0.019022 0.019022
1 0.306641 0.142578 0.014947 0.014947
1 0.281250 0.130859 0.014947 0.014947
1 0.406250 0.113281 0.014947 0.014947
1 0.125052 0.074549 0.012369 0.012369
1 0.257939 0.072497 0.019022 0.019022
1 0.523564 0.064685 0.019022 0.019022
1 0.257812 0.042969 0.014947 0.014947
1 0.097708 0.043299 0.012369 0.012369
1 0.427673 0.035156 0.039301 0.039301
1 0.193486 0.023669 0.019022 0.019022
1 0.484427 0.969081 0.012369 0.012369
1 0.101562 0.935547 0.022475 0.022475
1 0.672002 0.933825 0.019022 0.019022
1 0.744267 0.918200 0.019022 0.019022
1 0.478642 0.904528 0.019022 0.019022
1 0.644658 0.900622 0.019022 0.019022
1 0.843750 0.884766 0.014947 0.014947
1 0.634892 0.863513 0.019022 0.019022
1 0.335989 0.861659 0.012369 0.012369
1 0.334036 0.840174 0.012369 0.012369
1 0.933594 0.812500 0.022475 0.022475
1 0.123047 0.794922 0.014947 0.014947
1 0.490234 0.789062 0.014947 0.014947
1 0.093877 0.793200 0.019022 0.019022
1 0.460938 0.785156 0.014947 0.014947
1 0.107474 0.777674 0.012369 0.012369
1 0.572392 0.765857 0.019022 0.019022
1 0.466797 0.759766 0.014947 0.014947
1 0.115234 0.750000 0.014947 0.014947
1 0.406377 0.736560 0.019022 0.019022
1 0.246094 0.730469 0.014947 0.014947
1 0.552786 0.707362 0.012369 0.012369
1 0.408330 0.668200 0.019022 0.019022
1 0.679688 0.664062 0.014947 0.014947
1 0.218750 0.662109 0.014947 0.014947
1 0.531377 0.660388 0.019022 0.019022
1 0.341924 0.650622 0.019022 0.019022
1 0.482422 0.650391 0.014947 0.014947
1 0.560674 0.634997 0.019022 0.019022
1 0.588017 0.629138 0.019022 0.019022
1 0.500127 0.621325 0.019022 0.019022
1 0.222656 0.617188 0.014947 0.014947
1 0.320312 0.605469 0.014947 0.014947
1 0.105469 0.583984 0.014947 0.014947
1 0.304688 0.580078 0.014947 0.014947
1 0.507939 0.576403 0.019022 0.019022
1 0.226562 0.546875 0.014947 0.014947
1 0.326299 0.527575 0.019022 0.019022
1 0.302861 0.508044 0.019022 0.019022
1 0.322392 0.480700 0.019022 0.019022
1 0.464970 0.433825 0.019022 0.019022
1 0.160156 0.431641 0.014947 0.014947
1 0.134766 0.423828 0.014947 0.014947
1 0.099661 0.424159 0.012369 0.012369
1 0.328252 0.424060 0.019022 0.019022
1 0.500157 0.398647 0.026766 0.026766
1 0.150517 0.388903 0.019022 0.019022
1 0.005911 0.387049 0.012369 0.012369
1 0.054814 0.377185 0.019022 0.019022
1 0.027344 0.376953 0.014947 0.014947
1 0.431767 0.355700 0.019022 0.019022
1 0.287109 0.351562 0.014947 0.014947
1 0.127080 0.349841 0.019022 0.019022
1 0.095703 0.337891 0.022475 0.022475
1 0.248174 0.330310 0.019022 0.019022
1 0.294922 0.328125 0.014947 0.014947
1 0.974781 0.336141 0.034741 0.034741
1 0.173828 0.318359 0.014947 0.014947
1 0.056767 0.318591 0.019022 0.019022
1 0.045049 0.285388 0.019022 0.019022
1 0.570484 0.259969 0.034741 0.034741
1 0.119267 0.195544 0.019022 0.019022
1 0.043095 0.183825 0.019022 0.019022
1 0.078252 0.125232 0.019022 0.019022
1 0.015752 0.111560 0.019022 0.019022
1 0.550781 0.982422 0.014947 0.014947
1 0.253958 0.969081 0.012369 0.012369
1 0.275391 0.962891 0.014947 0.014947
1 0.613408 0.957263 0.019022 0.019022
1 0.332083 0.922206 0.012369 0.012369
1 0.605595 0.904528 0.019022 0.019022
1 0.267578 0.878906 0.014947 0.014947
1 0.589844 0.876953 0.014947 0.014947
1 0.177734 0.869141 0.014947 0.014947
1 0.513799 0.853747 0.019022 0.019022
1 0.492314 0.834216 0.019022 0.019022
1 0.445439 0.816638 0.019022 0.019022
1 0.666187 0.816609 0.034741 0.034741
1 0.437500 0.781250 0.014947 0.014947
1 0.547002 0.771716 0.019022 0.019022
1 0.222783 0.763903 0.019022 0.019022
1 0.443486 0.746325 0.019022 0.019022
1 0.347783 0.748278 0.019022 0.019022
1 0.267578 0.742188 0.014947 0.014947
1 0.271484 0.712891 0.014947 0.014947
1 0.127080 0.705310 0.019022 0.019022
1 0.039062 0.646484 0.014947 0.014947
1 0.058594 0.626953 0.014947 0.014947
1 0.349736 0.621325 0.019022 0.019022
1 0.148438 0.611328 0.014947 0.014947
1 0.105520 0.607753 0.012369 0.012369
1 0.037236 0.588122 0.019022 0.019022
1 0.437627 0.582263 0.019022 0.019022
1 0.261719 0.568359 0.014947 0.014947
1 0.504033 0.543200 0.019022 0.019022
1 0.185674 0.490466 0.019022 0.019022
1 0.156377 0.470935 0.019022 0.019022
1 0.191533 0.396716 0.019022 0.019022
1 0.593750 0.318359 0.030378 0.030378
1 0.105520 0.006190 0.012369 0.012369
1 0.132939 0.963122 0.019022 0.019022
1 0.369141 0.958984 0.014947 0.014947
1 0.023438 0.951172 0.014947 0.014947
1 0.203252 0.947497 0.019022 0.019022
1 0.152470 0.931872 0.019022 0.019022
1 0.232549 0.836169 0.019022 0.019022
1 0.386719 0.818359 0.022475 0.022475
1 0.023438 0.789062 0.014947 0.014947
1 0.183720 0.697497 0.019022 0.019022
1 0.046875 0.953125 0.014947 0.014947
1 0.585938 0.007092 0.017904 0.017904
