1 0.402344 0.978516 0.022475 0.022475
1 0.373174 0.601794 0.019022 0.019022
1 0.910156 0.591797 0.022475 0.022475
1 0.539062 0.355469 0.022475 0.022475
1 0.279297 0.277344 0.022475 0.022475
1 0.035156 0.236328 0.022475 0.022475
1 0.677734 0.201172 0.030378 0.030378
1 0.990234 0.343750 0.014947 0.014947
1 0.884892 0.529528 0.019022 0.019022
1 0.951299 0.463122 0.019022 0.019022
1 0.918020 0.406581 0.012369 0.012369
1 0.980595 0.261950 0.019022 0.019022
1 0.925908 0.250232 0.019022 0.019022
1 0.759892 0.218982 0.019022 0.019022
1 0.808720 0.218982 0.019022 0.019022
1 0.769531 0.007812 0.014947 0.014947
1 0.908330 0.814685 0.019022 0.019022
1 0.900517 0.783435 0.019022 0.019022
1 0.922002 0.668200 0.019022 0.019022
1 0.031302 0.601893 0.012369 0.012369
1 0.941533 0.549060 0.019022 0.019022
1 0.855595 0.496325 0.019022 0.019022
1 0.879033 0.459216 0.019022 0.019022
1 0.730595 0.457263 0.019022 0.019022
1 0.896536 0.404628 0.012369 0.012369
1 0.084141 0.244350 0.026766 0.026766
1 0.445439 0.187732 0.019022 0.019022
1 0.804814 0.138903 0.019022 0.019022
1 0.621220 0.070544 0.019022 0.019022
1 0.449345 0.031482 0.019022 0.019022
1 0.191533 0.029528 0.019022 0.019022
1 0.582158 0.021716 0.019022 0.019022
1 0.941533 0.873278 0.019022 0.019022
1 0.445439 0.515857 0.019022 0.019022
1 0.664189 0.404528 0.019022 0.019022
1 0.363408 0.301013 0.019022 0.019022
1 0.300908 0.177966 0.019022 0.019022
1 0.113408 0.140857 0.019022 0.019022
1 0.168095 0.138903 0.019022 0.019022
1 0.404424 0.133044 0.019022 0.019022
1 0.279424 0.084216 0.019022 0.019022
1 0.392705 0.080310 0.019022 0.019022
1 0.170049 0.072497 0.019022 0.019022
1 0.117314 0.070544 0.019022 0.019022
1 0.334111 0.043200 0.019022 0.019022
1 0.291142 0.035388 0.019022 0.019022
1 0.877080 0.972888 0.019022 0.019022
1 0.759892 0.828357 0.019022 0.019022
1 0.627080 0.802966 0.019022 0.019022
1 0.839970 0.783435 0.019022 0.019022
1 0.654424 0.777575 0.019022 0.019022
1 0.787109 0.755859 0.022475 0.022475
1 0.535283 0.724841 0.019022 0.019022
1 0.406377 0.644763 0.019022 0.019022
1 0.463017 0.634997 0.019022 0.019022
1 0.517705 0.634997 0.019022 0.019022
1 0.603642 0.627185 0.019022 0.019022
1 0.529424 0.607653 0.019022 0.019022
1 0.496220 0.593982 0.019022 0.019022
1 0.547002 0.556872 0.019022 0.019022
1 0.498174 0.527575 0.019022 0.019022
1 0.336064 0.508044 0.019022 0.019022
1 0.412236 0.445544 0.019022 0.019022
1 0.275517 0.410388 0.019022 0.019022
1 0.365361 0.394763 0.019022 0.019022
1 0.338017 0.379138 0.019022 0.019022
1 0.599736 0.369372 0.019022 0.019022
1 0.455205 0.365466 0.019022 0.019022
1 0.179814 0.343982 0.019022 0.019022
1 0.224736 0.330310 0.019022 0.019022
1 0.310674 0.330310 0.019022 0.019022
1 0.472783 0.263903 0.019022 0.019022
1 0.394658 0.248278 0.019022 0.019022
1 0.209111 0.220935 0.019022 0.019022
1 0.078252 0.142810 0.019022 0.019022
1 0.004738 0.138817 0.011452 0.011452
1 0.324345 0.090075 0.019022 0.019022
1 0.830205 0.017810 0.019022 0.019022
1 0.343750 0.958984 0.014947 0.014947
1 0.623174 0.910388 0.019022 0.019022
1 0.502080 0.849841 0.019022 0.019022
1 0.466924 0.783435 0.019022 0.019022
1 0.595703 0.767578 0.022475 0.022475
1 0.193359 0.755859 0.014947 0.014947
1 0.416142 0.738513 0.019022 0.019022
1 0.195439 0.677966 0.019022 0.019022
1 0.541142 0.654528 0.019022 0.019022
1 0.136845 0.592028 0.019022 0.019022
1 0.459111 0.592028 0.019022 0.019022
1 0.359375 0.576172 0.014947 0.014947
1 0.453252 0.468982 0.019022 0.019022
1 0.187627 0.453357 0.019022 0.019022
1 0.181767 0.422107 0.019022 0.019022
1 0.140752 0.379138 0.019022 0.019022
1 0.992239 0.992518 0.012369 0.012369
1 0.363281 0.972656 0.014947 0.014947
1 0.312627 0.947497 0.019022 0.019022
1 0.584111 0.898669 0.019022 0.019022
1 0.193486 0.896716 0.019022 0.019022
1 0.420049 0.867419 0.019022 0.019022
1 0.146611 0.824450 0.019022 0.019022
1 0.228642 0.736560 0.019022 0.019022
1 0.189453 0.730469 0.014947 0.014947
1 0.029424 0.301013 0.019022 0.019022
1 0.031377 0.892810 0.019022 0.019022
1 0.474609 0.900391 0.030378 0.030378
