1 0.767578 0.890625 0.022475 0.022475
1 0.208984 0.605469 0.014947 0.014947
1 0.601562 0.601562 0.022475 0.022475
1 0.689453 0.541016 0.022475 0.022475
1 0.316533 0.418200 0.019022 0.019022
1 0.271484 0.347656 0.014947 0.014947
1 0.091797 0.267578 0.022475 0.022475
1 0.246094 0.144531 0.022475 0.022475
1 0.439453 0.087891 0.022475 0.022475
1 0.511719 0.964844 0.022475 0.022475
1 0.593750 0.869141 0.022475 0.022475
1 0.958984 0.601562 0.014947 0.014947
1 0.910156 0.414062 0.022475 0.022475
1 0.162266 0.398647 0.026766 0.026766
1 0.480625 0.338100 0.026766 0.026766
1 0.963047 0.236538 0.026766 0.026766
1 0.545049 0.187732 0.019022 0.019022
1 0.931767 0.140857 0.019022 0.019022
1 0.693486 0.113513 0.019022 0.019022
1 0.410283 0.107653 0.019022 0.019022
1 0.148564 0.025622 0.019022 0.019022
1 0.386719 0.011719 0.014947 0.014947
1 0.336064 0.011950 0.019022 0.019022
1 0.140625 0.931641 0.022475 0.022475
1 0.816533 0.345935 0.019022 0.019022
1 0.699345 0.302966 0.019022 0.019022
1 0.523564 0.293200 0.019022 0.019022
1 0.205205 0.265857 0.019022 0.019022
1 0.652470 0.236560 0.019022 0.019022
1 0.418095 0.176013 0.019022 0.019022
1 0.144531 0.173828 0.014947 0.014947
1 0.093750 0.158203 0.022475 0.022475
1 0.679814 0.152575 0.019022 0.019022
1 0.597783 0.146716 0.019022 0.019022
1 0.197392 0.144763 0.019022 0.019022
1 0.347783 0.121325 0.019022 0.019022
1 0.086064 0.074450 0.019022 0.019022
1 0.818486 0.054919 0.019022 0.019022
1 0.406377 0.037341 0.019022 0.019022
1 0.697392 0.023669 0.019022 0.019022
1 0.552734 0.009766 0.014947 0.014947
1 0.500127 0.590075 0.019022 0.019022
1 0.416142 0.511950 0.019022 0.019022
1 0.810674 0.506091 0.019022 0.019022
1 0.734427 0.461268 0.012369 0.012369
1 0.658330 0.383044 0.019022 0.019022
1 0.226689 0.367419 0.019022 0.019022
1 0.293020 0.349940 0.012369 0.012369
1 0.675908 0.322497 0.019022 0.019022
1 0.275517 0.318591 0.019022 0.019022
1 0.802861 0.306872 0.019022 0.019022
1 0.957158 0.301013 0.019022 0.019022
1 0.451299 0.281482 0.019022 0.019022
1 0.486455 0.265857 0.019022 0.019022
1 0.328252 0.228747 0.019022 0.019022
1 0.302861 0.217028 0.019022 0.019022
1 0.341924 0.199450 0.019022 0.019022
1 0.252080 0.197497 0.019022 0.019022
1 0.121094 0.181641 0.014947 0.014947
1 0.033330 0.121325 0.019022 0.019022
1 0.851689 0.968982 0.019022 0.019022
1 0.959111 0.892810 0.019022 0.019022
1 0.900517 0.812732 0.019022 0.019022
1 0.322392 0.660388 0.019022 0.019022
1 0.238453 0.656453 0.034741 0.034741
1 0.687627 0.634997 0.019022 0.019022
1 0.882939 0.615466 0.019022 0.019022
1 0.543095 0.613513 0.019022 0.019022
1 0.761845 0.590075 0.019022 0.019022
1 0.431692 0.555018 0.012369 0.012369
1 0.111455 0.537341 0.019022 0.019022
1 0.757939 0.537341 0.019022 0.019022
1 0.435599 0.533534 0.012369 0.012369
1 0.351689 0.515857 0.019022 0.019022
1 0.650517 0.509997 0.019022 0.019022
1 0.500127 0.474841 0.019022 0.019022
1 0.330205 0.459216 0.019022 0.019022
1 0.222783 0.457263 0.019022 0.019022
1 0.601689 0.439685 0.019022 0.019022
1 0.804688 0.423828 0.022475 0.022475
1 0.347656 0.416016 0.014947 0.014947
1 0.037236 0.377185 0.019022 0.019022
1 0.142578 0.335938 0.022475 0.022475
1 0.833984 0.925781 0.014947 0.014947
1 0.824219 0.904297 0.014947 0.014947
1 0.892705 0.861560 0.019022 0.019022
1 0.728642 0.857653 0.019022 0.019022
1 0.697392 0.847888 0.019022 0.019022
1 0.570312 0.845703 0.014947 0.014947
1 0.812627 0.816638 0.019022 0.019022
1 0.699345 0.769763 0.019022 0.019022
1 0.843877 0.765857 0.019022 0.019022
1 0.429688 0.744141 0.014947 0.014947
1 0.757939 0.732653 0.019022 0.019022
1 0.027470 0.717028 0.019022 0.019022
1 0.843750 0.708984 0.022475 0.022475
1 0.613408 0.699450 0.019022 0.019022
1 0.798955 0.644763 0.019022 0.019022
1 0.302861 0.633044 0.019022 0.019022
1 0.103642 0.597888 0.019022 0.019022
1 0.373174 0.590075 0.019022 0.019022
1 0.066533 0.525622 0.019022 0.019022
1 0.007864 0.496424 0.012369 0.012369
1 0.244267 0.482653 0.019022 0.019022
1 0.496220 0.379138 0.019022 0.019022
1 0.154424 0.232653 0.019022 0.019022
1 0.757939 0.955310 0.019022 0.019022
1 0.619267 0.894763 0.019022 0.019022
1 0.367314 0.886950 0.019022 0.019022
1 0.115361 0.871325 0.019022 0.019022
1 0.529424 0.851794 0.019022 0.019022
1 0.476689 0.853747 0.019022 0.019022
1 0.338017 0.847888 0.019022 0.019022
1 0.535283 0.761950 0.019022 0.019022
1 0.445312 0.763672 0.014947 0.014947
1 0.181767 0.744372 0.019022 0.019022
1 0.529424 0.728747 0.019022 0.019022
1 0.410283 0.722888 0.019022 0.019022
1 0.265752 0.705310 0.019022 0.019022
1 0.097656 0.644531 0.014947 0.014947
1 0.226614 0.592128 0.012369 0.012369
1 0.197266 0.566406 0.022475 0.022475
1 0.181641 0.509766 0.022475 0.022475
1 0.365361 0.972888 0.019022 0.019022
1 0.552861 0.967028 0.019022 0.019022
1 0.164062 0.957031 0.014947 0.014947
1 0.193486 0.949450 0.019022 0.019022
1 0.226689 0.937732 0.019022 0.019022
1 0.037109 0.931641 0.014947 0.014947
1 0.435674 0.881091 0.019022 0.019022
1 0.234502 0.853747 0.019022 0.019022
1 0.117314 0.826403 0.019022 0.019022
1 0.250127 0.793200 0.019022 0.019022
1 0.078252 0.769763 0.019022 0.019022
1 0.082158 0.494372 0.019022 0.019022
1 0.386845 0.658435 0.019022 0.019022
1 0.111455 0.248278 0.019022 0.019022
