1 0.734502 0.849841 0.019022 0.019022
1 0.583984 0.714844 0.022475 0.022475
1 0.744141 0.482422 0.022475 0.022475
1 0.882969 0.293178 0.026766 0.026766
1 0.302734 0.250000 0.022475 0.022475
1 0.833984 0.013672 0.022475 0.022475
1 0.572266 0.781250 0.014947 0.014947
1 0.564453 0.318359 0.014947 0.014947
1 0.830205 0.277575 0.019022 0.019022
1 0.056641 0.275391 0.022475 0.022475
1 0.167969 0.007812 0.014947 0.014947
1 0.441406 0.904297 0.014947 0.014947
1 0.312627 0.847888 0.019022 0.019022
1 0.531302 0.777674 0.012369 0.012369
1 0.171927 0.754237 0.012369 0.012369
1 0.535283 0.695544 0.019022 0.019022
1 0.613408 0.687732 0.019022 0.019022
1 0.035156 0.220703 0.022475 0.022475
1 0.449219 0.167969 0.022475 0.022475
1 0.500127 0.074450 0.019022 0.019022
1 0.697392 0.011950 0.019022 0.019022
1 0.273438 0.006329 0.014452 0.014452
1 0.076299 0.656482 0.019022 0.019022
1 0.244141 0.419922 0.014947 0.014947
1 0.039062 0.048828 0.022475 0.022475
1 0.496220 0.041247 0.019022 0.019022
1 0.878906 0.917969 0.022475 0.022475
1 0.742188 0.802734 0.022475 0.022475
1 0.742188 0.554688 0.022475 0.022475
1 0.130986 0.381091 0.019022 0.019022
1 0.798955 0.074450 0.019022 0.019022
1 0.179814 0.976794 0.019022 0.019022
1 0.746220 0.875232 0.019022 0.019022
1 0.853642 0.529528 0.019022 0.019022
1 0.959111 0.451403 0.019022 0.019022
1 0.988408 0.451403 0.019022 0.019022
1 0.841849 0.430018 0.012369 0.012369
1 0.806767 0.314685 0.019022 0.019022
1 0.941533 0.310778 0.019022 0.019022
1 0.480520 0.314784 0.012369 0.012369
1 0.568411 0.293299 0.012369 0.012369
1 0.828125 0.253906 0.014947 0.014947
1 0.920049 0.189685 0.019022 0.019022
1 0.986380 0.168299 0.012369 0.012369
1 0.757939 0.168200 0.019022 0.019022
1 0.863408 0.156482 0.019022 0.019022
1 0.810599 0.148768 0.012369 0.012369
1 0.814580 0.111560 0.019022 0.019022
1 0.908330 0.107653 0.019022 0.019022
1 0.734502 0.088122 0.019022 0.019022
1 0.976689 0.072497 0.019022 0.019022
1 0.771611 0.062732 0.019022 0.019022
1 0.654297 0.029297 0.014947 0.014947
1 0.121094 0.007812 0.014947 0.014947
1 0.970755 0.976893 0.012369 0.012369
1 0.974736 0.912341 0.019022 0.019022
1 0.855595 0.877185 0.019022 0.019022
1 0.697317 0.722987 0.012369 0.012369
1 0.845830 0.664294 0.019022 0.019022
1 0.921927 0.615565 0.012369 0.012369
1 0.963017 0.595935 0.019022 0.019022
1 0.554688 0.580078 0.014947 0.014947
1 0.767578 0.566406 0.014947 0.014947
1 0.574219 0.564453 0.014947 0.014947
1 0.173880 0.555018 0.012369 0.012369
1 0.970830 0.547107 0.019022 0.019022
1 0.771611 0.533435 0.019022 0.019022
1 0.660208 0.523768 0.012369 0.012369
1 0.810674 0.504138 0.019022 0.019022
1 0.943486 0.498278 0.019022 0.019022
1 0.697392 0.445544 0.019022 0.019022
1 0.726689 0.437732 0.019022 0.019022
1 0.636770 0.428065 0.012369 0.012369
1 0.654297 0.417969 0.014947 0.014947
1 0.668020 0.402674 0.012369 0.012369
1 0.767705 0.390857 0.019022 0.019022
1 0.156302 0.375331 0.012369 0.012369
1 0.879033 0.340075 0.019022 0.019022
1 0.789062 0.335938 0.014947 0.014947
1 0.687627 0.334216 0.019022 0.019022
1 0.615361 0.334216 0.019022 0.019022
1 0.748174 0.324450 0.019022 0.019022
1 0.636845 0.302966 0.019022 0.019022
1 0.668095 0.289294 0.019022 0.019022
1 0.707158 0.281482 0.019022 0.019022
1 0.789114 0.246424 0.012369 0.012369
1 0.261719 0.244141 0.014947 0.014947
1 0.351689 0.234607 0.019022 0.019022
1 0.584111 0.232653 0.019022 0.019022
1 0.244141 0.224609 0.014947 0.014947
1 0.689453 0.218750 0.014947 0.014947
1 0.445439 0.218982 0.019022 0.019022
1 0.181641 0.208984 0.014947 0.014947
1 0.992239 0.197596 0.012369 0.012369
1 0.113408 0.191638 0.019022 0.019022
1 0.927861 0.158435 0.019022 0.019022
1 0.726562 0.152344 0.014947 0.014947
1 0.701172 0.154297 0.014947 0.014947
1 0.595830 0.148669 0.019022 0.019022
1 0.357549 0.146716 0.019022 0.019022
1 0.306767 0.136950 0.019022 0.019022
1 0.271611 0.123278 0.019022 0.019022
1 0.244267 0.117419 0.019022 0.019022
1 0.427861 0.109607 0.019022 0.019022
1 0.173828 0.095703 0.014947 0.014947
1 0.992239 0.094081 0.012369 0.012369
1 0.355595 0.095935 0.019022 0.019022
1 0.146484 0.093750 0.014947 0.014947
1 0.156377 0.066638 0.019022 0.019022
1 0.537236 0.064685 0.019022 0.019022
1 0.377080 0.060778 0.019022 0.019022
1 0.679814 0.047107 0.019022 0.019022
1 0.312627 0.035388 0.019022 0.019022
1 0.205205 0.033435 0.019022 0.019022
1 0.121220 0.035388 0.019022 0.019022
1 0.849609 0.978516 0.014947 0.014947
1 0.806767 0.967028 0.019022 0.019022
1 0.494267 0.959216 0.019022 0.019022
1 0.412236 0.890857 0.019022 0.019022
1 0.824345 0.869372 0.019022 0.019022
1 0.894658 0.869372 0.019022 0.019022
1 0.849661 0.816737 0.012369 0.012369
1 0.828177 0.814784 0.012369 0.012369
1 0.712891 0.808594 0.014947 0.014947
1 0.769531 0.785156 0.014947 0.014947
1 0.642705 0.777575 0.019022 0.019022
1 0.693411 0.742518 0.012369 0.012369
1 0.925908 0.742419 0.019022 0.019022
1 0.902470 0.715075 0.019022 0.019022
1 0.939580 0.707263 0.019022 0.019022
1 0.806767 0.687732 0.019022 0.019022
1 0.759892 0.660388 0.019022 0.019022
1 0.509892 0.660388 0.019022 0.019022
1 0.689580 0.658435 0.019022 0.019022
1 0.935547 0.652344 0.022475 0.022475
1 0.636845 0.650622 0.019022 0.019022
1 0.908255 0.631190 0.012369 0.012369
1 0.386719 0.626953 0.030378 0.030378
1 0.132939 0.615466 0.019022 0.019022
1 0.511845 0.595935 0.019022 0.019022
1 0.462891 0.568359 0.014947 0.014947
1 0.179739 0.570643 0.012369 0.012369
1 0.201172 0.562500 0.014947 0.014947
1 0.240361 0.545153 0.019022 0.019022
1 0.277470 0.535388 0.019022 0.019022
1 0.173828 0.525391 0.014947 0.014947
1 0.640677 0.521815 0.012369 0.012369
1 0.308720 0.504138 0.019022 0.019022
1 0.336064 0.504138 0.019022 0.019022
1 0.611455 0.494372 0.019022 0.019022
1 0.972783 0.478747 0.019022 0.019022
1 0.181767 0.476794 0.019022 0.019022
1 0.568486 0.472888 0.019022 0.019022
1 0.672002 0.465075 0.019022 0.019022
1 0.925908 0.443591 0.019022 0.019022
1 0.662161 0.439784 0.012369 0.012369
1 0.820312 0.416016 0.014947 0.014947
1 0.375127 0.408435 0.019022 0.019022
1 0.228642 0.381091 0.019022 0.019022
1 0.185674 0.381091 0.019022 0.019022
1 0.349609 0.378906 0.022475 0.022475
1 0.642705 0.373278 0.019022 0.019022
1 0.517705 0.359607 0.019022 0.019022
1 0.105469 0.359375 0.014947 0.014947
1 0.252080 0.349841 0.019022 0.019022
1 0.318486 0.343982 0.019022 0.019022
1 0.105595 0.328357 0.019022 0.019022
1 0.361328 0.306641 0.014947 0.014947
1 0.179814 0.301013 0.019022 0.019022
1 0.103642 0.297107 0.019022 0.019022
1 0.367188 0.281250 0.014947 0.014947
1 0.800781 0.226562 0.014947 0.014947
1 0.275517 0.199450 0.019022 0.019022
1 0.337891 0.193359 0.022475 0.022475
1 0.195312 0.187500 0.014947 0.014947
1 0.173955 0.158435 0.019022 0.019022
1 0.052861 0.156482 0.019022 0.019022
1 0.140752 0.154528 0.019022 0.019022
1 0.626953 0.093750 0.014947 0.014947
1 0.318486 0.080310 0.019022 0.019022
1 0.718877 0.041247 0.019022 0.019022
1 0.082158 0.037341 0.019022 0.019022
1 0.150517 0.986560 0.019022 0.019022
1 0.355595 0.970935 0.019022 0.019022
1 0.576172 0.968750 0.014947 0.014947
1 0.713017 0.947497 0.019022 0.019022
1 0.845830 0.947497 0.019022 0.019022
1 0.095830 0.922107 0.019022 0.019022
1 0.484502 0.910388 0.019022 0.019022
1 0.541016 0.902344 0.022475 0.022475
1 0.656377 0.884997 0.019022 0.019022
1 0.339970 0.873278 0.019022 0.019022
1 0.410283 0.859607 0.019022 0.019022
1 0.107422 0.851562 0.014947 0.014947
1 0.338017 0.840075 0.019022 0.019022
1 0.136845 0.826403 0.019022 0.019022
1 0.369267 0.789294 0.019022 0.019022
1 0.609502 0.777575 0.019022 0.019022
1 0.121220 0.763903 0.019022 0.019022
1 0.431767 0.763903 0.019022 0.019022
1 0.150517 0.732653 0.019022 0.019022
1 0.250127 0.718982 0.019022 0.019022
1 0.197392 0.689685 0.019022 0.019022
1 0.072266 0.623047 0.014947 0.014947
1 0.181641 0.597656 0.014947 0.014947
1 0.017705 0.529528 0.019022 0.019022
1 0.199345 0.508044 0.019022 0.019022
1 0.105595 0.490466 0.019022 0.019022
1 0.021611 0.424060 0.019022 0.019022
1 0.091924 0.418200 0.019022 0.019022
1 0.041142 0.396716 0.019022 0.019022
1 0.447392 0.379138 0.019022 0.019022
1 0.716924 0.316638 0.019022 0.019022
1 0.005911 0.244471 0.012369 0.012369
1 0.119267 0.228747 0.019022 0.019022
1 0.943411 0.006190 0.012369 0.012369
1 0.111455 0.963122 0.019022 0.019022
1 0.297002 0.957263 0.019022 0.019022
1 0.334111 0.910388 0.019022 0.019022
1 0.572392 0.896716 0.019022 0.019022
1 0.064580 0.875232 0.019022 0.019022
1 0.316533 0.810778 0.019022 0.019022
1 0.156377 0.802966 0.019022 0.019022
1 0.054688 0.796875 0.014947 0.014947
1 0.068359 0.777344 0.014947 0.014947
1 0.326299 0.759997 0.019022 0.019022
1 0.337891 0.685547 0.014947 0.014947
1 0.763672 0.595703 0.014947 0.014947
1 0.254033 0.931872 0.019022 0.019022
1 0.132939 0.857653 0.019022 0.019022
1 0.041016 0.832031 0.014947 0.014947
1 0.324390 0.631062 0.034741 0.034741
1 0.460938 0.544922 0.014947 0.014947
1 0.550781 0.972656 0.014947 0.014947
1 0.486328 0.183594 0.022475 0.022475
