1 0.818359 0.830078 0.022475 0.022475
1 0.476689 0.416247 0.019022 0.019022
1 0.574219 0.388672 0.022475 0.022475
1 0.929688 0.234375 0.014947 0.014947
1 0.480469 0.150391 0.022475 0.022475
1 0.681767 0.426013 0.019022 0.019022
1 0.007864 0.115565 0.012369 0.012369
1 0.541172 0.498257 0.026766 0.026766
1 0.841797 0.482422 0.014947 0.014947
1 0.664189 0.220935 0.019022 0.019022
1 0.959111 0.121325 0.019022 0.019022
1 0.886845 0.095935 0.019022 0.019022
1 0.820364 0.474940 0.012369 0.012369
1 0.964970 0.377185 0.019022 0.019022
1 0.621220 0.244372 0.019022 0.019022
1 0.876953 0.230469 0.014947 0.014947
1 0.894658 0.207263 0.019022 0.019022
1 0.681767 0.177966 0.019022 0.019022
1 0.851689 0.160388 0.019022 0.019022
1 0.470703 0.064453 0.014947 0.014947
1 0.459036 0.039393 0.012369 0.012369
1 0.576329 0.949428 0.026766 0.026766
1 0.197392 0.595935 0.019022 0.019022
1 0.593877 0.541247 0.019022 0.019022
1 0.847783 0.517810 0.019022 0.019022
1 0.816406 0.501953 0.014947 0.014947
1 0.935674 0.496325 0.019022 0.019022
1 0.754033 0.476794 0.019022 0.019022
1 0.769658 0.439685 0.019022 0.019022
1 0.927861 0.369372 0.019022 0.019022
1 0.759892 0.349841 0.019022 0.019022
1 0.726689 0.330310 0.019022 0.019022
1 0.650517 0.304919 0.019022 0.019022
1 0.681767 0.285388 0.019022 0.019022
1 0.482422 0.246094 0.022475 0.022475
1 0.822392 0.222888 0.019022 0.019022
1 0.712942 0.217128 0.012369 0.012369
1 0.693411 0.215174 0.012369 0.012369
1 0.474736 0.211169 0.019022 0.019022
1 0.599736 0.201403 0.019022 0.019022
1 0.427861 0.195544 0.019022 0.019022
1 0.562627 0.148669 0.019022 0.019022
1 0.627080 0.142810 0.019022 0.019022
1 0.408330 0.129138 0.019022 0.019022
1 0.511845 0.066638 0.019022 0.019022
1 0.379033 0.027575 0.019022 0.019022
1 0.004738 0.025535 0.011452 0.011452
1 0.591924 0.023669 0.019022 0.019022
1 0.445312 0.021484 0.014947 0.014947
1 0.531250 0.750000 0.022475 0.022475
1 0.955205 0.717028 0.019022 0.019022
1 0.226562 0.675781 0.030378 0.030378
1 0.863408 0.672107 0.019022 0.019022
1 0.728642 0.662341 0.019022 0.019022
1 0.601689 0.638903 0.019022 0.019022
1 0.892705 0.634997 0.019022 0.019022
1 0.693486 0.607653 0.019022 0.019022
1 0.991718 0.525391 0.014452 0.014452
1 0.427861 0.523669 0.019022 0.019022
1 0.466797 0.515625 0.014947 0.014947
1 0.668095 0.509997 0.019022 0.019022
1 0.685674 0.484607 0.019022 0.019022
1 0.531377 0.457263 0.019022 0.019022
1 0.689453 0.449219 0.014947 0.014947
1 0.435674 0.435778 0.019022 0.019022
1 0.646611 0.416247 0.019022 0.019022
1 0.619267 0.377185 0.019022 0.019022
1 0.265752 0.373278 0.019022 0.019022
1 0.783330 0.302966 0.019022 0.019022
1 0.558720 0.271716 0.019022 0.019022
1 0.519658 0.248278 0.019022 0.019022
1 0.132864 0.232753 0.012369 0.012369
1 0.017705 0.189685 0.019022 0.019022
1 0.398564 0.179919 0.019022 0.019022
1 0.185599 0.156581 0.012369 0.012369
1 0.427861 0.150622 0.019022 0.019022
1 0.166016 0.148438 0.014947 0.014947
1 0.144658 0.133044 0.019022 0.019022
1 0.318486 0.123278 0.019022 0.019022
1 0.107549 0.033435 0.019022 0.019022
1 0.207158 0.023669 0.019022 0.019022
1 0.060674 0.019763 0.019022 0.019022
1 0.652395 0.006190 0.012369 0.012369
1 0.861455 0.879138 0.019022 0.019022
1 0.916142 0.812732 0.019022 0.019022
1 0.769658 0.801013 0.019022 0.019022
1 0.211064 0.726794 0.019022 0.019022
1 0.543095 0.701403 0.019022 0.019022
1 0.324219 0.699219 0.014947 0.014947
1 0.119192 0.691737 0.012369 0.012369
1 0.345703 0.689453 0.014947 0.014947
1 0.422002 0.650622 0.019022 0.019022
1 0.515752 0.646716 0.019022 0.019022
1 0.300908 0.633044 0.019022 0.019022
1 0.084111 0.634997 0.019022 0.019022
1 0.826299 0.617419 0.019022 0.019022
1 0.431641 0.605469 0.014947 0.014947
1 0.082158 0.605700 0.019022 0.019022
1 0.498174 0.603747 0.019022 0.019022
1 0.419974 0.597987 0.012369 0.012369
1 0.267705 0.582263 0.019022 0.019022
1 0.353567 0.543299 0.012369 0.012369
1 0.373099 0.535487 0.012369 0.012369
1 0.447392 0.498278 0.019022 0.019022
1 0.072392 0.480700 0.019022 0.019022
1 0.324345 0.422107 0.019022 0.019022
1 0.189580 0.398669 0.019022 0.019022
1 0.298955 0.386950 0.019022 0.019022
1 0.035283 0.386950 0.019022 0.019022
1 0.238281 0.384766 0.014947 0.014947
1 0.162236 0.357653 0.019022 0.019022
1 0.384892 0.310778 0.019022 0.019022
1 0.045049 0.310778 0.019022 0.019022
1 0.168095 0.308825 0.019022 0.019022
1 0.425908 0.299060 0.019022 0.019022
1 0.501953 0.269531 0.014947 0.014947
1 0.382939 0.265857 0.019022 0.019022
1 0.031377 0.246325 0.019022 0.019022
1 0.152395 0.226893 0.012369 0.012369
1 0.191533 0.183825 0.019022 0.019022
1 0.252005 0.148768 0.012369 0.012369
1 0.541016 0.004883 0.011662 0.011662
1 0.964970 0.931872 0.019022 0.019022
1 0.929814 0.929919 0.019022 0.019022
1 0.119267 0.902575 0.019022 0.019022
1 0.086064 0.894763 0.019022 0.019022
1 0.404424 0.892810 0.019022 0.019022
1 0.193486 0.879138 0.019022 0.019022
1 0.144658 0.861560 0.019022 0.019022
1 0.185547 0.855469 0.014947 0.014947
1 0.013672 0.855469 0.014947 0.014947
1 0.580205 0.849841 0.019022 0.019022
1 0.437627 0.836169 0.019022 0.019022
1 0.578252 0.822497 0.019022 0.019022
1 0.023564 0.814685 0.019022 0.019022
1 0.390625 0.802734 0.014947 0.014947
1 0.181767 0.795153 0.019022 0.019022
1 0.404297 0.781250 0.014947 0.014947
1 0.115361 0.740466 0.019022 0.019022
1 0.478642 0.734607 0.019022 0.019022
1 0.074219 0.695312 0.014947 0.014947
1 0.048828 0.687500 0.014947 0.014947
1 0.128958 0.672206 0.012369 0.012369
1 0.179814 0.646716 0.019022 0.019022
1 0.269658 0.642810 0.019022 0.019022
1 0.218750 0.578125 0.014947 0.014947
1 0.113408 0.564685 0.019022 0.019022
1 0.265752 0.517810 0.019022 0.019022
1 0.091797 0.458984 0.014947 0.014947
1 0.056767 0.349841 0.019022 0.019022
1 0.105595 0.330310 0.019022 0.019022
1 0.009766 0.281250 0.014947 0.014947
1 0.230520 0.144862 0.012369 0.012369
1 0.183720 0.976794 0.019022 0.019022
1 0.359502 0.968982 0.019022 0.019022
1 0.507939 0.939685 0.019022 0.019022
1 0.279424 0.927966 0.019022 0.019022
1 0.486455 0.857653 0.019022 0.019022
1 0.216924 0.828357 0.019022 0.019022
1 0.107549 0.781482 0.019022 0.019022
1 0.543095 0.929919 0.019022 0.019022
1 0.377080 0.904528 0.019022 0.019022
1 0.115361 0.855700 0.019022 0.019022
