1 0.308594 0.953125 0.022475 0.022475
1 0.832031 0.822266 0.022475 0.022475
1 0.912109 0.535156 0.022475 0.022475
1 0.371094 0.400391 0.022475 0.022475
1 0.757812 0.041016 0.022475 0.022475
1 0.828282 0.465053 0.026766 0.026766
1 0.910156 0.074219 0.030378 0.030378
1 0.937627 0.041247 0.019022 0.019022
1 0.914062 0.009766 0.014947 0.014947
1 0.961064 0.218982 0.019022 0.019022
1 0.910283 0.103747 0.019022 0.019022
1 0.798955 0.068591 0.019022 0.019022
1 0.806767 0.027575 0.019022 0.019022
1 0.892705 0.732653 0.019022 0.019022
1 0.814505 0.646815 0.012369 0.012369
1 0.838017 0.595935 0.019022 0.019022
1 0.988281 0.593750 0.014947 0.014947
1 0.974736 0.386950 0.019022 0.019022
1 0.867314 0.381091 0.019022 0.019022
1 0.714970 0.297107 0.019022 0.019022
1 0.591924 0.291247 0.019022 0.019022
1 0.789189 0.277575 0.019022 0.019022
1 0.939580 0.261950 0.019022 0.019022
1 0.713017 0.254138 0.019022 0.019022
1 0.566533 0.195544 0.019022 0.019022
1 0.584111 0.148669 0.019022 0.019022
1 0.697392 0.127185 0.019022 0.019022
1 0.787236 0.105700 0.019022 0.019022
1 0.593877 0.097888 0.019022 0.019022
1 0.718877 0.092028 0.019022 0.019022
1 0.533330 0.015857 0.019022 0.019022
1 0.920049 0.707263 0.019022 0.019022
1 0.945439 0.640857 0.019022 0.019022
1 0.802786 0.629237 0.012369 0.012369
1 0.664189 0.629138 0.019022 0.019022
1 0.830078 0.626953 0.014947 0.014947
1 0.414114 0.586268 0.012369 0.012369
1 0.586064 0.584216 0.019022 0.019022
1 0.648564 0.552966 0.019022 0.019022
1 0.728642 0.525622 0.019022 0.019022
1 0.570312 0.519531 0.014947 0.014947
1 0.961064 0.504138 0.019022 0.019022
1 0.525517 0.488513 0.019022 0.019022
1 0.752080 0.484607 0.019022 0.019022
1 0.617314 0.468982 0.019022 0.019022
1 0.550908 0.449450 0.019022 0.019022
1 0.769658 0.410388 0.019022 0.019022
1 0.285283 0.398669 0.019022 0.019022
1 0.595703 0.353516 0.014947 0.014947
1 0.619141 0.351562 0.014947 0.014947
1 0.349736 0.291247 0.019022 0.019022
1 0.660283 0.256091 0.019022 0.019022
1 0.582158 0.248278 0.019022 0.019022
1 0.423955 0.244372 0.019022 0.019022
1 0.316533 0.086169 0.019022 0.019022
1 0.222783 0.072497 0.019022 0.019022
1 0.972783 0.902575 0.019022 0.019022
1 0.843750 0.896484 0.014947 0.014947
1 0.867188 0.880859 0.014947 0.014947
1 0.644658 0.857653 0.019022 0.019022
1 0.746094 0.845703 0.022475 0.022475
1 0.642705 0.820544 0.019022 0.019022
1 0.449345 0.763903 0.019022 0.019022
1 0.742314 0.720935 0.019022 0.019022
1 0.392578 0.556641 0.014947 0.014947
1 0.420049 0.543200 0.019022 0.019022
1 0.595830 0.508044 0.019022 0.019022
1 0.496220 0.496325 0.019022 0.019022
1 0.652470 0.492419 0.019022 0.019022
1 0.431767 0.476794 0.019022 0.019022
1 0.197266 0.457031 0.014947 0.014947
1 0.398564 0.449450 0.019022 0.019022
1 0.185547 0.433594 0.014947 0.014947
1 0.439580 0.396716 0.019022 0.019022
1 0.062500 0.343750 0.014947 0.014947
1 0.160328 0.240437 0.034741 0.034741
1 0.271611 0.185778 0.019022 0.019022
1 0.322392 0.043200 0.019022 0.019022
1 0.781302 0.006190 0.012369 0.012369
1 0.484375 0.982422 0.014947 0.014947
1 0.709111 0.980700 0.019022 0.019022
1 0.541142 0.883044 0.019022 0.019022
1 0.548955 0.806872 0.019022 0.019022
1 0.380986 0.801013 0.019022 0.019022
1 0.402470 0.763903 0.019022 0.019022
1 0.464970 0.709216 0.019022 0.019022
1 0.144658 0.689685 0.019022 0.019022
1 0.306641 0.687500 0.022475 0.022475
1 0.418095 0.650622 0.019022 0.019022
1 0.187627 0.634997 0.019022 0.019022
1 0.240361 0.515857 0.019022 0.019022
1 0.023564 0.463122 0.019022 0.019022
1 0.621220 0.429919 0.019022 0.019022
1 0.087891 0.337891 0.014947 0.014947
1 0.052861 0.261950 0.019022 0.019022
1 0.109502 0.226794 0.019022 0.019022
1 0.087942 0.006190 0.012369 0.012369
1 0.267705 0.974841 0.019022 0.019022
1 0.220830 0.968982 0.019022 0.019022
1 0.173955 0.886950 0.019022 0.019022
1 0.293095 0.756091 0.019022 0.019022
1 0.013799 0.549060 0.019022 0.019022
1 0.150517 0.976794 0.019022 0.019022
1 0.013799 0.873278 0.019022 0.019022
1 0.164189 0.843982 0.019022 0.019022
1 0.175908 0.789294 0.019022 0.019022
1 0.068411 0.990565 0.012369 0.012369
1 0.718750 0.006329 0.014452 0.014452
