1 0.710938 0.650391 0.014947 0.014947
1 0.748047 0.632812 0.014947 0.014947
1 0.980595 0.568591 0.019022 0.019022
1 0.462942 0.439784 0.012369 0.012369
1 0.545049 0.414294 0.019022 0.019022
1 0.441533 0.345935 0.019022 0.019022
1 0.400391 0.246094 0.014947 0.014947
1 0.423955 0.224841 0.019022 0.019022
1 0.916142 0.191638 0.019022 0.019022
1 0.162109 0.162109 0.014947 0.014947
1 0.730469 0.050781 0.022475 0.022475
1 0.195312 0.902344 0.022475 0.022475
1 0.957031 0.878906 0.022475 0.022475
1 0.709111 0.802966 0.019022 0.019022
1 0.943359 0.753906 0.022475 0.022475
1 0.853516 0.625000 0.014947 0.014947
1 0.636719 0.576172 0.022475 0.022475
1 0.457031 0.281250 0.022475 0.022475
1 0.545079 0.191616 0.026766 0.026766
1 0.088017 0.968982 0.019022 0.019022
1 0.402344 0.863281 0.014947 0.014947
1 0.814610 0.847866 0.026766 0.026766
1 0.917969 0.804688 0.022475 0.022475
1 0.587891 0.781250 0.022475 0.022475
1 0.097656 0.675781 0.022475 0.022475
1 0.703125 0.503906 0.022475 0.022475
1 0.947266 0.462891 0.014947 0.014947
1 0.816563 0.185757 0.026766 0.026766
1 0.515625 0.105469 0.022475 0.022475
1 0.216797 0.787109 0.022475 0.022475
1 0.787236 0.730700 0.019022 0.019022
1 0.136719 0.529297 0.022475 0.022475
1 0.933720 0.439685 0.019022 0.019022
1 0.958984 0.378906 0.014947 0.014947
1 0.953125 0.351562 0.014947 0.014947
1 0.371094 0.988281 0.014947 0.014947
1 0.992239 0.742518 0.012369 0.012369
1 0.410313 0.543178 0.026766 0.026766
1 0.457031 0.390625 0.014947 0.014947
1 0.988281 0.335938 0.014947 0.014947
1 0.929814 0.265857 0.019022 0.019022
1 0.554814 0.261950 0.019022 0.019022
1 0.986328 0.175781 0.014947 0.014947
1 0.318486 0.144763 0.019022 0.019022
1 0.654424 0.105700 0.019022 0.019022
1 0.767705 0.074450 0.019022 0.019022
1 0.845830 0.051013 0.019022 0.019022
1 0.759892 0.043200 0.019022 0.019022
1 0.912161 0.031581 0.012369 0.012369
1 0.765752 0.013903 0.019022 0.019022
1 0.410156 0.009766 0.014947 0.014947
1 0.865286 0.006190 0.012369 0.012369
1 0.916142 0.847888 0.019022 0.019022
1 0.646484 0.785156 0.030378 0.030378
1 0.687500 0.646484 0.014947 0.014947
1 0.896484 0.636719 0.014947 0.014947
1 0.728567 0.625331 0.012369 0.012369
1 0.791142 0.607653 0.019022 0.019022
1 0.843802 0.603846 0.012369 0.012369
1 0.873204 0.595913 0.026766 0.026766
1 0.574270 0.596034 0.012369 0.012369
1 0.993501 0.595940 0.011557 0.011557
1 0.923828 0.593750 0.014947 0.014947
1 0.634766 0.542969 0.014947 0.014947
1 0.945439 0.515857 0.019022 0.019022
1 0.304814 0.494372 0.019022 0.019022
1 0.675908 0.486560 0.019022 0.019022
1 0.105625 0.488491 0.026766 0.026766
1 0.757812 0.482422 0.014947 0.014947
1 0.797002 0.461169 0.019022 0.019022
1 0.703252 0.457263 0.019022 0.019022
1 0.501953 0.441406 0.014947 0.014947
1 0.572266 0.410156 0.014947 0.014947
1 0.466797 0.410156 0.014947 0.014947
1 0.754033 0.383044 0.019022 0.019022
1 0.830205 0.377185 0.019022 0.019022
1 0.705205 0.353747 0.019022 0.019022
1 0.845830 0.345935 0.019022 0.019022
1 0.384766 0.335938 0.014947 0.014947
1 0.908330 0.322497 0.019022 0.019022
1 0.763724 0.310878 0.012369 0.012369
1 0.709111 0.289294 0.019022 0.019022
1 0.978516 0.285156 0.014947 0.014947
1 0.509766 0.273438 0.014947 0.014947
1 0.464970 0.248278 0.019022 0.019022
1 0.832158 0.246325 0.019022 0.019022
1 0.291142 0.232653 0.019022 0.019022
1 0.968877 0.230700 0.019022 0.019022
1 0.851689 0.224841 0.019022 0.019022
1 0.396611 0.213122 0.019022 0.019022
1 0.875000 0.199219 0.014947 0.014947
1 0.693486 0.181872 0.019022 0.019022
1 0.359375 0.166016 0.014947 0.014947
1 0.763799 0.158435 0.019022 0.019022
1 0.578252 0.146716 0.019022 0.019022
1 0.232474 0.142909 0.012369 0.012369
1 0.414189 0.133044 0.019022 0.019022
1 0.720703 0.130859 0.022475 0.022475
1 0.461064 0.117419 0.019022 0.019022
1 0.566533 0.107653 0.019022 0.019022
1 0.783330 0.097888 0.019022 0.019022
1 0.115361 0.095935 0.019022 0.019022
1 0.068486 0.093982 0.019022 0.019022
1 0.466924 0.070544 0.019022 0.019022
1 0.416142 0.066638 0.019022 0.019022
1 0.906250 0.064453 0.014947 0.014947
1 0.533330 0.062732 0.019022 0.019022
1 0.279297 0.056641 0.014947 0.014947
1 0.632812 0.019531 0.014947 0.014947
1 0.699345 0.015857 0.019022 0.019022
1 0.306767 0.013903 0.019022 0.019022
1 0.613333 0.006190 0.012369 0.012369
1 0.785208 0.951503 0.012369 0.012369
1 0.246145 0.945643 0.012369 0.012369
1 0.793020 0.931971 0.012369 0.012369
1 0.824219 0.898438 0.014947 0.014947
1 0.779424 0.888903 0.019022 0.019022
1 0.419922 0.890625 0.022475 0.022475
1 0.837942 0.883143 0.012369 0.012369
1 0.378958 0.853846 0.012369 0.012369
1 0.547002 0.820544 0.019022 0.019022
1 0.814580 0.789294 0.019022 0.019022
1 0.910283 0.758044 0.019022 0.019022
1 0.773489 0.750331 0.012369 0.012369
1 0.675908 0.717028 0.019022 0.019022
1 0.425781 0.703125 0.014947 0.014947
1 0.918095 0.691638 0.019022 0.019022
1 0.691533 0.691638 0.019022 0.019022
1 0.160283 0.689685 0.019022 0.019022
1 0.543020 0.666346 0.012369 0.012369
1 0.463017 0.664294 0.019022 0.019022
1 0.939453 0.648438 0.014947 0.014947
1 0.826172 0.638672 0.014947 0.014947
1 0.279349 0.631190 0.012369 0.012369
1 0.921927 0.627284 0.012369 0.012369
1 0.937500 0.613281 0.014947 0.014947
1 0.759766 0.558594 0.014947 0.014947
1 0.361328 0.556641 0.014947 0.014947
1 0.830205 0.547107 0.019022 0.019022
1 0.533255 0.541346 0.012369 0.012369
1 0.742188 0.539062 0.014947 0.014947
1 0.613281 0.529297 0.014947 0.014947
1 0.552734 0.527344 0.014947 0.014947
1 0.814580 0.513903 0.019022 0.019022
1 0.228642 0.504138 0.019022 0.019022
1 0.779297 0.496094 0.014947 0.014947
1 0.535283 0.490466 0.019022 0.019022
1 0.144658 0.488513 0.019022 0.019022
1 0.031377 0.451403 0.019022 0.019022
1 0.388799 0.447497 0.019022 0.019022
1 0.619267 0.443591 0.019022 0.019022
1 0.675781 0.435547 0.014947 0.014947
1 0.289189 0.427966 0.019022 0.019022
1 0.423955 0.424060 0.019022 0.019022
1 0.203125 0.421875 0.014947 0.014947
1 0.660156 0.416016 0.014947 0.014947
1 0.501953 0.414062 0.014947 0.014947
1 0.097708 0.406581 0.012369 0.012369
1 0.324345 0.386950 0.019022 0.019022
1 0.543020 0.379237 0.012369 0.012369
1 0.419922 0.361328 0.014947 0.014947
1 0.107422 0.341797 0.014947 0.014947
1 0.638799 0.336169 0.019022 0.019022
1 0.937627 0.316638 0.019022 0.019022
1 0.390625 0.308594 0.014947 0.014947
1 0.992239 0.305018 0.012369 0.012369
1 0.099736 0.297107 0.019022 0.019022
1 0.857549 0.297107 0.019022 0.019022
1 0.250127 0.281482 0.019022 0.019022
1 0.295049 0.265857 0.019022 0.019022
1 0.189580 0.261950 0.019022 0.019022
1 0.119141 0.265625 0.006233 0.006233
1 0.509817 0.252284 0.012369 0.012369
1 0.613408 0.244372 0.019022 0.019022
1 0.130986 0.218982 0.019022 0.019022
1 0.476689 0.213122 0.019022 0.019022
1 0.261845 0.211169 0.019022 0.019022
1 0.060674 0.168200 0.019022 0.019022
1 0.189453 0.164062 0.014947 0.014947
1 0.214895 0.154628 0.012369 0.012369
1 0.277470 0.144763 0.019022 0.019022
1 0.357549 0.133044 0.019022 0.019022
1 0.072392 0.123278 0.019022 0.019022
1 0.048955 0.072497 0.019022 0.019022
1 0.939453 0.066406 0.022475 0.022475
1 0.089970 0.051013 0.019022 0.019022
1 0.271484 0.027344 0.022475 0.022475
1 0.634892 0.982653 0.019022 0.019022
1 0.896611 0.976794 0.019022 0.019022
1 0.316533 0.965075 0.019022 0.019022
1 0.716924 0.957263 0.019022 0.019022
1 0.980595 0.937732 0.019022 0.019022
1 0.902344 0.939453 0.022475 0.022475
1 0.673955 0.920153 0.019022 0.019022
1 0.047002 0.912341 0.019022 0.019022
1 0.589970 0.867419 0.019022 0.019022
1 0.699345 0.863513 0.019022 0.019022
1 0.209111 0.834216 0.019022 0.019022
1 0.738281 0.814453 0.014947 0.014947
1 0.482549 0.801013 0.019022 0.019022
1 0.857549 0.756091 0.019022 0.019022
1 0.699345 0.754138 0.019022 0.019022
1 0.603642 0.748278 0.019022 0.019022
1 0.525391 0.744141 0.014947 0.014947
1 0.507812 0.732422 0.014947 0.014947
1 0.576299 0.728747 0.019022 0.019022
1 0.234502 0.677966 0.019022 0.019022
1 0.007864 0.652674 0.012369 0.012369
1 0.214970 0.648669 0.019022 0.019022
1 0.502080 0.644763 0.019022 0.019022
1 0.162236 0.601794 0.019022 0.019022
1 0.127080 0.601794 0.019022 0.019022
1 0.035283 0.595935 0.019022 0.019022
1 0.472813 0.593960 0.026766 0.026766
1 0.386845 0.578357 0.019022 0.019022
1 0.101689 0.568591 0.019022 0.019022
1 0.211064 0.547107 0.019022 0.019022
1 0.043095 0.547107 0.019022 0.019022
1 0.449345 0.529528 0.019022 0.019022
1 0.015752 0.498278 0.019022 0.019022
1 0.177861 0.480700 0.019022 0.019022
1 0.224736 0.455310 0.019022 0.019022
1 0.060674 0.451403 0.019022 0.019022
1 0.189453 0.443359 0.014947 0.014947
1 0.103516 0.429688 0.014947 0.014947
1 0.136845 0.406482 0.019022 0.019022
1 0.181767 0.392810 0.019022 0.019022
1 0.132812 0.349609 0.014947 0.014947
1 0.474609 0.335938 0.030378 0.030378
1 0.015625 0.310547 0.014947 0.014947
1 0.066533 0.197497 0.019022 0.019022
1 0.443486 0.146716 0.019022 0.019022
1 0.129033 0.980700 0.019022 0.019022
1 0.173828 0.974609 0.014947 0.014947
1 0.043020 0.976893 0.012369 0.012369
1 0.595830 0.953357 0.019022 0.019022
1 0.101689 0.926013 0.019022 0.019022
1 0.093877 0.847888 0.019022 0.019022
1 0.154424 0.771716 0.019022 0.019022
1 0.246220 0.740466 0.019022 0.019022
1 0.205205 0.738513 0.019022 0.019022
1 0.129033 0.724841 0.019022 0.019022
1 0.011719 0.707031 0.014947 0.014947
1 0.445312 0.687500 0.014947 0.014947
1 0.363408 0.597888 0.019022 0.019022
1 0.570312 0.574219 0.014947 0.014947
1 0.992239 0.527674 0.012369 0.012369
1 0.045049 0.478747 0.019022 0.019022
1 0.257812 0.593750 0.014947 0.014947
1 0.408203 0.595703 0.014947 0.014947
1 0.164189 0.011950 0.019022 0.019022
1 0.451172 0.791016 0.014947 0.014947
