1 0.572266 0.812500 0.022475 0.022475
1 0.859375 0.498047 0.014947 0.014947
1 0.017705 0.400622 0.019022 0.019022
1 0.984375 0.275391 0.022475 0.022475
1 0.962891 0.220703 0.022475 0.022475
1 0.605469 0.183594 0.022475 0.022475
1 0.869267 0.152575 0.019022 0.019022
1 0.486328 0.130859 0.022475 0.022475
1 0.433594 0.009766 0.014947 0.014947
1 0.322317 0.515956 0.012369 0.012369
1 0.845703 0.435547 0.014947 0.014947
1 0.162161 0.336268 0.012369 0.012369
1 0.966924 0.049060 0.019022 0.019022
1 0.300781 0.044922 0.022475 0.022475
1 0.816533 0.922107 0.019022 0.019022
1 0.308720 0.689685 0.019022 0.019022
1 0.746094 0.662109 0.022475 0.022475
1 0.783203 0.640625 0.014947 0.014947
1 0.300833 0.529628 0.012369 0.012369
1 0.857474 0.521815 0.012369 0.012369
1 0.158203 0.494141 0.014947 0.014947
1 0.093750 0.492188 0.022475 0.022475
1 0.203125 0.455078 0.022475 0.022475
1 0.185674 0.416247 0.019022 0.019022
1 0.365234 0.406250 0.014947 0.014947
1 0.757812 0.279297 0.014947 0.014947
1 0.560674 0.980700 0.019022 0.019022
1 0.586064 0.931872 0.019022 0.019022
1 0.683720 0.916247 0.019022 0.019022
1 0.785156 0.884766 0.022475 0.022475
1 0.769658 0.802966 0.019022 0.019022
1 0.748047 0.765625 0.022475 0.022475
1 0.539062 0.695312 0.014947 0.014947
1 0.761845 0.599841 0.019022 0.019022
1 0.539189 0.433825 0.019022 0.019022
1 0.314453 0.261719 0.022475 0.022475
1 0.179688 0.843750 0.022475 0.022475
1 0.455205 0.744372 0.019022 0.019022
1 0.021611 0.511950 0.019022 0.019022
1 0.541142 0.465075 0.019022 0.019022
1 0.900391 0.158203 0.014947 0.014947
1 0.908330 0.099841 0.019022 0.019022
1 0.861455 0.099841 0.019022 0.019022
1 0.214844 0.062500 0.014947 0.014947
1 0.843877 0.011950 0.019022 0.019022
1 0.433720 0.900622 0.019022 0.019022
1 0.660156 0.890625 0.022475 0.022475
1 0.525517 0.853747 0.019022 0.019022
1 0.847656 0.546875 0.014947 0.014947
1 0.945439 0.529528 0.019022 0.019022
1 0.441563 0.492397 0.026766 0.026766
1 0.783330 0.437732 0.019022 0.019022
1 0.949345 0.424060 0.019022 0.019022
1 0.500000 0.416016 0.014947 0.014947
1 0.523438 0.396484 0.014947 0.014947
1 0.968877 0.396716 0.019022 0.019022
1 0.830078 0.363281 0.014947 0.014947
1 0.765625 0.359375 0.014947 0.014947
1 0.929814 0.355700 0.019022 0.019022
1 0.750000 0.339844 0.014947 0.014947
1 0.732474 0.308924 0.012369 0.012369
1 0.619267 0.267810 0.019022 0.019022
1 0.672002 0.265857 0.019022 0.019022
1 0.933720 0.244372 0.019022 0.019022
1 0.783330 0.242419 0.019022 0.019022
1 0.746220 0.215075 0.019022 0.019022
1 0.875127 0.195544 0.019022 0.019022
1 0.515625 0.187500 0.014947 0.014947
1 0.917969 0.183594 0.014947 0.014947
1 0.724736 0.160388 0.019022 0.019022
1 0.980595 0.156482 0.019022 0.019022
1 0.396656 0.158406 0.034741 0.034741
1 0.640752 0.156482 0.019022 0.019022
1 0.373174 0.136950 0.019022 0.019022
1 0.923828 0.123047 0.014947 0.014947
1 0.382939 0.093982 0.019022 0.019022
1 0.492239 0.068690 0.012369 0.012369
1 0.925781 0.062500 0.022475 0.022475
1 0.521536 0.060878 0.012369 0.012369
1 0.812627 0.051013 0.019022 0.019022
1 0.744192 0.049159 0.012369 0.012369
1 0.500052 0.049159 0.012369 0.012369
1 0.207083 0.043299 0.012369 0.012369
1 0.763672 0.041016 0.014947 0.014947
1 0.656377 0.039294 0.019022 0.019022
1 0.486380 0.031581 0.012369 0.012369
1 0.593877 0.017810 0.019022 0.019022
1 0.300781 0.009766 0.014947 0.014947
1 0.580130 0.957362 0.012369 0.012369
1 0.158203 0.957031 0.022475 0.022475
1 0.990286 0.875331 0.012369 0.012369
1 0.656407 0.797085 0.026766 0.026766
1 0.847783 0.666247 0.019022 0.019022
1 0.826299 0.642810 0.019022 0.019022
1 0.843750 0.576172 0.014947 0.014947
1 0.798955 0.554919 0.019022 0.019022
1 0.664189 0.523669 0.019022 0.019022
1 0.693486 0.509997 0.019022 0.019022
1 0.007864 0.486659 0.012369 0.012369
1 0.685599 0.478846 0.012369 0.012369
1 0.783330 0.467028 0.019022 0.019022
1 0.613408 0.467028 0.019022 0.019022
1 0.703177 0.465174 0.012369 0.012369
1 0.892705 0.465075 0.019022 0.019022
1 0.871094 0.449219 0.014947 0.014947
1 0.664189 0.429919 0.019022 0.019022
1 0.474609 0.408203 0.014947 0.014947
1 0.253906 0.398438 0.014947 0.014947
1 0.795049 0.392810 0.019022 0.019022
1 0.748174 0.386950 0.019022 0.019022
1 0.806767 0.353747 0.019022 0.019022
1 0.660283 0.340075 0.019022 0.019022
1 0.142578 0.242188 0.014947 0.014947
1 0.427861 0.228747 0.019022 0.019022
1 0.386845 0.228747 0.019022 0.019022
1 0.488281 0.191406 0.014947 0.014947
1 0.672002 0.185778 0.019022 0.019022
1 0.580205 0.166247 0.019022 0.019022
1 0.146611 0.164294 0.019022 0.019022
1 0.228642 0.152575 0.019022 0.019022
1 0.419922 0.142578 0.014947 0.014947
1 0.169922 0.117188 0.014947 0.014947
1 0.211064 0.111560 0.019022 0.019022
1 0.539189 0.109607 0.019022 0.019022
1 0.334111 0.101794 0.019022 0.019022
1 0.591924 0.097888 0.019022 0.019022
1 0.152470 0.082263 0.019022 0.019022
1 0.015625 0.072266 0.014947 0.014947
1 0.254033 0.058825 0.019022 0.019022
1 0.386845 0.052966 0.019022 0.019022
1 0.328177 0.037440 0.012369 0.012369
1 0.113281 0.962891 0.014947 0.014947
1 0.349609 0.939453 0.022475 0.022475
1 0.914189 0.924060 0.019022 0.019022
1 0.968877 0.832263 0.019022 0.019022
1 0.875127 0.822497 0.019022 0.019022
1 0.728642 0.806872 0.019022 0.019022
1 0.832158 0.797107 0.019022 0.019022
1 0.980469 0.796875 0.014947 0.014947
1 0.992239 0.777674 0.012369 0.012369
1 0.662236 0.744372 0.019022 0.019022
1 0.920049 0.724841 0.019022 0.019022
1 0.722783 0.718982 0.019022 0.019022
1 0.234502 0.707263 0.019022 0.019022
1 0.718750 0.687500 0.014947 0.014947
1 0.367314 0.670153 0.019022 0.019022
1 0.335938 0.666016 0.014947 0.014947
1 0.316533 0.644763 0.019022 0.019022
1 0.677861 0.629138 0.019022 0.019022
1 0.605595 0.627185 0.019022 0.019022
1 0.923828 0.621094 0.022475 0.022475
1 0.642705 0.621325 0.019022 0.019022
1 0.369267 0.605700 0.019022 0.019022
1 0.658330 0.593982 0.019022 0.019022
1 0.541142 0.588122 0.019022 0.019022
1 0.277470 0.588122 0.019022 0.019022
1 0.625052 0.578456 0.012369 0.012369
1 0.632864 0.556971 0.012369 0.012369
1 0.343750 0.529297 0.014947 0.014947
1 0.261719 0.521484 0.014947 0.014947
1 0.783330 0.519763 0.019022 0.019022
1 0.547002 0.517810 0.019022 0.019022
1 0.285208 0.514003 0.012369 0.012369
1 0.263672 0.500000 0.014947 0.014947
1 0.334111 0.463122 0.019022 0.019022
1 0.375000 0.431641 0.014947 0.014947
1 0.345703 0.425781 0.014947 0.014947
1 0.048955 0.422107 0.019022 0.019022
1 0.297002 0.414294 0.019022 0.019022
1 0.638799 0.412341 0.019022 0.019022
1 0.185674 0.381091 0.019022 0.019022
1 0.339895 0.369471 0.012369 0.012369
1 0.463017 0.359607 0.019022 0.019022
1 0.334036 0.349940 0.012369 0.012369
1 0.400391 0.337891 0.014947 0.014947
1 0.289189 0.316638 0.019022 0.019022
1 0.045049 0.281482 0.019022 0.019022
1 0.013672 0.273438 0.014947 0.014947
1 0.129033 0.267810 0.019022 0.019022
1 0.101501 0.246094 0.039301 0.039301
1 0.207158 0.236560 0.019022 0.019022
1 0.150391 0.216797 0.014947 0.014947
1 0.279424 0.172107 0.019022 0.019022
1 0.181767 0.144763 0.019022 0.019022
1 0.031377 0.125232 0.019022 0.019022
1 0.289189 0.105700 0.019022 0.019022
1 0.054814 0.070544 0.019022 0.019022
1 0.134892 0.031482 0.019022 0.019022
1 0.234502 0.023669 0.019022 0.019022
1 0.933720 0.967028 0.019022 0.019022
1 0.626953 0.958984 0.014947 0.014947
1 0.402344 0.951172 0.014947 0.014947
1 0.175781 0.933594 0.014947 0.014947
1 0.722828 0.931844 0.034741 0.034741
1 0.833984 0.896484 0.014947 0.014947
1 0.556767 0.890857 0.019022 0.019022
1 0.392750 0.890828 0.034741 0.034741
1 0.084036 0.885096 0.012369 0.012369
1 0.453125 0.882812 0.014947 0.014947
1 0.478516 0.878906 0.014947 0.014947
1 0.304814 0.871325 0.019022 0.019022
1 0.416142 0.865466 0.019022 0.019022
1 0.677734 0.861328 0.014947 0.014947
1 0.586064 0.857653 0.019022 0.019022
1 0.554814 0.843982 0.019022 0.019022
1 0.617188 0.824219 0.014947 0.014947
1 0.166016 0.818359 0.014947 0.014947
1 0.261845 0.810778 0.019022 0.019022
1 0.322392 0.804919 0.019022 0.019022
1 0.208984 0.804688 0.014947 0.014947
1 0.496220 0.801013 0.019022 0.019022
1 0.529424 0.793200 0.019022 0.019022
1 0.629033 0.775622 0.019022 0.019022
1 0.486328 0.769531 0.014947 0.014947
1 0.836064 0.742419 0.019022 0.019022
1 0.496220 0.720935 0.019022 0.019022
1 0.629033 0.718982 0.019022 0.019022
1 0.404424 0.666247 0.019022 0.019022
1 0.511845 0.644763 0.019022 0.019022
1 0.293095 0.619372 0.019022 0.019022
1 0.457158 0.603747 0.019022 0.019022
1 0.060674 0.578357 0.019022 0.019022
1 0.357474 0.547206 0.012369 0.012369
1 0.154424 0.535388 0.019022 0.019022
1 0.445439 0.529528 0.019022 0.019022
1 0.054814 0.519763 0.019022 0.019022
1 0.353642 0.488513 0.019022 0.019022
1 0.414189 0.470935 0.019022 0.019022
1 0.228642 0.468982 0.019022 0.019022
1 0.119267 0.459216 0.019022 0.019022
1 0.297002 0.447497 0.019022 0.019022
1 0.074345 0.435778 0.019022 0.019022
1 0.041142 0.379138 0.019022 0.019022
1 0.550781 0.347656 0.030378 0.030378
1 0.185599 0.322596 0.012369 0.012369
1 0.269531 0.004883 0.011662 0.011662
1 0.404349 0.990565 0.012369 0.012369
1 0.134766 0.978516 0.014947 0.014947
1 0.246220 0.961169 0.019022 0.019022
1 0.425781 0.953125 0.014947 0.014947
1 0.011719 0.953125 0.014947 0.014947
1 0.117314 0.931872 0.019022 0.019022
1 0.130859 0.898438 0.014947 0.014947
1 0.232549 0.894763 0.019022 0.019022
1 0.336064 0.888903 0.019022 0.019022
1 0.140752 0.851794 0.019022 0.019022
1 0.043095 0.849841 0.019022 0.019022
1 0.058594 0.812500 0.014947 0.014947
1 0.375000 0.814453 0.030378 0.030378
1 0.076299 0.742419 0.019022 0.019022
1 0.041142 0.728747 0.019022 0.019022
1 0.048955 0.676013 0.019022 0.019022
1 0.177861 0.636950 0.019022 0.019022
1 0.992239 0.625331 0.012369 0.012369
1 0.027470 0.595935 0.019022 0.019022
1 0.105595 0.580310 0.019022 0.019022
1 0.189580 0.580310 0.019022 0.019022
1 0.277344 0.394531 0.014947 0.014947
1 0.089970 0.355700 0.019022 0.019022
1 0.035283 0.342028 0.019022 0.019022
1 0.271484 0.976562 0.014947 0.014947
1 0.289189 0.937732 0.019022 0.019022
1 0.222783 0.933825 0.019022 0.019022
1 0.111328 0.886719 0.014947 0.014947
1 0.273564 0.884997 0.019022 0.019022
1 0.082031 0.806641 0.014947 0.014947
1 0.025517 0.808825 0.019022 0.019022
1 0.308720 0.758044 0.019022 0.019022
1 0.058594 0.236328 0.014947 0.014947
