1 0.845703 0.988281 0.014947 0.014947
1 0.773438 0.933594 0.014947 0.014947
1 0.876953 0.833984 0.022475 0.022475
1 0.986328 0.740234 0.022475 0.022475
1 0.230595 0.625232 0.019022 0.019022
1 0.777470 0.521716 0.019022 0.019022
1 0.548955 0.416247 0.019022 0.019022
1 0.505859 0.369141 0.014947 0.014947
1 0.904297 0.302734 0.022475 0.022475
1 0.541016 0.195312 0.022475 0.022475
1 0.148564 0.013903 0.019022 0.019022
1 0.560547 0.990234 0.014947 0.014947
1 0.584111 0.947497 0.019022 0.019022
1 0.693359 0.873047 0.022475 0.022475
1 0.296875 0.681641 0.022475 0.022475
1 0.640625 0.591797 0.022475 0.022475
1 0.193486 0.467028 0.019022 0.019022
1 0.851562 0.437500 0.014947 0.014947
1 0.677861 0.133044 0.019022 0.019022
1 0.281377 0.113513 0.019022 0.019022
1 0.609375 0.103516 0.022475 0.022475
1 0.917969 0.914062 0.022475 0.022475
1 0.029424 0.879138 0.019022 0.019022
1 0.634817 0.857753 0.012369 0.012369
1 0.923828 0.822266 0.022475 0.022475
1 0.670049 0.730700 0.019022 0.019022
1 0.759766 0.953125 0.014947 0.014947
1 0.015752 0.754138 0.019022 0.019022
1 0.484375 0.611328 0.022475 0.022475
1 0.070312 0.599609 0.022475 0.022475
1 0.052734 0.568359 0.022475 0.022475
1 0.955130 0.217128 0.012369 0.012369
1 0.972708 0.152674 0.012369 0.012369
1 0.835938 0.060547 0.022475 0.022475
1 0.990234 0.962891 0.014947 0.014947
1 0.179814 0.953357 0.019022 0.019022
1 0.945312 0.687500 0.014947 0.014947
1 0.097656 0.650391 0.022475 0.022475
1 0.336094 0.654507 0.026766 0.026766
1 0.019658 0.463122 0.019022 0.019022
1 0.031250 0.378906 0.014947 0.014947
1 0.765782 0.297085 0.026766 0.026766
1 0.839844 0.251953 0.022475 0.022475
1 0.629078 0.203328 0.034741 0.034741
1 0.457188 0.021694 0.026766 0.026766
1 0.853642 0.709216 0.019022 0.019022
1 0.962829 0.605469 0.039301 0.039301
1 0.269531 0.554688 0.014947 0.014947
1 0.084111 0.468982 0.019022 0.019022
1 0.007864 0.437831 0.012369 0.012369
1 0.871094 0.419922 0.014947 0.014947
1 0.103642 0.383044 0.019022 0.019022
1 0.345830 0.381091 0.019022 0.019022
1 0.025391 0.351562 0.014947 0.014947
1 0.963017 0.318591 0.019022 0.019022
1 0.839895 0.277674 0.012369 0.012369
1 0.875127 0.256091 0.019022 0.019022
1 0.439453 0.234375 0.014947 0.014947
1 0.369192 0.232753 0.012369 0.012369
1 0.906250 0.214844 0.014947 0.014947
1 0.945364 0.195643 0.012369 0.012369
1 0.918095 0.179919 0.019022 0.019022
1 0.970755 0.174159 0.012369 0.012369
1 0.113333 0.144862 0.012369 0.012369
1 0.388672 0.146484 0.030378 0.030378
1 0.091797 0.132812 0.014947 0.014947
1 0.320312 0.126953 0.014947 0.014947
1 0.910283 0.125232 0.019022 0.019022
1 0.509766 0.074219 0.014947 0.014947
1 0.672002 0.056872 0.019022 0.019022
1 0.611328 0.044922 0.014947 0.014947
1 0.824219 0.031250 0.014947 0.014947
1 0.496145 0.006190 0.012369 0.012369
1 0.894531 0.982422 0.014947 0.014947
1 0.797002 0.736560 0.019022 0.019022
1 0.683645 0.715174 0.012369 0.012369
1 0.798955 0.709216 0.019022 0.019022
1 0.386719 0.707031 0.014947 0.014947
1 0.896484 0.689453 0.014947 0.014947
1 0.880859 0.671875 0.014947 0.014947
1 0.943411 0.666346 0.012369 0.012369
1 0.699345 0.621325 0.019022 0.019022
1 0.597783 0.617419 0.019022 0.019022
1 0.345703 0.613281 0.014947 0.014947
1 0.400517 0.605700 0.019022 0.019022
1 0.326172 0.597656 0.014947 0.014947
1 0.884766 0.591797 0.014947 0.014947
1 0.300781 0.591797 0.014947 0.014947
1 0.882812 0.568359 0.014947 0.014947
1 0.832031 0.564453 0.014947 0.014947
1 0.923955 0.556872 0.019022 0.019022
1 0.689580 0.554919 0.019022 0.019022
1 0.816458 0.545253 0.012369 0.012369
1 0.794974 0.543299 0.012369 0.012369
1 0.253906 0.537109 0.014947 0.014947
1 0.849736 0.521716 0.019022 0.019022
1 0.017705 0.515857 0.019022 0.019022
1 0.322266 0.476562 0.014947 0.014947
1 0.800908 0.476794 0.019022 0.019022
1 0.894658 0.467028 0.019022 0.019022
1 0.957031 0.458984 0.014947 0.014947
1 0.933594 0.455078 0.014947 0.014947
1 0.511845 0.455310 0.019022 0.019022
1 0.699219 0.433594 0.014947 0.014947
1 0.941406 0.433594 0.014947 0.014947
1 0.367314 0.404528 0.019022 0.019022
1 0.921875 0.376953 0.014947 0.014947
1 0.732549 0.371325 0.019022 0.019022
1 0.941533 0.351794 0.019022 0.019022
1 0.349736 0.351794 0.019022 0.019022
1 0.060547 0.335938 0.014947 0.014947
1 0.334111 0.328357 0.019022 0.019022
1 0.148564 0.326403 0.019022 0.019022
1 0.847783 0.322497 0.019022 0.019022
1 0.654424 0.306872 0.019022 0.019022
1 0.355595 0.304919 0.019022 0.019022
1 0.420049 0.295153 0.019022 0.019022
1 0.222783 0.289294 0.019022 0.019022
1 0.990286 0.277674 0.012369 0.012369
1 0.548955 0.271716 0.019022 0.019022
1 0.379033 0.267810 0.019022 0.019022
1 0.236455 0.258044 0.019022 0.019022
1 0.480595 0.252185 0.019022 0.019022
1 0.781377 0.244372 0.019022 0.019022
1 0.216924 0.232653 0.019022 0.019022
1 0.042969 0.230469 0.022475 0.022475
1 0.709016 0.222688 0.042162 0.042162
1 0.427734 0.212891 0.014947 0.014947
1 0.377005 0.211268 0.012369 0.012369
1 0.802861 0.207263 0.019022 0.019022
1 0.763799 0.207263 0.019022 0.019022
1 0.197392 0.203357 0.019022 0.019022
1 0.882939 0.203357 0.019022 0.019022
1 0.166142 0.195544 0.019022 0.019022
1 0.095830 0.193591 0.019022 0.019022
1 0.058720 0.176013 0.019022 0.019022
1 0.332031 0.152344 0.014947 0.014947
1 0.222783 0.144763 0.019022 0.019022
1 0.367188 0.128906 0.014947 0.014947
1 0.496094 0.117188 0.014947 0.014947
1 0.961064 0.109607 0.019022 0.019022
1 0.787236 0.109607 0.019022 0.019022
1 0.519658 0.101794 0.019022 0.019022
1 0.201299 0.093982 0.019022 0.019022
1 0.820312 0.085938 0.014947 0.014947
1 0.455205 0.084216 0.019022 0.019022
1 0.230595 0.082263 0.019022 0.019022
1 0.937627 0.078357 0.019022 0.019022
1 0.152344 0.074219 0.030378 0.030378
1 0.574345 0.060778 0.019022 0.019022
1 0.084111 0.023669 0.019022 0.019022
1 0.300908 0.013903 0.019022 0.019022
1 0.707031 0.933594 0.014947 0.014947
1 0.947392 0.900622 0.019022 0.019022
1 0.879033 0.890857 0.019022 0.019022
1 0.369297 0.873257 0.026766 0.026766
1 0.402344 0.857422 0.014947 0.014947
1 0.431641 0.853516 0.014947 0.014947
1 0.707031 0.843750 0.014947 0.014947
1 0.343750 0.841797 0.014947 0.014947
1 0.953252 0.840075 0.019022 0.019022
1 0.726562 0.822266 0.014947 0.014947
1 0.841797 0.814453 0.022475 0.022475
1 0.769531 0.740234 0.014947 0.014947
1 0.078125 0.740234 0.014947 0.014947
1 0.291142 0.730700 0.019022 0.019022
1 0.900517 0.728747 0.019022 0.019022
1 0.138799 0.711169 0.019022 0.019022
1 0.556767 0.709216 0.019022 0.019022
1 0.355595 0.707263 0.019022 0.019022
1 0.244267 0.693591 0.019022 0.019022
1 0.461064 0.687732 0.019022 0.019022
1 0.380986 0.679919 0.019022 0.019022
1 0.232422 0.654297 0.014947 0.014947
1 0.287236 0.652575 0.019022 0.019022
1 0.621220 0.646716 0.019022 0.019022
1 0.293095 0.619372 0.019022 0.019022
1 0.009892 0.613513 0.019022 0.019022
1 0.162236 0.605700 0.019022 0.019022
1 0.373047 0.591797 0.014947 0.014947
1 0.351562 0.587891 0.014947 0.014947
1 0.224736 0.580310 0.019022 0.019022
1 0.502080 0.562732 0.019022 0.019022
1 0.332158 0.560778 0.019022 0.019022
1 0.748174 0.556872 0.019022 0.019022
1 0.433594 0.554688 0.014947 0.014947
1 0.613408 0.551013 0.019022 0.019022
1 0.521611 0.533435 0.019022 0.019022
1 0.068359 0.525391 0.014947 0.014947
1 0.822317 0.508143 0.012369 0.012369
1 0.664189 0.504138 0.019022 0.019022
1 0.922002 0.504138 0.019022 0.019022
1 0.082158 0.504138 0.019022 0.019022
1 0.304688 0.494141 0.014947 0.014947
1 0.547002 0.494372 0.019022 0.019022
1 0.837891 0.490234 0.014947 0.014947
1 0.119141 0.480469 0.014947 0.014947
1 0.271484 0.476562 0.022475 0.022475
1 0.687627 0.459216 0.019022 0.019022
1 0.142705 0.441638 0.019022 0.019022
1 0.824219 0.433594 0.014947 0.014947
1 0.582158 0.426013 0.019022 0.019022
1 0.431767 0.424060 0.019022 0.019022
1 0.773564 0.416247 0.019022 0.019022
1 0.285283 0.418200 0.019022 0.019022
1 0.814580 0.396716 0.019022 0.019022
1 0.132812 0.388672 0.014947 0.014947
1 0.441533 0.386950 0.019022 0.019022
1 0.767705 0.381091 0.019022 0.019022
1 0.201299 0.367419 0.019022 0.019022
1 0.009766 0.316406 0.014947 0.014947
1 0.109502 0.304919 0.019022 0.019022
1 0.066406 0.304688 0.014947 0.014947
1 0.181641 0.296875 0.022475 0.022475
1 0.140752 0.291247 0.019022 0.019022
1 0.052734 0.285156 0.014947 0.014947
1 0.203252 0.261950 0.019022 0.019022
1 0.670049 0.228747 0.019022 0.019022
1 0.464970 0.187732 0.019022 0.019022
1 0.166142 0.119372 0.019022 0.019022
1 0.011719 0.066406 0.014947 0.014947
1 0.515625 0.988281 0.014947 0.014947
1 0.621094 0.982422 0.014947 0.014947
1 0.683720 0.967028 0.019022 0.019022
1 0.839970 0.945544 0.019022 0.019022
1 0.662236 0.941638 0.019022 0.019022
1 0.691458 0.920253 0.012369 0.012369
1 0.453252 0.904528 0.019022 0.019022
1 0.623047 0.904297 0.030378 0.030378
1 0.339970 0.894763 0.019022 0.019022
1 0.404297 0.882812 0.014947 0.014947
1 0.730595 0.875232 0.019022 0.019022
1 0.103642 0.867419 0.019022 0.019022
1 0.578125 0.843750 0.022475 0.022475
1 0.179814 0.830310 0.019022 0.019022
1 0.402470 0.824450 0.019022 0.019022
1 0.105595 0.804919 0.019022 0.019022
1 0.240361 0.795153 0.019022 0.019022
1 0.507939 0.781482 0.019022 0.019022
1 0.220830 0.758044 0.019022 0.019022
1 0.138799 0.750232 0.019022 0.019022
1 0.170049 0.701403 0.019022 0.019022
1 0.211064 0.693591 0.019022 0.019022
1 0.615361 0.693591 0.019022 0.019022
1 0.076172 0.681641 0.014947 0.014947
1 0.011845 0.648669 0.019022 0.019022
1 0.410156 0.550781 0.014947 0.014947
1 0.164062 0.480469 0.014947 0.014947
1 0.275517 0.379138 0.019022 0.019022
1 0.068411 0.982753 0.012369 0.012369
1 0.144531 0.964844 0.022475 0.022475
1 0.052861 0.937732 0.019022 0.019022
1 0.583984 0.808594 0.022475 0.022475
1 0.595875 0.023641 0.034741 0.034741
1 0.728516 0.599609 0.014947 0.014947
