1 0.308594 0.480469 0.022475 0.022475
1 0.351562 0.345703 0.022475 0.022475
1 0.761719 0.310547 0.022475 0.022475
1 0.814610 0.310757 0.026766 0.026766
1 0.466924 0.818591 0.019022 0.019022
1 0.656377 0.047107 0.019022 0.019022
1 0.783330 0.011950 0.019022 0.019022
1 0.982549 0.172107 0.019022 0.019022
1 0.367314 0.134997 0.019022 0.019022
1 0.568486 0.105700 0.019022 0.019022
1 0.630859 0.083984 0.014947 0.014947
1 0.937627 0.074450 0.019022 0.019022
1 0.861455 0.060778 0.019022 0.019022
1 0.755986 0.035388 0.019022 0.019022
1 0.853642 0.586169 0.019022 0.019022
1 0.818486 0.494372 0.019022 0.019022
1 0.765752 0.386950 0.019022 0.019022
1 0.642705 0.338122 0.019022 0.019022
1 0.552861 0.340075 0.019022 0.019022
1 0.699345 0.336169 0.019022 0.019022
1 0.439580 0.324450 0.019022 0.019022
1 0.343877 0.302966 0.019022 0.019022
1 0.914189 0.287341 0.019022 0.019022
1 0.855595 0.287341 0.019022 0.019022
1 0.365234 0.283203 0.014947 0.014947
1 0.576299 0.279528 0.019022 0.019022
1 0.480595 0.265857 0.019022 0.019022
1 0.687627 0.209216 0.019022 0.019022
1 0.177861 0.193591 0.019022 0.019022
1 0.880986 0.170153 0.019022 0.019022
1 0.464970 0.168200 0.019022 0.019022
1 0.248047 0.152344 0.014947 0.014947
1 0.443486 0.142810 0.019022 0.019022
1 0.904424 0.134997 0.019022 0.019022
1 0.146611 0.127185 0.019022 0.019022
1 0.736455 0.125232 0.019022 0.019022
1 0.199345 0.113513 0.019022 0.019022
1 0.072392 0.111560 0.019022 0.019022
1 0.338017 0.107653 0.019022 0.019022
1 0.896611 0.099841 0.019022 0.019022
1 0.654297 0.093750 0.014947 0.014947
1 0.509766 0.083984 0.022475 0.022475
1 0.494267 0.049060 0.019022 0.019022
1 0.871220 0.029528 0.019022 0.019022
1 0.410283 0.754138 0.019022 0.019022
1 0.781250 0.712891 0.014947 0.014947
1 0.732549 0.695544 0.019022 0.019022
1 0.773438 0.687500 0.014947 0.014947
1 0.613333 0.635096 0.012369 0.012369
1 0.947392 0.609607 0.019022 0.019022
1 0.517705 0.603747 0.019022 0.019022
1 0.711064 0.570544 0.019022 0.019022
1 0.429814 0.568591 0.019022 0.019022
1 0.216849 0.549159 0.012369 0.012369
1 0.793095 0.554919 0.019022 0.019022
1 0.629033 0.535388 0.019022 0.019022
1 0.349736 0.523669 0.019022 0.019022
1 0.220703 0.509766 0.014947 0.014947
1 0.199345 0.492419 0.019022 0.019022
1 0.257812 0.488281 0.022475 0.022475
1 0.213017 0.465075 0.019022 0.019022
1 0.238408 0.437732 0.019022 0.019022
1 0.955205 0.396716 0.019022 0.019022
1 0.691533 0.381091 0.019022 0.019022
1 0.318486 0.332263 0.019022 0.019022
1 0.179814 0.316638 0.019022 0.019022
1 0.222656 0.310547 0.030378 0.030378
1 0.123174 0.285388 0.019022 0.019022
1 0.033330 0.218982 0.019022 0.019022
1 0.259892 0.189685 0.019022 0.019022
1 0.224609 0.140625 0.014947 0.014947
1 0.925908 0.109607 0.019022 0.019022
1 0.009766 0.041016 0.014947 0.014947
1 0.232422 0.007812 0.014947 0.014947
1 0.552861 0.982653 0.019022 0.019022
1 0.976689 0.978747 0.019022 0.019022
1 0.869267 0.965075 0.019022 0.019022
1 0.716924 0.963122 0.019022 0.019022
1 0.773564 0.961169 0.019022 0.019022
1 0.441533 0.920153 0.019022 0.019022
1 0.550908 0.912341 0.019022 0.019022
1 0.867314 0.888903 0.019022 0.019022
1 0.560674 0.883044 0.019022 0.019022
1 0.873174 0.847888 0.019022 0.019022
1 0.443411 0.818690 0.012369 0.012369
1 0.494267 0.793200 0.019022 0.019022
1 0.458984 0.791016 0.014947 0.014947
1 0.086064 0.742419 0.019022 0.019022
1 0.173955 0.738513 0.019022 0.019022
1 0.869267 0.734607 0.019022 0.019022
1 0.363408 0.732653 0.019022 0.019022
1 0.666016 0.703125 0.014947 0.014947
1 0.140752 0.691638 0.019022 0.019022
1 0.951172 0.658203 0.022475 0.022475
1 0.779424 0.656482 0.019022 0.019022
1 0.713017 0.658435 0.019022 0.019022
1 0.879033 0.640857 0.019022 0.019022
1 0.062500 0.593750 0.014947 0.014947
1 0.087891 0.591797 0.014947 0.014947
1 0.884892 0.586169 0.019022 0.019022
1 0.412236 0.517810 0.019022 0.019022
1 0.427861 0.478747 0.019022 0.019022
1 0.132939 0.435778 0.019022 0.019022
1 0.209111 0.429919 0.019022 0.019022
1 0.918095 0.424060 0.019022 0.019022
1 0.047002 0.386950 0.019022 0.019022
1 0.162236 0.384997 0.019022 0.019022
1 0.074345 0.379138 0.019022 0.019022
1 0.011719 0.261719 0.014947 0.014947
1 0.968907 0.218960 0.026766 0.026766
1 0.521484 0.984375 0.014947 0.014947
1 0.166067 0.982753 0.012369 0.012369
1 0.242314 0.943591 0.019022 0.019022
1 0.672002 0.865466 0.019022 0.019022
1 0.265752 0.810778 0.019022 0.019022
1 0.966924 0.806872 0.019022 0.019022
1 0.195439 0.699450 0.019022 0.019022
1 0.412236 0.689685 0.019022 0.019022
1 0.017705 0.640857 0.019022 0.019022
1 0.361455 0.611560 0.019022 0.019022
1 0.140752 0.509997 0.019022 0.019022
1 0.033330 0.504138 0.019022 0.019022
1 0.086064 0.461169 0.019022 0.019022
1 0.213017 0.965075 0.019022 0.019022
1 0.119267 0.894763 0.019022 0.019022
1 0.166142 0.859607 0.019022 0.019022
1 0.265752 0.843982 0.019022 0.019022
1 0.183720 0.802966 0.019022 0.019022
1 0.045049 0.902575 0.019022 0.019022
1 0.993501 0.433830 0.011557 0.011557
