1 0.765752 0.967028 0.019022 0.019022
1 0.902470 0.799060 0.019022 0.019022
1 0.902344 0.746094 0.030378 0.030378
1 0.058720 0.740466 0.019022 0.019022
1 0.791067 0.670253 0.012369 0.012369
1 0.211094 0.650600 0.026766 0.026766
1 0.232549 0.506091 0.019022 0.019022
1 0.208984 0.466797 0.030378 0.030378
1 0.947266 0.462891 0.022475 0.022475
1 0.093877 0.451403 0.019022 0.019022
1 0.240234 0.375000 0.022475 0.022475
1 0.962891 0.375000 0.030378 0.030378
1 0.744141 0.279297 0.022475 0.022475
1 0.937500 0.267578 0.014947 0.014947
1 0.173955 0.242419 0.019022 0.019022
1 0.597783 0.183825 0.019022 0.019022
1 0.617314 0.129138 0.019022 0.019022
1 0.822392 0.056872 0.019022 0.019022
1 0.621094 0.029297 0.014947 0.014947
1 0.150391 0.843750 0.022475 0.022475
1 0.839970 0.828357 0.019022 0.019022
1 0.619141 0.761719 0.022475 0.022475
1 0.916142 0.613513 0.019022 0.019022
1 0.761845 0.576403 0.019022 0.019022
1 0.878906 0.476562 0.030378 0.030378
1 0.839844 0.328125 0.014947 0.014947
1 0.783203 0.214844 0.014947 0.014947
1 0.777344 0.072266 0.014947 0.014947
1 0.753906 0.033203 0.022475 0.022475
1 0.966797 0.916016 0.022475 0.022475
1 0.705078 0.880859 0.014947 0.014947
1 0.879033 0.722888 0.019022 0.019022
1 0.695312 0.705078 0.022475 0.022475
1 0.480595 0.582263 0.019022 0.019022
1 0.757939 0.539294 0.019022 0.019022
1 0.253906 0.437500 0.014947 0.014947
1 0.472656 0.431641 0.022475 0.022475
1 0.095830 0.373278 0.019022 0.019022
1 0.853516 0.355469 0.014947 0.014947
1 0.873174 0.041247 0.019022 0.019022
1 0.931767 0.011950 0.019022 0.019022
1 0.453125 0.878906 0.022475 0.022475
1 0.873047 0.814453 0.022475 0.022475
1 0.398438 0.806641 0.022475 0.022475
1 0.466924 0.791247 0.019022 0.019022
1 0.017578 0.687500 0.014947 0.014947
1 0.199375 0.420132 0.026766 0.026766
1 0.373099 0.373378 0.012369 0.012369
1 0.953252 0.316638 0.019022 0.019022
1 0.488408 0.256091 0.019022 0.019022
1 0.955078 0.248047 0.014947 0.014947
1 0.027395 0.222987 0.012369 0.012369
1 0.044974 0.152674 0.012369 0.012369
1 0.890677 0.092128 0.012369 0.012369
1 0.601562 0.087891 0.014947 0.014947
1 0.847656 0.009766 0.014947 0.014947
1 0.062627 0.961169 0.019022 0.019022
1 0.982422 0.794922 0.014947 0.014947
1 0.392750 0.691609 0.034741 0.034741
1 0.804688 0.628906 0.014947 0.014947
1 0.697392 0.590075 0.019022 0.019022
1 0.541172 0.543178 0.026766 0.026766
1 0.320312 0.521484 0.014947 0.014947
1 0.908255 0.506190 0.012369 0.012369
1 0.988281 0.472656 0.014947 0.014947
1 0.521484 0.449219 0.014947 0.014947
1 0.332158 0.426013 0.019022 0.019022
1 0.859375 0.419922 0.014947 0.014947
1 0.679739 0.400721 0.012369 0.012369
1 0.833984 0.402344 0.014947 0.014947
1 0.377005 0.394862 0.012369 0.012369
1 0.877080 0.392810 0.019022 0.019022
1 0.916142 0.381091 0.019022 0.019022
1 0.808720 0.375232 0.019022 0.019022
1 0.767705 0.365466 0.019022 0.019022
1 0.107422 0.349609 0.014947 0.014947
1 0.416142 0.345935 0.019022 0.019022
1 0.609427 0.326503 0.012369 0.012369
1 0.666016 0.318359 0.014947 0.014947
1 0.769531 0.314453 0.014947 0.014947
1 0.795049 0.312732 0.019022 0.019022
1 0.713017 0.306872 0.019022 0.019022
1 0.322266 0.298828 0.014947 0.014947
1 0.683594 0.296875 0.014947 0.014947
1 0.287109 0.291016 0.014947 0.014947
1 0.650442 0.277674 0.012369 0.012369
1 0.818486 0.271716 0.019022 0.019022
1 0.888799 0.250232 0.019022 0.019022
1 0.654349 0.248378 0.012369 0.012369
1 0.503906 0.230469 0.014947 0.014947
1 0.338047 0.232632 0.026766 0.026766
1 0.753906 0.224609 0.014947 0.014947
1 0.283330 0.215075 0.019022 0.019022
1 0.509817 0.209315 0.012369 0.012369
1 0.459111 0.191638 0.019022 0.019022
1 0.107549 0.170153 0.019022 0.019022
1 0.761770 0.164393 0.012369 0.012369
1 0.558720 0.146716 0.019022 0.019022
1 0.660208 0.137049 0.012369 0.012369
1 0.878958 0.109706 0.012369 0.012369
1 0.580130 0.101893 0.012369 0.012369
1 0.859375 0.064453 0.014947 0.014947
1 0.494192 0.060878 0.012369 0.012369
1 0.541142 0.052966 0.019022 0.019022
1 0.476562 0.044922 0.014947 0.014947
1 0.642630 0.025721 0.012369 0.012369
1 0.490286 0.021815 0.012369 0.012369
1 0.082083 0.008143 0.012369 0.012369
1 0.671875 0.004883 0.011662 0.011662
1 0.990286 0.832362 0.012369 0.012369
1 0.933594 0.796875 0.014947 0.014947
1 0.960938 0.787109 0.014947 0.014947
1 0.789062 0.787109 0.014947 0.014947
1 0.941406 0.769531 0.014947 0.014947
1 0.961064 0.705310 0.019022 0.019022
1 0.453125 0.685547 0.014947 0.014947
1 0.964970 0.640857 0.019022 0.019022
1 0.525442 0.627284 0.012369 0.012369
1 0.664189 0.625232 0.019022 0.019022
1 0.035328 0.607625 0.034741 0.034741
1 0.167969 0.607422 0.022475 0.022475
1 0.314453 0.574219 0.014947 0.014947
1 0.734375 0.572266 0.014947 0.014947
1 0.642705 0.572497 0.019022 0.019022
1 0.929739 0.568690 0.012369 0.012369
1 0.882939 0.551013 0.019022 0.019022
1 0.308594 0.548828 0.014947 0.014947
1 0.208984 0.539062 0.014947 0.014947
1 0.761719 0.509766 0.014947 0.014947
1 0.263672 0.505859 0.014947 0.014947
1 0.097783 0.506091 0.019022 0.019022
1 0.517705 0.480700 0.019022 0.019022
1 0.353642 0.476794 0.019022 0.019022
1 0.851689 0.465075 0.019022 0.019022
1 0.578252 0.457263 0.019022 0.019022
1 0.769658 0.447497 0.019022 0.019022
1 0.501953 0.433594 0.014947 0.014947
1 0.232474 0.424159 0.012369 0.012369
1 0.121220 0.422107 0.019022 0.019022
1 0.648438 0.419922 0.014947 0.014947
1 0.539189 0.420153 0.019022 0.019022
1 0.269658 0.402575 0.019022 0.019022
1 0.708984 0.390625 0.014947 0.014947
1 0.310547 0.388672 0.014947 0.014947
1 0.287109 0.376953 0.014947 0.014947
1 0.509892 0.375232 0.019022 0.019022
1 0.304688 0.337891 0.014947 0.014947
1 0.486455 0.340075 0.019022 0.019022
1 0.273564 0.336169 0.019022 0.019022
1 0.740361 0.326403 0.019022 0.019022
1 0.326172 0.324219 0.014947 0.014947
1 0.355595 0.312732 0.019022 0.019022
1 0.634817 0.291346 0.012369 0.012369
1 0.587942 0.289393 0.012369 0.012369
1 0.369267 0.285388 0.019022 0.019022
1 0.064580 0.277575 0.019022 0.019022
1 0.388799 0.256091 0.019022 0.019022
1 0.521484 0.248047 0.014947 0.014947
1 0.017578 0.197266 0.014947 0.014947
1 0.043020 0.172206 0.012369 0.012369
1 0.070312 0.162109 0.014947 0.014947
1 0.531377 0.160388 0.019022 0.019022
1 0.816533 0.156482 0.019022 0.019022
1 0.433720 0.154528 0.019022 0.019022
1 0.500127 0.142810 0.019022 0.019022
1 0.343877 0.136950 0.019022 0.019022
1 0.218877 0.134997 0.019022 0.019022
1 0.277470 0.133044 0.019022 0.019022
1 0.742314 0.097888 0.019022 0.019022
1 0.304814 0.086169 0.019022 0.019022
1 0.338017 0.058825 0.019022 0.019022
1 0.455130 0.051112 0.012369 0.012369
1 0.326299 0.025622 0.019022 0.019022
1 0.753958 0.992518 0.012369 0.012369
1 0.574219 0.984375 0.014947 0.014947
1 0.072317 0.982753 0.012369 0.012369
1 0.480469 0.957031 0.014947 0.014947
1 0.588017 0.955310 0.019022 0.019022
1 0.726562 0.927734 0.014947 0.014947
1 0.291142 0.924060 0.019022 0.019022
1 0.736455 0.900622 0.019022 0.019022
1 0.689505 0.904628 0.012369 0.012369
1 0.414062 0.900391 0.014947 0.014947
1 0.660208 0.873378 0.012369 0.012369
1 0.810674 0.875232 0.019022 0.019022
1 0.312500 0.871094 0.014947 0.014947
1 0.291016 0.859375 0.014947 0.014947
1 0.617314 0.802966 0.019022 0.019022
1 0.763799 0.801013 0.019022 0.019022
1 0.294974 0.789393 0.012369 0.012369
1 0.082158 0.783435 0.019022 0.019022
1 0.785156 0.759766 0.014947 0.014947
1 0.412236 0.758044 0.019022 0.019022
1 0.716924 0.730700 0.019022 0.019022
1 0.338017 0.730700 0.019022 0.019022
1 0.798955 0.717028 0.019022 0.019022
1 0.836064 0.713122 0.019022 0.019022
1 0.464970 0.709216 0.019022 0.019022
1 0.593877 0.674060 0.019022 0.019022
1 0.281377 0.668200 0.019022 0.019022
1 0.015677 0.666346 0.012369 0.012369
1 0.670049 0.656482 0.019022 0.019022
1 0.084111 0.652575 0.019022 0.019022
1 0.619267 0.631091 0.019022 0.019022
1 0.400517 0.619372 0.019022 0.019022
1 0.328252 0.621325 0.019022 0.019022
1 0.480469 0.605469 0.014947 0.014947
1 0.437627 0.603747 0.019022 0.019022
1 0.109502 0.599841 0.019022 0.019022
1 0.380859 0.582031 0.014947 0.014947
1 0.822392 0.576403 0.019022 0.019022
1 0.222708 0.566737 0.012369 0.012369
1 0.673955 0.562732 0.019022 0.019022
1 0.203177 0.560878 0.012369 0.012369
1 0.269658 0.543200 0.019022 0.019022
1 0.414189 0.539294 0.019022 0.019022
1 0.461064 0.527575 0.019022 0.019022
1 0.300781 0.503906 0.014947 0.014947
1 0.615234 0.462891 0.014947 0.014947
1 0.029297 0.458984 0.014947 0.014947
1 0.632812 0.443359 0.014947 0.014947
1 0.015625 0.433594 0.014947 0.014947
1 0.408330 0.408435 0.019022 0.019022
1 0.630986 0.367419 0.019022 0.019022
1 0.013672 0.351562 0.014947 0.014947
1 0.634766 0.330078 0.014947 0.014947
1 0.035283 0.318591 0.019022 0.019022
1 0.238408 0.316638 0.019022 0.019022
1 0.267630 0.291346 0.012369 0.012369
1 0.568411 0.283534 0.012369 0.012369
1 0.447392 0.269763 0.019022 0.019022
1 0.425908 0.234607 0.019022 0.019022
1 0.162109 0.212891 0.014947 0.014947
1 0.093877 0.199450 0.019022 0.019022
1 0.175908 0.172107 0.019022 0.019022
1 0.033330 0.111560 0.019022 0.019022
1 0.009766 0.078125 0.014947 0.014947
1 0.199345 0.035388 0.019022 0.019022
1 0.490234 0.982422 0.014947 0.014947
1 0.873174 0.970935 0.019022 0.019022
1 0.458984 0.968750 0.014947 0.014947
1 0.425908 0.963122 0.019022 0.019022
1 0.230595 0.959216 0.019022 0.019022
1 0.343877 0.939685 0.019022 0.019022
1 0.931767 0.937732 0.019022 0.019022
1 0.113408 0.929919 0.019022 0.019022
1 0.492314 0.914294 0.019022 0.019022
1 0.019531 0.900391 0.014947 0.014947
1 0.129033 0.888903 0.019022 0.019022
1 0.191533 0.877185 0.019022 0.019022
1 0.509892 0.863513 0.019022 0.019022
1 0.476562 0.853516 0.014947 0.014947
1 0.025517 0.840075 0.019022 0.019022
1 0.767578 0.841797 0.030378 0.030378
1 0.287161 0.810878 0.012369 0.012369
1 0.677861 0.806872 0.019022 0.019022
1 0.441406 0.769531 0.014947 0.014947
1 0.330205 0.765857 0.019022 0.019022
1 0.234502 0.707263 0.019022 0.019022
1 0.578252 0.593982 0.019022 0.019022
1 0.515752 0.570544 0.019022 0.019022
1 0.382939 0.552966 0.019022 0.019022
1 0.185547 0.527344 0.014947 0.014947
1 0.080130 0.476893 0.012369 0.012369
1 0.005911 0.455409 0.012369 0.012369
1 0.451299 0.371325 0.019022 0.019022
1 0.099766 0.322475 0.026766 0.026766
1 0.185547 0.271484 0.014947 0.014947
1 0.164062 0.986328 0.014947 0.014947
1 0.281377 0.982653 0.019022 0.019022
1 0.394531 0.914062 0.014947 0.014947
1 0.588017 0.535388 0.019022 0.019022
1 0.203297 0.093953 0.034741 0.034741
