1 0.904424 0.724841 0.019022 0.019022
1 0.738281 0.697266 0.014947 0.014947
1 0.986328 0.529297 0.014947 0.014947
1 0.890752 0.328357 0.019022 0.019022
1 0.451329 0.092007 0.026766 0.026766
1 0.755859 0.064453 0.014947 0.014947
1 0.724609 0.035156 0.014947 0.014947
1 0.794922 0.945312 0.022475 0.022475
1 0.988408 0.808825 0.019022 0.019022
1 0.923828 0.554688 0.014947 0.014947
1 0.945312 0.554688 0.014947 0.014947
1 0.939580 0.390857 0.019022 0.019022
1 0.812500 0.380859 0.014947 0.014947
1 0.830205 0.363513 0.019022 0.019022
1 0.949219 0.193359 0.022475 0.022475
1 0.773564 0.115466 0.019022 0.019022
1 0.666142 0.049060 0.019022 0.019022
1 0.523438 0.941406 0.022475 0.022475
1 0.990234 0.914062 0.014947 0.014947
1 0.951172 0.873047 0.022475 0.022475
1 0.945312 0.732422 0.014947 0.014947
1 0.914189 0.605700 0.019022 0.019022
1 0.554844 0.537319 0.026766 0.026766
1 0.908203 0.513672 0.022475 0.022475
1 0.886719 0.478516 0.014947 0.014947
1 0.695439 0.347888 0.019022 0.019022
1 0.740361 0.312732 0.019022 0.019022
1 0.820439 0.256091 0.019022 0.019022
1 0.015625 0.052734 0.014947 0.014947
1 0.882939 0.648669 0.019022 0.019022
1 0.333984 0.593750 0.022475 0.022475
1 0.832158 0.584216 0.019022 0.019022
1 0.687552 0.502284 0.012369 0.012369
1 0.629033 0.324450 0.019022 0.019022
1 0.673828 0.292969 0.014947 0.014947
1 0.648438 0.269531 0.014947 0.014947
1 0.629033 0.166247 0.019022 0.019022
1 0.527344 0.033203 0.014947 0.014947
1 0.890752 0.939685 0.019022 0.019022
1 0.894531 0.894531 0.014947 0.014947
1 0.875127 0.865466 0.019022 0.019022
1 0.759766 0.785156 0.014947 0.014947
1 0.802861 0.634997 0.019022 0.019022
1 0.476562 0.605469 0.014947 0.014947
1 0.677861 0.558825 0.019022 0.019022
1 0.697317 0.523768 0.012369 0.012369
1 0.724736 0.457263 0.019022 0.019022
1 0.611455 0.195544 0.019022 0.019022
1 0.547002 0.168200 0.019022 0.019022
1 0.547002 0.142810 0.019022 0.019022
1 0.921875 0.964844 0.022475 0.022475
1 0.140782 0.937710 0.026766 0.026766
1 0.759892 0.929919 0.019022 0.019022
1 0.781377 0.859607 0.019022 0.019022
1 0.642578 0.714844 0.022475 0.022475
1 0.662236 0.601794 0.019022 0.019022
1 0.617314 0.599841 0.019022 0.019022
1 0.564453 0.509766 0.014947 0.014947
1 0.517578 0.466797 0.014947 0.014947
1 0.492314 0.318591 0.019022 0.019022
1 0.502080 0.265857 0.019022 0.019022
1 0.547002 0.236560 0.019022 0.019022
1 0.441533 0.217028 0.019022 0.019022
1 0.482549 0.160388 0.019022 0.019022
1 0.400391 0.150391 0.014947 0.014947
1 0.295049 0.148669 0.019022 0.019022
1 0.416142 0.129138 0.019022 0.019022
1 0.384892 0.123278 0.019022 0.019022
1 0.021611 0.111560 0.019022 0.019022
1 0.189453 0.082031 0.014947 0.014947
1 0.379033 0.031482 0.019022 0.019022
1 0.136845 0.025622 0.019022 0.019022
1 0.088017 0.015857 0.019022 0.019022
1 0.119192 0.980799 0.012369 0.012369
1 0.673955 0.855700 0.019022 0.019022
1 0.285283 0.840075 0.019022 0.019022
1 0.685674 0.810778 0.019022 0.019022
1 0.736380 0.773768 0.012369 0.012369
1 0.072392 0.769763 0.019022 0.019022
1 0.691533 0.769763 0.019022 0.019022
1 0.572392 0.763903 0.019022 0.019022
1 0.613408 0.761950 0.019022 0.019022
1 0.509766 0.759766 0.014947 0.014947
1 0.949345 0.681872 0.019022 0.019022
1 0.154424 0.631091 0.019022 0.019022
1 0.129033 0.615466 0.019022 0.019022
1 0.511845 0.554919 0.019022 0.019022
1 0.402470 0.508044 0.019022 0.019022
1 0.146611 0.508044 0.019022 0.019022
1 0.068486 0.504138 0.019022 0.019022
1 0.474736 0.502185 0.019022 0.019022
1 0.359375 0.490234 0.022475 0.022475
1 0.041142 0.490466 0.019022 0.019022
1 0.193486 0.482653 0.019022 0.019022
1 0.386719 0.445312 0.022475 0.022475
1 0.093877 0.437732 0.019022 0.019022
1 0.607549 0.410388 0.019022 0.019022
1 0.406377 0.390857 0.019022 0.019022
1 0.369267 0.377185 0.019022 0.019022
1 0.066406 0.316406 0.014947 0.014947
1 0.089970 0.273669 0.019022 0.019022
1 0.152470 0.265857 0.019022 0.019022
1 0.209036 0.224940 0.012369 0.012369
1 0.308720 0.222888 0.019022 0.019022
1 0.105595 0.213122 0.019022 0.019022
1 0.357549 0.197497 0.019022 0.019022
1 0.035283 0.158435 0.019022 0.019022
1 0.074345 0.125232 0.019022 0.019022
1 0.173880 0.097987 0.012369 0.012369
1 0.089970 0.082263 0.019022 0.019022
1 0.345755 0.006190 0.012369 0.012369
1 0.613408 0.968982 0.019022 0.019022
1 0.047002 0.955310 0.019022 0.019022
1 0.109502 0.869372 0.019022 0.019022
1 0.214970 0.847888 0.019022 0.019022
1 0.406377 0.840075 0.019022 0.019022
1 0.213017 0.808825 0.019022 0.019022
1 0.480595 0.793200 0.019022 0.019022
1 0.222783 0.761950 0.019022 0.019022
1 0.396611 0.717028 0.019022 0.019022
1 0.119141 0.699219 0.014947 0.014947
1 0.564580 0.687732 0.019022 0.019022
1 0.334111 0.644763 0.019022 0.019022
1 0.246220 0.642810 0.019022 0.019022
1 0.349736 0.551013 0.019022 0.019022
1 0.015625 0.527344 0.014947 0.014947
1 0.261845 0.523669 0.019022 0.019022
1 0.191533 0.418200 0.019022 0.019022
1 0.222783 0.299060 0.019022 0.019022
1 0.052861 0.230700 0.019022 0.019022
1 0.345703 0.166016 0.022475 0.022475
1 0.146484 0.093750 0.014947 0.014947
1 0.142705 0.054919 0.019022 0.019022
1 0.099661 0.982753 0.012369 0.012369
1 0.218877 0.953357 0.019022 0.019022
1 0.351689 0.873278 0.019022 0.019022
1 0.312500 0.871094 0.022475 0.022475
1 0.228642 0.574450 0.019022 0.019022
1 0.160156 0.004883 0.011662 0.011662
1 0.357549 0.968982 0.019022 0.019022
1 0.216829 0.669954 0.042162 0.042162
1 0.754033 0.959216 0.019022 0.019022
1 0.552861 0.838122 0.019022 0.019022
1 0.201172 0.708984 0.014947 0.014947
1 0.099736 0.556872 0.019022 0.019022
1 0.039189 0.549060 0.019022 0.019022
