1 0.406250 0.589844 0.022475 0.022475
1 0.246094 0.449219 0.022475 0.022475
1 0.371094 0.345703 0.022475 0.022475
1 0.859502 0.066638 0.019022 0.019022
1 0.898438 0.039062 0.014947 0.014947
1 0.586064 0.316638 0.019022 0.019022
1 0.777470 0.297107 0.019022 0.019022
1 0.945439 0.170153 0.019022 0.019022
1 0.838017 0.148669 0.019022 0.019022
1 0.754033 0.119372 0.019022 0.019022
1 0.560674 0.105700 0.019022 0.019022
1 0.742314 0.093982 0.019022 0.019022
1 0.322266 0.029297 0.014947 0.014947
1 0.919922 0.025391 0.014947 0.014947
1 0.339844 0.009766 0.014947 0.014947
1 0.343907 0.535366 0.026766 0.026766
1 0.759892 0.478747 0.019022 0.019022
1 0.769658 0.422107 0.019022 0.019022
1 0.681767 0.373278 0.019022 0.019022
1 0.636845 0.340075 0.019022 0.019022
1 0.992239 0.277674 0.012369 0.012369
1 0.482549 0.217028 0.019022 0.019022
1 0.240361 0.189685 0.019022 0.019022
1 0.230595 0.082263 0.019022 0.019022
1 0.050908 0.033435 0.019022 0.019022
1 0.787236 0.617419 0.019022 0.019022
1 0.900391 0.603516 0.022475 0.022475
1 0.796875 0.525391 0.014947 0.014947
1 0.447392 0.513903 0.019022 0.019022
1 0.414189 0.513903 0.019022 0.019022
1 0.658330 0.453357 0.019022 0.019022
1 0.345830 0.437732 0.019022 0.019022
1 0.400391 0.402344 0.014947 0.014947
1 0.218877 0.304919 0.019022 0.019022
1 0.302861 0.293200 0.019022 0.019022
1 0.597656 0.275391 0.022475 0.022475
1 0.468877 0.261950 0.019022 0.019022
1 0.261845 0.259997 0.019022 0.019022
1 0.097783 0.244372 0.019022 0.019022
1 0.181767 0.205310 0.019022 0.019022
1 0.240361 0.111560 0.019022 0.019022
1 0.902470 0.785388 0.019022 0.019022
1 0.988408 0.777575 0.019022 0.019022
1 0.890752 0.736560 0.019022 0.019022
1 0.785283 0.697497 0.019022 0.019022
1 0.714970 0.687732 0.019022 0.019022
1 0.912109 0.673828 0.022475 0.022475
1 0.771611 0.670153 0.019022 0.019022
1 0.677861 0.631091 0.019022 0.019022
1 0.572266 0.619141 0.006233 0.006233
1 0.615361 0.584216 0.019022 0.019022
1 0.480595 0.562732 0.019022 0.019022
1 0.500127 0.539294 0.019022 0.019022
1 0.820312 0.529297 0.014947 0.014947
1 0.632939 0.486560 0.019022 0.019022
1 0.148438 0.464844 0.014947 0.014947
1 0.173828 0.457031 0.014947 0.014947
1 0.408330 0.451403 0.019022 0.019022
1 0.064580 0.201403 0.019022 0.019022
1 0.019658 0.158435 0.019022 0.019022
1 0.015752 0.031482 0.019022 0.019022
1 0.945439 0.970935 0.019022 0.019022
1 0.683720 0.912341 0.019022 0.019022
1 0.656377 0.898669 0.019022 0.019022
1 0.689580 0.857653 0.019022 0.019022
1 0.742314 0.847888 0.019022 0.019022
1 0.959111 0.820544 0.019022 0.019022
1 0.722783 0.746325 0.019022 0.019022
1 0.539189 0.738513 0.019022 0.019022
1 0.687627 0.715075 0.019022 0.019022
1 0.297002 0.693591 0.019022 0.019022
1 0.414189 0.662341 0.019022 0.019022
1 0.277470 0.656482 0.019022 0.019022
1 0.224736 0.633044 0.019022 0.019022
1 0.062627 0.467028 0.019022 0.019022
1 0.226689 0.408435 0.019022 0.019022
1 0.005911 0.219081 0.012369 0.012369
1 0.384766 0.004883 0.011662 0.011662
1 0.664062 0.982422 0.014947 0.014947
1 0.394658 0.974841 0.019022 0.019022
1 0.939580 0.931872 0.019022 0.019022
1 0.166142 0.845935 0.019022 0.019022
1 0.720830 0.799060 0.019022 0.019022
1 0.297002 0.732653 0.019022 0.019022
1 0.095830 0.732653 0.019022 0.019022
1 0.074345 0.631091 0.019022 0.019022
1 0.089970 0.541247 0.019022 0.019022
1 0.578125 0.986328 0.014947 0.014947
1 0.248174 0.963122 0.019022 0.019022
1 0.349736 0.912341 0.019022 0.019022
1 0.269658 0.879138 0.019022 0.019022
1 0.011719 0.863281 0.014947 0.014947
1 0.416142 0.851794 0.019022 0.019022
1 0.023564 0.912341 0.019022 0.019022
1 0.570439 0.384997 0.019022 0.019022
