1 0.062500 0.958984 0.022475 0.022475
1 0.304688 0.583984 0.022475 0.022475
1 0.980625 0.453335 0.026766 0.026766
1 0.464970 0.392810 0.019022 0.019022
1 0.427734 0.384766 0.022475 0.022475
1 0.484502 0.367419 0.019022 0.019022
1 0.093750 0.335938 0.022475 0.022475
1 0.986328 0.294922 0.014947 0.014947
1 0.923955 0.267810 0.019022 0.019022
1 0.090015 0.154500 0.034741 0.034741
1 0.972656 0.148438 0.014947 0.014947
1 0.332031 0.066406 0.022475 0.022475
1 0.906407 0.015835 0.026766 0.026766
1 0.966924 0.330310 0.019022 0.019022
1 0.910283 0.209216 0.019022 0.019022
1 0.923828 0.181641 0.022475 0.022475
1 0.584141 0.170132 0.026766 0.026766
1 0.547002 0.109607 0.019022 0.019022
1 0.959111 0.023669 0.019022 0.019022
1 0.816406 0.009766 0.014947 0.014947
1 0.949219 0.457031 0.014947 0.014947
1 0.886845 0.293200 0.019022 0.019022
1 0.839970 0.236560 0.019022 0.019022
1 0.927861 0.920153 0.019022 0.019022
1 0.970830 0.888903 0.019022 0.019022
1 0.945439 0.750232 0.019022 0.019022
1 0.908330 0.636950 0.019022 0.019022
1 0.910283 0.545153 0.019022 0.019022
1 0.966924 0.496325 0.019022 0.019022
1 0.873174 0.492419 0.019022 0.019022
1 0.808720 0.441638 0.019022 0.019022
1 0.839970 0.435778 0.019022 0.019022
1 0.906377 0.390857 0.019022 0.019022
1 0.849736 0.386950 0.019022 0.019022
1 0.804859 0.367391 0.034741 0.034741
1 0.826299 0.263903 0.019022 0.019022
1 0.781377 0.205310 0.019022 0.019022
1 0.822392 0.080310 0.019022 0.019022
1 0.982422 0.007092 0.017904 0.017904
1 0.873174 0.922107 0.019022 0.019022
1 0.953252 0.855700 0.019022 0.019022
1 0.843877 0.822497 0.019022 0.019022
1 0.648489 0.808924 0.012369 0.012369
1 0.990234 0.794922 0.014947 0.014947
1 0.775517 0.670153 0.019022 0.019022
1 0.939580 0.599841 0.019022 0.019022
1 0.439453 0.583984 0.014947 0.014947
1 0.535208 0.514003 0.012369 0.012369
1 0.037161 0.476893 0.012369 0.012369
1 0.685547 0.464844 0.014947 0.014947
1 0.890752 0.455310 0.019022 0.019022
1 0.714970 0.455310 0.019022 0.019022
1 0.720755 0.424159 0.012369 0.012369
1 0.740286 0.420253 0.012369 0.012369
1 0.210938 0.380859 0.014947 0.014947
1 0.675908 0.357653 0.019022 0.019022
1 0.099736 0.302966 0.019022 0.019022
1 0.619267 0.279528 0.019022 0.019022
1 0.267705 0.244372 0.019022 0.019022
1 0.623174 0.146716 0.019022 0.019022
1 0.408203 0.130859 0.014947 0.014947
1 0.167969 0.066406 0.014947 0.014947
1 0.646611 0.052966 0.019022 0.019022
1 0.431767 0.035388 0.019022 0.019022
1 0.146611 0.029528 0.019022 0.019022
1 0.062627 0.027575 0.019022 0.019022
1 0.037109 0.009766 0.014947 0.014947
1 0.134892 0.945544 0.019022 0.019022
1 0.830205 0.920153 0.019022 0.019022
1 0.773438 0.910156 0.014947 0.014947
1 0.701299 0.840075 0.019022 0.019022
1 0.679814 0.814685 0.019022 0.019022
1 0.785283 0.777575 0.019022 0.019022
1 0.670049 0.713122 0.019022 0.019022
1 0.338017 0.693591 0.019022 0.019022
1 0.543095 0.646716 0.019022 0.019022
1 0.353642 0.592028 0.019022 0.019022
1 0.777470 0.590075 0.019022 0.019022
1 0.398564 0.543200 0.019022 0.019022
1 0.705205 0.504138 0.019022 0.019022
1 0.675781 0.488281 0.014947 0.014947
1 0.392705 0.465075 0.019022 0.019022
1 0.431767 0.427966 0.019022 0.019022
1 0.300908 0.422107 0.019022 0.019022
1 0.792969 0.410156 0.030378 0.030378
1 0.195312 0.398438 0.014947 0.014947
1 0.175781 0.378906 0.014947 0.014947
1 0.068359 0.355469 0.014947 0.014947
1 0.019658 0.343982 0.019022 0.019022
1 0.334111 0.336169 0.019022 0.019022
1 0.527470 0.318591 0.019022 0.019022
1 0.578252 0.312732 0.019022 0.019022
1 0.181767 0.238513 0.019022 0.019022
1 0.433594 0.125000 0.014947 0.014947
1 0.140752 0.117419 0.019022 0.019022
1 0.527344 0.082031 0.014947 0.014947
1 0.146484 0.078125 0.014947 0.014947
1 0.347783 0.039294 0.019022 0.019022
1 0.058594 0.990234 0.014947 0.014947
1 0.693359 0.974609 0.014947 0.014947
1 0.714844 0.964844 0.014947 0.014947
1 0.158203 0.904297 0.014947 0.014947
1 0.136719 0.896484 0.014947 0.014947
1 0.072392 0.881091 0.019022 0.019022
1 0.351689 0.873278 0.019022 0.019022
1 0.646611 0.867419 0.019022 0.019022
1 0.169974 0.867518 0.012369 0.012369
1 0.722783 0.865466 0.019022 0.019022
1 0.376953 0.859375 0.014947 0.014947
1 0.164114 0.846034 0.012369 0.012369
1 0.632864 0.824549 0.012369 0.012369
1 0.107549 0.775622 0.019022 0.019022
1 0.535283 0.754138 0.019022 0.019022
1 0.297002 0.717028 0.019022 0.019022
1 0.121220 0.687732 0.019022 0.019022
1 0.578252 0.650622 0.019022 0.019022
1 0.718877 0.646716 0.019022 0.019022
1 0.312627 0.623278 0.019022 0.019022
1 0.460938 0.601562 0.014947 0.014947
1 0.396611 0.572497 0.019022 0.019022
1 0.181767 0.568591 0.019022 0.019022
1 0.500127 0.564685 0.019022 0.019022
1 0.123174 0.564685 0.019022 0.019022
1 0.666142 0.554919 0.019022 0.019022
1 0.254033 0.531482 0.019022 0.019022
1 0.470703 0.470703 0.022475 0.022475
1 0.138799 0.459216 0.019022 0.019022
1 0.287236 0.384997 0.019022 0.019022
1 0.357422 0.220703 0.022475 0.022475
1 0.172002 0.125232 0.019022 0.019022
1 0.023564 0.049060 0.019022 0.019022
1 0.273489 0.006190 0.012369 0.012369
1 0.244141 0.990234 0.014947 0.014947
1 0.275517 0.947497 0.019022 0.019022
1 0.761770 0.928065 0.012369 0.012369
1 0.259766 0.923828 0.014947 0.014947
1 0.115286 0.900721 0.012369 0.012369
1 0.390677 0.875331 0.012369 0.012369
1 0.324345 0.851794 0.019022 0.019022
1 0.476689 0.769763 0.019022 0.019022
1 0.265752 0.738513 0.019022 0.019022
1 0.361455 0.730700 0.019022 0.019022
1 0.238408 0.668200 0.019022 0.019022
1 0.589970 0.541247 0.019022 0.019022
1 0.060674 0.513903 0.019022 0.019022
1 0.339844 0.410156 0.022475 0.022475
1 0.353642 0.377185 0.019022 0.019022
1 0.988281 0.605469 0.014947 0.014947
1 0.792969 0.134766 0.014947 0.014947
1 0.666016 0.585938 0.014947 0.014947
1 0.519531 0.425781 0.022475 0.022475
1 0.076299 0.289294 0.019022 0.019022
