1 0.974609 0.560547 0.022475 0.022475
1 0.515752 0.545153 0.019022 0.019022
1 0.494297 0.379116 0.026766 0.026766
1 0.922002 0.185778 0.019022 0.019022
1 0.035313 0.111538 0.026766 0.026766
1 0.962891 0.064453 0.014947 0.014947
1 0.945312 0.044922 0.014947 0.014947
1 0.603642 0.011950 0.019022 0.019022
1 0.880986 0.377185 0.019022 0.019022
1 0.621220 0.375232 0.019022 0.019022
1 0.925908 0.349841 0.019022 0.019022
1 0.197392 0.125232 0.019022 0.019022
1 0.791142 0.093982 0.019022 0.019022
1 0.517705 0.074450 0.019022 0.019022
1 0.168095 0.062732 0.019022 0.019022
1 0.623174 0.041247 0.019022 0.019022
1 0.228642 0.039294 0.019022 0.019022
1 0.437627 0.019763 0.019022 0.019022
1 0.509766 0.009766 0.014947 0.014947
1 0.951299 0.613513 0.019022 0.019022
1 0.824345 0.551013 0.019022 0.019022
1 0.668095 0.511950 0.019022 0.019022
1 0.955205 0.496325 0.019022 0.019022
1 0.920049 0.488513 0.019022 0.019022
1 0.279424 0.465075 0.019022 0.019022
1 0.640752 0.455310 0.019022 0.019022
1 0.466924 0.443591 0.019022 0.019022
1 0.896611 0.435778 0.019022 0.019022
1 0.672002 0.431872 0.019022 0.019022
1 0.074345 0.424060 0.019022 0.019022
1 0.517705 0.422107 0.019022 0.019022
1 0.043095 0.386950 0.019022 0.019022
1 0.554814 0.353747 0.019022 0.019022
1 0.666016 0.349609 0.014947 0.014947
1 0.539189 0.291247 0.019022 0.019022
1 0.816533 0.285388 0.019022 0.019022
1 0.705205 0.287341 0.019022 0.019022
1 0.658330 0.275622 0.019022 0.019022
1 0.554814 0.244372 0.019022 0.019022
1 0.800908 0.226794 0.019022 0.019022
1 0.511719 0.222656 0.022475 0.022475
1 0.254033 0.162341 0.019022 0.019022
1 0.527470 0.134997 0.019022 0.019022
1 0.244267 0.127185 0.019022 0.019022
1 0.675781 0.125000 0.022475 0.022475
1 0.070439 0.117419 0.019022 0.019022
1 0.707031 0.101562 0.022475 0.022475
1 0.113408 0.092028 0.019022 0.019022
1 0.099609 0.050781 0.014947 0.014947
1 0.089844 0.027344 0.014947 0.014947
1 0.990234 0.822266 0.014947 0.014947
1 0.347656 0.681641 0.014947 0.014947
1 0.933720 0.638903 0.019022 0.019022
1 0.664189 0.603747 0.019022 0.019022
1 0.759892 0.595935 0.019022 0.019022
1 0.396611 0.576403 0.019022 0.019022
1 0.654424 0.566638 0.019022 0.019022
1 0.765752 0.543200 0.019022 0.019022
1 0.783330 0.482653 0.019022 0.019022
1 0.451299 0.470935 0.019022 0.019022
1 0.234502 0.467028 0.019022 0.019022
1 0.879033 0.338122 0.019022 0.019022
1 0.230595 0.330310 0.019022 0.019022
1 0.488408 0.256091 0.019022 0.019022
1 0.666016 0.212891 0.022475 0.022475
1 0.013799 0.154528 0.019022 0.019022
1 0.769531 0.130859 0.030378 0.030378
1 0.005911 0.078456 0.012369 0.012369
1 0.718877 0.965075 0.019022 0.019022
1 0.566533 0.955310 0.019022 0.019022
1 0.658330 0.947497 0.019022 0.019022
1 0.152470 0.931872 0.019022 0.019022
1 0.074270 0.861659 0.012369 0.012369
1 0.804814 0.863513 0.019022 0.019022
1 0.939580 0.853747 0.019022 0.019022
1 0.140752 0.804919 0.019022 0.019022
1 0.795049 0.779528 0.019022 0.019022
1 0.597783 0.769763 0.019022 0.019022
1 0.336064 0.767810 0.019022 0.019022
1 0.398489 0.765956 0.012369 0.012369
1 0.386719 0.746094 0.014947 0.014947
1 0.035283 0.744372 0.019022 0.019022
1 0.207158 0.720935 0.019022 0.019022
1 0.142705 0.697497 0.019022 0.019022
1 0.746220 0.677966 0.019022 0.019022
1 0.328125 0.666016 0.014947 0.014947
1 0.113408 0.662341 0.019022 0.019022
1 0.181641 0.660156 0.030378 0.030378
1 0.519658 0.652575 0.019022 0.019022
1 0.558720 0.640857 0.019022 0.019022
1 0.361455 0.634997 0.019022 0.019022
1 0.630986 0.599841 0.019022 0.019022
1 0.017705 0.593982 0.019022 0.019022
1 0.031377 0.472888 0.019022 0.019022
1 0.373174 0.447497 0.019022 0.019022
1 0.125127 0.431872 0.019022 0.019022
1 0.097783 0.316638 0.019022 0.019022
1 0.332158 0.957263 0.019022 0.019022
1 0.097656 0.880859 0.014947 0.014947
1 0.494267 0.781482 0.019022 0.019022
1 0.574345 0.740466 0.019022 0.019022
1 0.361455 0.720935 0.019022 0.019022
1 0.824219 0.004883 0.011662 0.011662
1 0.619141 0.988281 0.014947 0.014947
1 0.293095 0.929919 0.019022 0.019022
1 0.623174 0.884997 0.019022 0.019022
1 0.244267 0.748278 0.019022 0.019022
1 0.547002 0.576403 0.019022 0.019022
1 0.648438 0.332031 0.014947 0.014947
1 0.843877 0.136950 0.019022 0.019022
1 0.646611 0.070544 0.019022 0.019022
1 0.789062 0.275391 0.014947 0.014947
1 0.689453 0.496094 0.014947 0.014947
