1 0.043095 0.904528 0.019022 0.019022
1 0.300781 0.839844 0.022475 0.022475
1 0.289062 0.748047 0.022475 0.022475
1 0.472813 0.299038 0.026766 0.026766
1 0.205078 0.246094 0.022475 0.022475
1 0.845830 0.176013 0.019022 0.019022
1 0.986455 0.129138 0.019022 0.019022
1 0.746145 0.053065 0.012369 0.012369
1 0.767630 0.053065 0.012369 0.012369
1 0.816533 0.041247 0.019022 0.019022
1 0.621220 0.039294 0.019022 0.019022
1 0.675781 0.011719 0.014947 0.014947
1 0.650391 0.007812 0.014947 0.014947
1 0.970830 0.474841 0.019022 0.019022
1 0.976689 0.429919 0.019022 0.019022
1 0.957158 0.386950 0.019022 0.019022
1 0.959111 0.343982 0.019022 0.019022
1 0.800781 0.324219 0.014947 0.014947
1 0.781250 0.306641 0.014947 0.014947
1 0.550908 0.103747 0.019022 0.019022
1 0.593877 0.043200 0.019022 0.019022
1 0.775517 0.019763 0.019022 0.019022
1 0.005911 0.805018 0.012369 0.012369
1 0.963017 0.726794 0.019022 0.019022
1 0.617188 0.531250 0.014947 0.014947
1 0.541016 0.470703 0.014947 0.014947
1 0.816533 0.449450 0.019022 0.019022
1 0.349736 0.386950 0.019022 0.019022
1 0.486328 0.363281 0.014947 0.014947
1 0.701299 0.359607 0.019022 0.019022
1 0.730595 0.357653 0.019022 0.019022
1 0.377080 0.326403 0.019022 0.019022
1 0.670049 0.312732 0.019022 0.019022
1 0.640752 0.224841 0.019022 0.019022
1 0.451299 0.197497 0.019022 0.019022
1 0.582158 0.176013 0.019022 0.019022
1 0.396611 0.144763 0.019022 0.019022
1 0.191533 0.084216 0.019022 0.019022
1 0.320439 0.072497 0.019022 0.019022
1 0.847708 0.972987 0.012369 0.012369
1 0.791016 0.857422 0.014947 0.014947
1 0.763672 0.826172 0.014947 0.014947
1 0.306767 0.715075 0.019022 0.019022
1 0.941533 0.711169 0.019022 0.019022
1 0.697266 0.705078 0.014947 0.014947
1 0.777344 0.681641 0.014947 0.014947
1 0.648564 0.640857 0.019022 0.019022
1 0.957158 0.627185 0.019022 0.019022
1 0.418095 0.613513 0.019022 0.019022
1 0.513724 0.506190 0.012369 0.012369
1 0.521536 0.486659 0.012369 0.012369
1 0.451299 0.478747 0.019022 0.019022
1 0.156377 0.470935 0.019022 0.019022
1 0.513799 0.427966 0.019022 0.019022
1 0.291142 0.404528 0.019022 0.019022
1 0.466849 0.375331 0.012369 0.012369
1 0.580205 0.347888 0.019022 0.019022
1 0.453252 0.345935 0.019022 0.019022
1 0.287236 0.336169 0.019022 0.019022
1 0.435674 0.283435 0.019022 0.019022
1 0.373047 0.134766 0.014947 0.014947
1 0.043095 0.133044 0.019022 0.019022
1 0.076299 0.076403 0.019022 0.019022
1 0.062627 0.039294 0.019022 0.019022
1 0.855469 0.951172 0.014947 0.014947
1 0.841954 0.914272 0.026766 0.026766
1 0.871220 0.861560 0.019022 0.019022
1 0.822392 0.855700 0.019022 0.019022
1 0.765625 0.855469 0.014947 0.014947
1 0.642705 0.826403 0.019022 0.019022
1 0.609375 0.775391 0.014947 0.014947
1 0.476689 0.767810 0.019022 0.019022
1 0.593877 0.754138 0.019022 0.019022
1 0.670049 0.707263 0.019022 0.019022
1 0.791067 0.699549 0.012369 0.012369
1 0.289062 0.666016 0.014947 0.014947
1 0.429814 0.658435 0.019022 0.019022
1 0.871220 0.629138 0.019022 0.019022
1 0.773564 0.621325 0.019022 0.019022
1 0.386845 0.613513 0.019022 0.019022
1 0.658330 0.599841 0.019022 0.019022
1 0.566458 0.584315 0.012369 0.012369
1 0.625000 0.560547 0.014947 0.014947
1 0.279424 0.511950 0.019022 0.019022
1 0.238408 0.508044 0.019022 0.019022
1 0.291142 0.453357 0.019022 0.019022
1 0.203252 0.406482 0.019022 0.019022
1 0.185599 0.344081 0.012369 0.012369
1 0.123174 0.293200 0.019022 0.019022
1 0.005911 0.019862 0.012369 0.012369
1 0.380859 0.929688 0.014947 0.014947
1 0.435674 0.849841 0.019022 0.019022
1 0.117314 0.783435 0.019022 0.019022
1 0.103642 0.756091 0.019022 0.019022
1 0.470830 0.707263 0.019022 0.019022
1 0.072392 0.699450 0.019022 0.019022
1 0.529424 0.642810 0.019022 0.019022
1 0.291142 0.634997 0.019022 0.019022
1 0.166142 0.629138 0.019022 0.019022
1 0.232549 0.586169 0.019022 0.019022
1 0.193486 0.560778 0.019022 0.019022
1 0.023564 0.248278 0.019022 0.019022
1 0.007812 0.974609 0.014947 0.014947
1 0.408330 0.937732 0.019022 0.019022
1 0.209111 0.922107 0.019022 0.019022
1 0.324345 0.914294 0.019022 0.019022
1 0.273564 0.900622 0.019022 0.019022
1 0.394658 0.840075 0.019022 0.019022
1 0.357549 0.840075 0.019022 0.019022
1 0.992239 0.758143 0.012369 0.012369
1 0.369267 0.703357 0.019022 0.019022
1 0.111455 0.672107 0.019022 0.019022
1 0.312627 0.541247 0.019022 0.019022
1 0.043095 0.422107 0.019022 0.019022
1 0.248174 0.379138 0.019022 0.019022
1 0.189580 0.857653 0.019022 0.019022
1 0.130986 0.965075 0.019022 0.019022
1 0.058720 0.945544 0.019022 0.019022
