1 0.697422 0.451382 0.026766 0.026766
1 0.654297 0.833984 0.022475 0.022475
1 0.978642 0.033435 0.019022 0.019022
1 0.207083 0.008143 0.012369 0.012369
1 0.746094 0.277344 0.014947 0.014947
1 0.990234 0.201172 0.014947 0.014947
1 0.857549 0.133044 0.019022 0.019022
1 0.781250 0.128906 0.014947 0.014947
1 0.777395 0.105799 0.012369 0.012369
1 0.855595 0.076403 0.019022 0.019022
1 0.668095 0.062732 0.019022 0.019022
1 0.890752 0.547107 0.019022 0.019022
1 0.990234 0.466797 0.014947 0.014947
1 0.857549 0.455310 0.019022 0.019022
1 0.820312 0.429688 0.014947 0.014947
1 0.812500 0.406250 0.014947 0.014947
1 0.681767 0.375232 0.019022 0.019022
1 0.785156 0.351562 0.022475 0.022475
1 0.593877 0.312732 0.019022 0.019022
1 0.763672 0.294922 0.014947 0.014947
1 0.548955 0.252185 0.019022 0.019022
1 0.765752 0.232653 0.019022 0.019022
1 0.611455 0.224841 0.019022 0.019022
1 0.931767 0.218982 0.019022 0.019022
1 0.601689 0.179919 0.019022 0.019022
1 0.947392 0.158435 0.019022 0.019022
1 0.341924 0.152575 0.019022 0.019022
1 0.552861 0.136950 0.019022 0.019022
1 0.529424 0.058825 0.019022 0.019022
1 0.707158 0.047107 0.019022 0.019022
1 0.814580 0.039294 0.019022 0.019022
1 0.943486 0.031482 0.019022 0.019022
1 0.732549 0.777575 0.019022 0.019022
1 0.929814 0.726794 0.019022 0.019022
1 0.820439 0.713122 0.019022 0.019022
1 0.582031 0.675781 0.014947 0.014947
1 0.875127 0.593982 0.019022 0.019022
1 0.920049 0.504138 0.019022 0.019022
1 0.259892 0.492419 0.019022 0.019022
1 0.916016 0.470703 0.022475 0.022475
1 0.482549 0.459216 0.019022 0.019022
1 0.632939 0.455310 0.019022 0.019022
1 0.593877 0.394763 0.019022 0.019022
1 0.531377 0.289294 0.019022 0.019022
1 0.339970 0.263903 0.019022 0.019022
1 0.453252 0.242419 0.019022 0.019022
1 0.349736 0.218982 0.019022 0.019022
1 0.451299 0.140857 0.019022 0.019022
1 0.138799 0.131091 0.019022 0.019022
1 0.281377 0.117419 0.019022 0.019022
1 0.558720 0.041247 0.019022 0.019022
1 0.341924 0.013903 0.019022 0.019022
1 0.902470 0.937732 0.019022 0.019022
1 0.951299 0.912341 0.019022 0.019022
1 0.939580 0.863513 0.019022 0.019022
1 0.541142 0.832263 0.019022 0.019022
1 0.457031 0.812500 0.014947 0.014947
1 0.701299 0.779528 0.019022 0.019022
1 0.484375 0.773438 0.014947 0.014947
1 0.769531 0.763672 0.022475 0.022475
1 0.672002 0.746325 0.019022 0.019022
1 0.578125 0.726562 0.014947 0.014947
1 0.746220 0.681872 0.019022 0.019022
1 0.605520 0.672206 0.012369 0.012369
1 0.730595 0.656482 0.019022 0.019022
1 0.531377 0.593982 0.019022 0.019022
1 0.300781 0.572266 0.014947 0.014947
1 0.289062 0.550781 0.014947 0.014947
1 0.433720 0.508044 0.019022 0.019022
1 0.332031 0.476562 0.014947 0.014947
1 0.357422 0.470703 0.014947 0.014947
1 0.285156 0.468750 0.014947 0.014947
1 0.447392 0.457263 0.019022 0.019022
1 0.169922 0.349609 0.014947 0.014947
1 0.400517 0.302966 0.019022 0.019022
1 0.179814 0.261950 0.019022 0.019022
1 0.087891 0.226562 0.014947 0.014947
1 0.213017 0.224841 0.019022 0.019022
1 0.261719 0.216797 0.014947 0.014947
1 0.070312 0.087891 0.014947 0.014947
1 0.136845 0.076403 0.019022 0.019022
1 0.677861 0.976794 0.019022 0.019022
1 0.414189 0.935778 0.019022 0.019022
1 0.312500 0.931641 0.014947 0.014947
1 0.779424 0.924060 0.019022 0.019022
1 0.373174 0.888903 0.019022 0.019022
1 0.480469 0.820312 0.014947 0.014947
1 0.369267 0.816638 0.019022 0.019022
1 0.300908 0.769763 0.019022 0.019022
1 0.125052 0.736659 0.012369 0.012369
1 0.279349 0.711268 0.012369 0.012369
1 0.255859 0.707031 0.014947 0.014947
1 0.310674 0.699450 0.019022 0.019022
1 0.357549 0.664294 0.019022 0.019022
1 0.039189 0.646716 0.019022 0.019022
1 0.132939 0.613513 0.019022 0.019022
1 0.209111 0.498278 0.019022 0.019022
1 0.052861 0.496325 0.019022 0.019022
1 0.009766 0.441406 0.014947 0.014947
1 0.183720 0.410388 0.019022 0.019022
1 0.009766 0.400391 0.014947 0.014947
1 0.080205 0.342028 0.019022 0.019022
1 0.255986 0.306872 0.019022 0.019022
1 0.080205 0.197497 0.019022 0.019022
1 0.144658 0.172107 0.019022 0.019022
1 0.535156 0.988281 0.014947 0.014947
1 0.177734 0.974609 0.014947 0.014947
1 0.037109 0.953125 0.014947 0.014947
1 0.074345 0.931872 0.019022 0.019022
1 0.332031 0.916016 0.014947 0.014947
1 0.097656 0.867188 0.014947 0.014947
1 0.095703 0.628906 0.014947 0.014947
1 0.173828 0.496094 0.014947 0.014947
1 0.574345 0.373278 0.019022 0.019022
1 0.484502 0.299060 0.019022 0.019022
1 0.109502 0.941638 0.019022 0.019022
1 0.009766 0.888672 0.014947 0.014947
1 0.589844 0.796875 0.030378 0.030378
