1 0.320312 0.917969 0.022475 0.022475
1 0.378906 0.794922 0.022475 0.022475
1 0.183594 0.699219 0.022475 0.022475
1 0.365234 0.677734 0.022475 0.022475
1 0.783360 0.406460 0.026766 0.026766
1 0.246094 0.396484 0.030378 0.030378
1 0.964970 0.144763 0.019022 0.019022
1 0.972783 0.023669 0.019022 0.019022
1 0.822317 0.619471 0.012369 0.012369
1 0.849736 0.314685 0.019022 0.019022
1 0.896611 0.287341 0.019022 0.019022
1 0.853642 0.236560 0.019022 0.019022
1 0.730595 0.222888 0.019022 0.019022
1 0.814580 0.209216 0.019022 0.019022
1 0.533330 0.185778 0.019022 0.019022
1 0.922002 0.152575 0.019022 0.019022
1 0.060674 0.129138 0.019022 0.019022
1 0.371094 0.101562 0.014947 0.014947
1 0.814580 0.099841 0.019022 0.019022
1 0.394531 0.097656 0.014947 0.014947
1 0.767578 0.011719 0.014947 0.014947
1 0.916016 0.984375 0.014947 0.014947
1 0.369297 0.937710 0.026766 0.026766
1 0.906377 0.799060 0.019022 0.019022
1 0.906377 0.691638 0.019022 0.019022
1 0.820439 0.545153 0.019022 0.019022
1 0.916142 0.472888 0.019022 0.019022
1 0.599609 0.462891 0.014947 0.014947
1 0.297002 0.435778 0.019022 0.019022
1 0.859502 0.412341 0.019022 0.019022
1 0.539189 0.369372 0.019022 0.019022
1 0.359502 0.351794 0.019022 0.019022
1 0.252080 0.342028 0.019022 0.019022
1 0.703252 0.271716 0.019022 0.019022
1 0.478642 0.261950 0.019022 0.019022
1 0.761845 0.256091 0.019022 0.019022
1 0.101689 0.179919 0.019022 0.019022
1 0.822392 0.174060 0.019022 0.019022
1 0.302861 0.162341 0.019022 0.019022
1 0.127080 0.148669 0.019022 0.019022
1 0.201299 0.144763 0.019022 0.019022
1 0.255986 0.127185 0.019022 0.019022
1 0.701299 0.060778 0.019022 0.019022
1 0.300908 0.047107 0.019022 0.019022
1 0.894658 0.967028 0.019022 0.019022
1 0.669922 0.929688 0.014947 0.014947
1 0.693359 0.925781 0.014947 0.014947
1 0.255986 0.726794 0.019022 0.019022
1 0.539062 0.689453 0.014947 0.014947
1 0.129033 0.576403 0.019022 0.019022
1 0.629033 0.568591 0.019022 0.019022
1 0.230595 0.527575 0.019022 0.019022
1 0.396611 0.496325 0.019022 0.019022
1 0.043095 0.474841 0.019022 0.019022
1 0.468877 0.465075 0.019022 0.019022
1 0.527470 0.463122 0.019022 0.019022
1 0.109502 0.461169 0.019022 0.019022
1 0.576172 0.460938 0.014947 0.014947
1 0.048955 0.429919 0.019022 0.019022
1 0.029424 0.386950 0.019022 0.019022
1 0.511719 0.349609 0.022475 0.022475
1 0.451299 0.343982 0.019022 0.019022
1 0.031377 0.343982 0.019022 0.019022
1 0.086064 0.123278 0.019022 0.019022
1 0.564580 0.937732 0.019022 0.019022
1 0.787236 0.937732 0.019022 0.019022
1 0.547002 0.894763 0.019022 0.019022
1 0.480595 0.879138 0.019022 0.019022
1 0.662109 0.871094 0.022475 0.022475
1 0.386845 0.855700 0.019022 0.019022
1 0.101689 0.804919 0.019022 0.019022
1 0.830205 0.799060 0.019022 0.019022
1 0.547002 0.791247 0.019022 0.019022
1 0.742314 0.775622 0.019022 0.019022
1 0.570312 0.771484 0.014947 0.014947
1 0.584111 0.724841 0.019022 0.019022
1 0.283203 0.722656 0.014947 0.014947
1 0.121094 0.693359 0.014947 0.014947
1 0.611328 0.658203 0.022475 0.022475
1 0.121094 0.400391 0.014947 0.014947
1 0.089844 0.396484 0.030378 0.030378
1 0.482549 0.332263 0.019022 0.019022
1 0.574270 0.006190 0.012369 0.012369
1 0.293095 0.982653 0.019022 0.019022
1 0.287236 0.875232 0.019022 0.019022
1 0.086064 0.842028 0.019022 0.019022
1 0.482549 0.836169 0.019022 0.019022
1 0.279424 0.834216 0.019022 0.019022
1 0.070439 0.758044 0.019022 0.019022
1 0.332158 0.746325 0.019022 0.019022
1 0.035156 0.726562 0.014947 0.014947
1 0.130859 0.718750 0.014947 0.014947
1 0.013672 0.710938 0.014947 0.014947
1 0.992239 0.555018 0.012369 0.012369
1 0.132812 0.449219 0.014947 0.014947
1 0.420049 0.422107 0.019022 0.019022
1 0.441406 0.375000 0.030378 0.030378
1 0.992239 0.051112 0.012369 0.012369
1 0.091924 0.873278 0.019022 0.019022
1 0.718750 0.857422 0.022475 0.022475
1 0.029424 0.627185 0.019022 0.019022
1 0.523489 0.674159 0.012369 0.012369
1 0.164062 0.671875 0.014947 0.014947
