1 0.873047 0.406250 0.022475 0.022475
1 0.591954 0.107632 0.026766 0.026766
1 0.287109 0.056641 0.022475 0.022475
1 0.972656 0.904297 0.022475 0.022475
1 0.929814 0.804919 0.019022 0.019022
1 0.775391 0.748047 0.022475 0.022475
1 0.668020 0.654628 0.012369 0.012369
1 0.449219 0.583984 0.014947 0.014947
1 0.269658 0.968982 0.019022 0.019022
1 0.060674 0.836169 0.019022 0.019022
1 0.990234 0.039062 0.014947 0.014947
1 0.865391 0.771694 0.026766 0.026766
1 0.656302 0.637049 0.012369 0.012369
1 0.894531 0.378906 0.014947 0.014947
1 0.795049 0.267810 0.019022 0.019022
1 0.970830 0.133044 0.019022 0.019022
1 0.777470 0.105700 0.019022 0.019022
1 0.650517 0.088122 0.019022 0.019022
1 0.867314 0.052966 0.019022 0.019022
1 0.175908 0.049060 0.019022 0.019022
1 0.933720 0.017810 0.019022 0.019022
1 0.822392 0.552966 0.019022 0.019022
1 0.697392 0.508044 0.019022 0.019022
1 0.923955 0.488513 0.019022 0.019022
1 0.925908 0.355700 0.019022 0.019022
1 0.226614 0.312831 0.012369 0.012369
1 0.357422 0.304688 0.014947 0.014947
1 0.748174 0.287341 0.019022 0.019022
1 0.951299 0.248278 0.019022 0.019022
1 0.324345 0.226794 0.019022 0.019022
1 0.886845 0.211169 0.019022 0.019022
1 0.470703 0.201172 0.014947 0.014947
1 0.562627 0.179919 0.019022 0.019022
1 0.642705 0.154528 0.019022 0.019022
1 0.838017 0.127185 0.019022 0.019022
1 0.525517 0.109607 0.019022 0.019022
1 0.209111 0.086169 0.019022 0.019022
1 0.683720 0.078357 0.019022 0.019022
1 0.339895 0.058924 0.012369 0.012369
1 0.017578 0.037109 0.014947 0.014947
1 0.933720 0.972888 0.019022 0.019022
1 0.218750 0.964844 0.022475 0.022475
1 0.904424 0.918200 0.019022 0.019022
1 0.904424 0.767810 0.019022 0.019022
1 0.591924 0.742419 0.019022 0.019022
1 0.808720 0.679919 0.019022 0.019022
1 0.859502 0.660388 0.019022 0.019022
1 0.068359 0.621094 0.014947 0.014947
1 0.363281 0.593750 0.014947 0.014947
1 0.388672 0.587891 0.014947 0.014947
1 0.765752 0.498278 0.019022 0.019022
1 0.271611 0.490466 0.019022 0.019022
1 0.845830 0.463122 0.019022 0.019022
1 0.328252 0.463122 0.019022 0.019022
1 0.279424 0.447497 0.019022 0.019022
1 0.730595 0.424060 0.019022 0.019022
1 0.970830 0.422107 0.019022 0.019022
1 0.550908 0.404528 0.019022 0.019022
1 0.345830 0.400622 0.019022 0.019022
1 0.138799 0.400622 0.019022 0.019022
1 0.189580 0.367419 0.019022 0.019022
1 0.396611 0.365466 0.019022 0.019022
1 0.461064 0.334216 0.019022 0.019022
1 0.045049 0.324450 0.019022 0.019022
1 0.504033 0.293200 0.019022 0.019022
1 0.603642 0.289294 0.019022 0.019022
1 0.068486 0.285388 0.019022 0.019022
1 0.351689 0.277575 0.019022 0.019022
1 0.187627 0.275622 0.019022 0.019022
1 0.273564 0.203357 0.019022 0.019022
1 0.466797 0.175781 0.014947 0.014947
1 0.341849 0.080409 0.012369 0.012369
1 0.367188 0.007812 0.014947 0.014947
1 0.810674 0.976794 0.019022 0.019022
1 0.589970 0.963122 0.019022 0.019022
1 0.912161 0.953456 0.012369 0.012369
1 0.986455 0.945544 0.019022 0.019022
1 0.834111 0.902575 0.019022 0.019022
1 0.625127 0.859607 0.019022 0.019022
1 0.470830 0.853747 0.019022 0.019022
1 0.560674 0.847888 0.019022 0.019022
1 0.195312 0.845703 0.014947 0.014947
1 0.820439 0.830310 0.019022 0.019022
1 0.228567 0.814784 0.012369 0.012369
1 0.593877 0.789294 0.019022 0.019022
1 0.129033 0.777575 0.019022 0.019022
1 0.617314 0.728747 0.019022 0.019022
1 0.839970 0.720935 0.019022 0.019022
1 0.711064 0.711169 0.019022 0.019022
1 0.377080 0.693591 0.019022 0.019022
1 0.773564 0.689685 0.019022 0.019022
1 0.154424 0.670153 0.019022 0.019022
1 0.205205 0.660388 0.019022 0.019022
1 0.039189 0.638903 0.019022 0.019022
1 0.093877 0.611560 0.019022 0.019022
1 0.558720 0.593982 0.019022 0.019022
1 0.207158 0.590075 0.019022 0.019022
1 0.470755 0.586268 0.012369 0.012369
1 0.279424 0.578357 0.019022 0.019022
1 0.242314 0.578357 0.019022 0.019022
1 0.078252 0.558825 0.019022 0.019022
1 0.398564 0.543200 0.019022 0.019022
1 0.111455 0.527575 0.019022 0.019022
1 0.236455 0.525622 0.019022 0.019022
1 0.461064 0.502185 0.019022 0.019022
1 0.316533 0.496325 0.019022 0.019022
1 0.371220 0.494372 0.019022 0.019022
1 0.412236 0.439685 0.019022 0.019022
1 0.093877 0.422107 0.019022 0.019022
1 0.056767 0.400622 0.019022 0.019022
1 0.037109 0.378906 0.014947 0.014947
1 0.099736 0.258044 0.019022 0.019022
1 0.025517 0.215075 0.019022 0.019022
1 0.644658 0.187732 0.019022 0.019022
1 0.501953 0.964844 0.014947 0.014947
1 0.066406 0.964844 0.014947 0.014947
1 0.505859 0.896484 0.014947 0.014947
1 0.423955 0.879138 0.019022 0.019022
1 0.314580 0.877185 0.019022 0.019022
1 0.007864 0.863612 0.012369 0.012369
1 0.664189 0.855700 0.019022 0.019022
1 0.386719 0.843750 0.014947 0.014947
1 0.207031 0.822266 0.014947 0.014947
1 0.519531 0.818359 0.014947 0.014947
1 0.332158 0.818591 0.019022 0.019022
1 0.029349 0.764003 0.012369 0.012369
1 0.433720 0.744372 0.019022 0.019022
1 0.039114 0.744471 0.012369 0.012369
1 0.156377 0.720935 0.019022 0.019022
1 0.361455 0.717028 0.019022 0.019022
1 0.033330 0.709216 0.019022 0.019022
1 0.129033 0.623278 0.019022 0.019022
1 0.687627 0.133044 0.019022 0.019022
1 0.382864 0.990565 0.012369 0.012369
1 0.488333 0.006190 0.012369 0.012369
1 0.386845 0.902575 0.019022 0.019022
1 0.435718 0.693562 0.034741 0.034741
