1 0.875000 0.810547 0.022475 0.022475
1 0.466797 0.716797 0.014947 0.014947
1 0.861328 0.253906 0.022475 0.022475
1 0.048985 0.240444 0.026766 0.026766
1 0.039062 0.169922 0.022475 0.022475
1 0.988281 0.835938 0.014947 0.014947
1 0.763672 0.583984 0.022475 0.022475
1 0.310674 0.414294 0.019022 0.019022
1 0.767705 0.968982 0.019022 0.019022
1 0.789062 0.429688 0.014947 0.014947
1 0.056767 0.920153 0.019022 0.019022
1 0.306767 0.353747 0.019022 0.019022
1 0.320469 0.250210 0.026766 0.026766
1 0.658330 0.189685 0.019022 0.019022
1 0.433720 0.185778 0.019022 0.019022
1 0.793095 0.107653 0.019022 0.019022
1 0.464844 0.070312 0.030378 0.030378
1 0.890752 0.066638 0.019022 0.019022
1 0.408203 0.050781 0.014947 0.014947
1 0.943486 0.037341 0.019022 0.019022
1 0.824345 0.033435 0.019022 0.019022
1 0.461064 0.033435 0.019022 0.019022
1 0.757939 0.015857 0.019022 0.019022
1 0.966924 0.638903 0.019022 0.019022
1 0.734502 0.551013 0.019022 0.019022
1 0.695439 0.517810 0.019022 0.019022
1 0.744267 0.498278 0.019022 0.019022
1 0.769531 0.480469 0.014947 0.014947
1 0.865361 0.447497 0.019022 0.019022
1 0.751953 0.406250 0.014947 0.014947
1 0.031250 0.406250 0.022475 0.022475
1 0.984375 0.400391 0.014947 0.014947
1 0.777344 0.400391 0.014947 0.014947
1 0.865361 0.398669 0.019022 0.019022
1 0.677861 0.383044 0.019022 0.019022
1 0.964970 0.379138 0.019022 0.019022
1 0.972783 0.324450 0.019022 0.019022
1 0.812627 0.320544 0.019022 0.019022
1 0.294922 0.267578 0.014947 0.014947
1 0.908330 0.238513 0.019022 0.019022
1 0.748174 0.236560 0.019022 0.019022
1 0.326299 0.187732 0.019022 0.019022
1 0.392705 0.172107 0.019022 0.019022
1 0.525517 0.168200 0.019022 0.019022
1 0.757939 0.127185 0.019022 0.019022
1 0.162109 0.099609 0.014947 0.014947
1 0.423828 0.072266 0.014947 0.014947
1 0.384766 0.068359 0.014947 0.014947
1 0.795049 0.041247 0.019022 0.019022
1 0.902470 0.931872 0.019022 0.019022
1 0.966849 0.744471 0.012369 0.012369
1 0.638799 0.711169 0.019022 0.019022
1 0.959111 0.709216 0.019022 0.019022
1 0.869267 0.695544 0.019022 0.019022
1 0.904424 0.640857 0.019022 0.019022
1 0.293095 0.619372 0.019022 0.019022
1 0.728642 0.595935 0.019022 0.019022
1 0.914189 0.590075 0.019022 0.019022
1 0.867314 0.580310 0.019022 0.019022
1 0.912236 0.547107 0.019022 0.019022
1 0.203252 0.500232 0.019022 0.019022
1 0.709111 0.447497 0.019022 0.019022
1 0.187627 0.406482 0.019022 0.019022
1 0.617314 0.359607 0.019022 0.019022
1 0.193359 0.359375 0.014947 0.014947
1 0.281250 0.353516 0.014947 0.014947
1 0.267578 0.333984 0.014947 0.014947
1 0.478642 0.332263 0.019022 0.019022
1 0.134892 0.326403 0.019022 0.019022
1 0.115234 0.306641 0.014947 0.014947
1 0.294922 0.291016 0.014947 0.014947
1 0.574270 0.258143 0.012369 0.012369
1 0.591849 0.248378 0.012369 0.012369
1 0.144658 0.220935 0.019022 0.019022
1 0.953252 0.215075 0.019022 0.019022
1 0.259892 0.199450 0.019022 0.019022
1 0.136845 0.160388 0.019022 0.019022
1 0.089970 0.144763 0.019022 0.019022
1 0.502080 0.138903 0.019022 0.019022
1 0.156377 0.127185 0.019022 0.019022
1 0.240361 0.117419 0.019022 0.019022
1 0.279424 0.033435 0.019022 0.019022
1 0.334036 0.006190 0.012369 0.012369
1 0.670049 0.968982 0.019022 0.019022
1 0.992239 0.965174 0.012369 0.012369
1 0.796875 0.966797 0.014947 0.014947
1 0.757812 0.937500 0.014947 0.014947
1 0.300781 0.923828 0.014947 0.014947
1 0.871220 0.873278 0.019022 0.019022
1 0.935674 0.863513 0.019022 0.019022
1 0.826299 0.842028 0.019022 0.019022
1 0.400517 0.804919 0.019022 0.019022
1 0.074345 0.779528 0.019022 0.019022
1 0.957083 0.764003 0.012369 0.012369
1 0.648564 0.759997 0.019022 0.019022
1 0.513799 0.740466 0.019022 0.019022
1 0.375127 0.724841 0.019022 0.019022
1 0.902470 0.715075 0.019022 0.019022
1 0.345830 0.713122 0.019022 0.019022
1 0.439453 0.705078 0.014947 0.014947
1 0.597783 0.693591 0.019022 0.019022
1 0.908330 0.687732 0.019022 0.019022
1 0.423828 0.685547 0.014947 0.014947
1 0.324345 0.685778 0.019022 0.019022
1 0.654297 0.675781 0.022475 0.022475
1 0.689580 0.660388 0.019022 0.019022
1 0.746220 0.656482 0.019022 0.019022
1 0.253906 0.636719 0.014947 0.014947
1 0.783330 0.634997 0.019022 0.019022
1 0.232422 0.623047 0.014947 0.014947
1 0.992239 0.621424 0.012369 0.012369
1 0.369267 0.607653 0.019022 0.019022
1 0.332083 0.578456 0.012369 0.012369
1 0.394658 0.576403 0.019022 0.019022
1 0.232549 0.494372 0.019022 0.019022
1 0.334111 0.433825 0.019022 0.019022
1 0.593877 0.422107 0.019022 0.019022
1 0.084111 0.410388 0.019022 0.019022
1 0.214970 0.377185 0.019022 0.019022
1 0.404424 0.377185 0.019022 0.019022
1 0.992239 0.285487 0.012369 0.012369
1 0.181767 0.197497 0.019022 0.019022
1 0.269658 0.168200 0.019022 0.019022
1 0.005911 0.078456 0.012369 0.012369
1 0.101689 0.045153 0.019022 0.019022
1 0.589970 0.945544 0.019022 0.019022
1 0.720830 0.937732 0.019022 0.019022
1 0.341924 0.935778 0.019022 0.019022
1 0.439453 0.882812 0.014947 0.014947
1 0.337891 0.880859 0.014947 0.014947
1 0.066406 0.853516 0.014947 0.014947
1 0.533330 0.851794 0.019022 0.019022
1 0.320439 0.840075 0.019022 0.019022
1 0.134892 0.830310 0.019022 0.019022
1 0.369267 0.826403 0.019022 0.019022
1 0.668095 0.806872 0.019022 0.019022
1 0.295049 0.756091 0.019022 0.019022
1 0.136845 0.642810 0.019022 0.019022
1 0.212891 0.632812 0.014947 0.014947
1 0.130986 0.578357 0.019022 0.019022
1 0.351562 0.572266 0.014947 0.014947
1 0.160283 0.531482 0.019022 0.019022
1 0.004738 0.242332 0.011452 0.011452
1 0.884892 0.170153 0.019022 0.019022
1 0.306692 0.943690 0.012369 0.012369
1 0.218750 0.908203 0.014947 0.014947
1 0.129033 0.875232 0.019022 0.019022
1 0.400517 0.629138 0.019022 0.019022
1 0.005911 0.515956 0.012369 0.012369
1 0.134766 0.004883 0.011662 0.011662
1 0.576172 0.376953 0.022475 0.022475
1 0.582158 0.717028 0.019022 0.019022
1 0.593907 0.513882 0.026766 0.026766
