1 0.783330 0.570544 0.019022 0.019022
1 0.046875 0.560547 0.022475 0.022475
1 0.794922 0.425781 0.022475 0.022475
1 0.429688 0.384766 0.022475 0.022475
1 0.289189 0.351794 0.019022 0.019022
1 0.763843 0.123250 0.034741 0.034741
1 0.943359 0.052734 0.022475 0.022475
1 0.644658 0.041247 0.019022 0.019022
1 0.810674 0.666247 0.019022 0.019022
1 0.806692 0.556971 0.012369 0.012369
1 0.970830 0.490466 0.019022 0.019022
1 0.779297 0.458984 0.014947 0.014947
1 0.713017 0.363513 0.019022 0.019022
1 0.353642 0.363513 0.019022 0.019022
1 0.892705 0.355700 0.019022 0.019022
1 0.586064 0.349841 0.019022 0.019022
1 0.949345 0.111560 0.019022 0.019022
1 0.713017 0.107653 0.019022 0.019022
1 0.662109 0.105469 0.014947 0.014947
1 0.920049 0.076403 0.019022 0.019022
1 0.017578 0.044922 0.014947 0.014947
1 0.097656 0.007812 0.014947 0.014947
1 0.525391 0.962891 0.022475 0.022475
1 0.341924 0.711169 0.019022 0.019022
1 0.879033 0.677966 0.019022 0.019022
1 0.656377 0.654528 0.019022 0.019022
1 0.685674 0.631091 0.019022 0.019022
1 0.576299 0.564685 0.019022 0.019022
1 0.838017 0.547107 0.019022 0.019022
1 0.603642 0.537341 0.019022 0.019022
1 0.306641 0.531250 0.014947 0.014947
1 0.943486 0.527575 0.019022 0.019022
1 0.771484 0.480469 0.014947 0.014947
1 0.580205 0.476794 0.019022 0.019022
1 0.730595 0.461169 0.019022 0.019022
1 0.605469 0.458984 0.014947 0.014947
1 0.422002 0.455310 0.019022 0.019022
1 0.394658 0.441638 0.019022 0.019022
1 0.589844 0.439453 0.014947 0.014947
1 0.545049 0.394763 0.019022 0.019022
1 0.900517 0.392810 0.019022 0.019022
1 0.095830 0.342028 0.019022 0.019022
1 0.322392 0.332263 0.019022 0.019022
1 0.748174 0.328357 0.019022 0.019022
1 0.992239 0.316737 0.012369 0.012369
1 0.900517 0.316638 0.019022 0.019022
1 0.377080 0.306872 0.019022 0.019022
1 0.857422 0.304688 0.022475 0.022475
1 0.615361 0.279528 0.019022 0.019022
1 0.515752 0.263903 0.019022 0.019022
1 0.521611 0.230700 0.019022 0.019022
1 0.738408 0.228747 0.019022 0.019022
1 0.435674 0.226794 0.019022 0.019022
1 0.843750 0.205078 0.014947 0.014947
1 0.457158 0.195544 0.019022 0.019022
1 0.144531 0.193359 0.014947 0.014947
1 0.537236 0.189685 0.019022 0.019022
1 0.853516 0.181641 0.014947 0.014947
1 0.158203 0.169922 0.014947 0.014947
1 0.593877 0.158435 0.019022 0.019022
1 0.963017 0.158435 0.019022 0.019022
1 0.707158 0.150622 0.019022 0.019022
1 0.679688 0.123047 0.014947 0.014947
1 0.480469 0.099609 0.014947 0.014947
1 0.244267 0.101794 0.019022 0.019022
1 0.640752 0.086169 0.019022 0.019022
1 0.492188 0.078125 0.014947 0.014947
1 0.560674 0.072497 0.019022 0.019022
1 0.037236 0.064685 0.019022 0.019022
1 0.519531 0.988281 0.014947 0.014947
1 0.681767 0.965075 0.019022 0.019022
1 0.974736 0.955310 0.019022 0.019022
1 0.330235 0.955288 0.026766 0.026766
1 0.781377 0.943591 0.019022 0.019022
1 0.873174 0.838122 0.019022 0.019022
1 0.619267 0.836169 0.019022 0.019022
1 0.509892 0.830310 0.019022 0.019022
1 0.609375 0.796875 0.014947 0.014947
1 0.873174 0.791247 0.019022 0.019022
1 0.595703 0.773438 0.014947 0.014947
1 0.210938 0.769531 0.006233 0.006233
1 0.529424 0.746325 0.019022 0.019022
1 0.687627 0.730700 0.019022 0.019022
1 0.736455 0.666247 0.019022 0.019022
1 0.623174 0.656482 0.019022 0.019022
1 0.023564 0.613513 0.019022 0.019022
1 0.599736 0.605700 0.019022 0.019022
1 0.701299 0.580310 0.019022 0.019022
1 0.384766 0.560547 0.022475 0.022475
1 0.138724 0.541346 0.012369 0.012369
1 0.154349 0.525721 0.012369 0.012369
1 0.363408 0.521716 0.019022 0.019022
1 0.201299 0.521716 0.019022 0.019022
1 0.992239 0.504237 0.012369 0.012369
1 0.027470 0.496325 0.019022 0.019022
1 0.154424 0.496325 0.019022 0.019022
1 0.304688 0.376953 0.014947 0.014947
1 0.275517 0.287341 0.019022 0.019022
1 0.980595 0.230700 0.019022 0.019022
1 0.172002 0.205310 0.019022 0.019022
1 0.132939 0.152575 0.019022 0.019022
1 0.814580 0.945544 0.019022 0.019022
1 0.297002 0.896716 0.019022 0.019022
1 0.531377 0.883044 0.019022 0.019022
1 0.207031 0.804688 0.014947 0.014947
1 0.488281 0.792969 0.014947 0.014947
1 0.513672 0.785156 0.014947 0.014947
1 0.304814 0.777575 0.019022 0.019022
1 0.357549 0.771716 0.019022 0.019022
1 0.601689 0.709216 0.019022 0.019022
1 0.216924 0.687732 0.019022 0.019022
1 0.216924 0.574450 0.019022 0.019022
1 0.322266 0.511719 0.014947 0.014947
1 0.642705 0.498278 0.019022 0.019022
1 0.353516 0.988281 0.014947 0.014947
1 0.234502 0.937732 0.019022 0.019022
1 0.341924 0.912341 0.019022 0.019022
1 0.107549 0.867419 0.019022 0.019022
1 0.318486 0.863513 0.019022 0.019022
1 0.496220 0.861560 0.019022 0.019022
1 0.009766 0.855469 0.014947 0.014947
1 0.134892 0.849841 0.019022 0.019022
1 0.062627 0.822497 0.019022 0.019022
1 0.130986 0.642810 0.019022 0.019022
1 0.005911 0.639003 0.012369 0.012369
1 0.158330 0.877185 0.019022 0.019022
1 0.339970 0.836169 0.019022 0.019022
1 0.296875 0.986328 0.014947 0.014947
1 0.992239 0.769862 0.012369 0.012369
1 0.498174 0.467028 0.019022 0.019022
1 0.539189 0.457263 0.019022 0.019022
1 0.263672 0.531250 0.022475 0.022475
