1 0.830235 0.310757 0.026766 0.026766
1 0.398438 0.154297 0.022475 0.022475
1 0.242188 0.541016 0.022475 0.022475
1 0.263672 0.646484 0.022475 0.022475
1 0.787236 0.172107 0.019022 0.019022
1 0.851689 0.160388 0.019022 0.019022
1 0.968877 0.531482 0.019022 0.019022
1 0.759766 0.494141 0.022475 0.022475
1 0.759892 0.345935 0.019022 0.019022
1 0.931767 0.310778 0.019022 0.019022
1 0.931767 0.263903 0.019022 0.019022
1 0.611455 0.261950 0.019022 0.019022
1 0.800908 0.259997 0.019022 0.019022
1 0.576299 0.199450 0.019022 0.019022
1 0.545049 0.193591 0.019022 0.019022
1 0.418095 0.177966 0.019022 0.019022
1 0.724609 0.162109 0.014947 0.014947
1 0.707031 0.144531 0.014947 0.014947
1 0.976689 0.144763 0.019022 0.019022
1 0.457158 0.136950 0.019022 0.019022
1 0.791142 0.092028 0.019022 0.019022
1 0.640752 0.051013 0.019022 0.019022
1 0.976689 0.892810 0.019022 0.019022
1 0.474736 0.824450 0.019022 0.019022
1 0.894658 0.709216 0.019022 0.019022
1 0.879033 0.662341 0.019022 0.019022
1 0.922002 0.580310 0.019022 0.019022
1 0.576299 0.474841 0.019022 0.019022
1 0.564580 0.328357 0.019022 0.019022
1 0.455078 0.248047 0.014947 0.014947
1 0.541142 0.240466 0.019022 0.019022
1 0.470703 0.232422 0.014947 0.014947
1 0.332158 0.068591 0.019022 0.019022
1 0.777344 0.978516 0.014947 0.014947
1 0.894658 0.937732 0.019022 0.019022
1 0.834111 0.937732 0.019022 0.019022
1 0.738408 0.890857 0.019022 0.019022
1 0.845830 0.863513 0.019022 0.019022
1 0.664189 0.840075 0.019022 0.019022
1 0.642705 0.802966 0.019022 0.019022
1 0.972783 0.769763 0.019022 0.019022
1 0.476689 0.679919 0.019022 0.019022
1 0.765752 0.648669 0.019022 0.019022
1 0.132812 0.644531 0.014947 0.014947
1 0.150517 0.562732 0.019022 0.019022
1 0.427861 0.490466 0.019022 0.019022
1 0.390752 0.484607 0.019022 0.019022
1 0.953252 0.437732 0.019022 0.019022
1 0.222783 0.383044 0.019022 0.019022
1 0.357549 0.363513 0.019022 0.019022
1 0.494267 0.343982 0.019022 0.019022
1 0.185674 0.326403 0.019022 0.019022
1 0.070312 0.320312 0.014947 0.014947
1 0.248174 0.299060 0.019022 0.019022
1 0.132939 0.279528 0.019022 0.019022
1 0.336064 0.269763 0.019022 0.019022
1 0.115361 0.140857 0.019022 0.019022
1 0.605595 0.968982 0.019022 0.019022
1 0.427861 0.908435 0.019022 0.019022
1 0.279297 0.697266 0.014947 0.014947
1 0.259766 0.681641 0.014947 0.014947
1 0.088017 0.566638 0.019022 0.019022
1 0.127080 0.543200 0.019022 0.019022
1 0.474609 0.488281 0.022475 0.022475
1 0.066533 0.478747 0.019022 0.019022
1 0.287236 0.429919 0.019022 0.019022
1 0.035283 0.330310 0.019022 0.019022
1 0.058720 0.295153 0.019022 0.019022
1 0.109502 0.062732 0.019022 0.019022
1 0.021611 0.033435 0.019022 0.019022
1 0.791016 0.947266 0.022475 0.022475
1 0.351689 0.927966 0.019022 0.019022
1 0.158203 0.865234 0.014947 0.014947
1 0.009766 0.798828 0.014947 0.014947
1 0.685674 0.457263 0.019022 0.019022
1 0.759766 0.437500 0.022475 0.022475
1 0.226689 0.093982 0.019022 0.019022
1 0.234502 0.968982 0.019022 0.019022
1 0.050908 0.853747 0.019022 0.019022
1 0.205205 0.623278 0.019022 0.019022
1 0.625000 0.470703 0.014947 0.014947
1 0.113281 0.007092 0.017904 0.017904
