1 0.980469 0.888672 0.022475 0.022475
1 0.933594 0.769531 0.014947 0.014947
1 0.943486 0.707263 0.019022 0.019022
1 0.968750 0.613281 0.022475 0.022475
1 0.828297 0.566609 0.034741 0.034741
1 0.974736 0.564685 0.019022 0.019022
1 0.791142 0.562732 0.019022 0.019022
1 0.962891 0.478516 0.022475 0.022475
1 0.882939 0.306872 0.019022 0.019022
1 0.699270 0.275721 0.012369 0.012369
1 0.859502 0.261950 0.019022 0.019022
1 0.989874 0.244330 0.018505 0.018505
1 0.910283 0.222888 0.019022 0.019022
1 0.968750 0.212891 0.022475 0.022475
1 0.707158 0.199450 0.019022 0.019022
1 0.041142 0.179919 0.019022 0.019022
1 0.650517 0.177966 0.019022 0.019022
1 0.865234 0.175781 0.022475 0.022475
1 0.812500 0.156250 0.022475 0.022475
1 0.588017 0.109607 0.019022 0.019022
1 0.767705 0.082263 0.019022 0.019022
1 0.785283 0.056872 0.019022 0.019022
1 0.816533 0.049060 0.019022 0.019022
1 0.873174 0.920153 0.019022 0.019022
1 0.746220 0.855700 0.019022 0.019022
1 0.886845 0.834216 0.019022 0.019022
1 0.701299 0.822497 0.019022 0.019022
1 0.292969 0.820312 0.022475 0.022475
1 0.851689 0.810778 0.019022 0.019022
1 0.933720 0.795153 0.019022 0.019022
1 0.609502 0.633044 0.019022 0.019022
1 0.752080 0.627185 0.019022 0.019022
1 0.550908 0.607653 0.019022 0.019022
1 0.757939 0.578357 0.019022 0.019022
1 0.714970 0.418200 0.019022 0.019022
1 0.548955 0.392810 0.019022 0.019022
1 0.130986 0.326403 0.019022 0.019022
1 0.156407 0.261928 0.026766 0.026766
1 0.423955 0.103747 0.019022 0.019022
1 0.388799 0.101794 0.019022 0.019022
1 0.218877 0.097888 0.019022 0.019022
1 0.050908 0.037341 0.019022 0.019022
1 0.375127 0.023669 0.019022 0.019022
1 0.806767 0.873278 0.019022 0.019022
1 0.328177 0.816737 0.012369 0.012369
1 0.629033 0.685778 0.019022 0.019022
1 0.797002 0.683825 0.019022 0.019022
1 0.127080 0.549060 0.019022 0.019022
1 0.158330 0.443591 0.019022 0.019022
1 0.287236 0.433825 0.019022 0.019022
1 0.314580 0.406482 0.019022 0.019022
1 0.406377 0.224841 0.019022 0.019022
1 0.195439 0.152575 0.019022 0.019022
1 0.048955 0.140857 0.019022 0.019022
1 0.105595 0.064685 0.019022 0.019022
1 0.025391 0.011719 0.014947 0.014947
1 0.691533 0.959216 0.019022 0.019022
1 0.300908 0.959216 0.019022 0.019022
1 0.599736 0.957263 0.019022 0.019022
1 0.185674 0.947497 0.019022 0.019022
1 0.519658 0.931872 0.019022 0.019022
1 0.392705 0.781482 0.019022 0.019022
1 0.082158 0.730700 0.019022 0.019022
1 0.345830 0.582263 0.019022 0.019022
1 0.033330 0.336169 0.019022 0.019022
1 0.591797 0.986328 0.014947 0.014947
1 0.027470 0.873278 0.019022 0.019022
1 0.955017 0.833984 0.039301 0.039301
1 0.968750 0.253906 0.014947 0.014947
1 0.991718 0.800781 0.014452 0.014452
1 0.215015 0.429891 0.034741 0.034741
1 0.861455 0.052966 0.019022 0.019022
1 0.906377 0.267810 0.019022 0.019022
1 0.802861 0.113513 0.019022 0.019022
1 0.914062 0.580078 0.014947 0.014947
1 0.810674 0.207263 0.019022 0.019022
1 0.793095 0.179919 0.019022 0.019022
1 0.951172 0.943359 0.014947 0.014947
1 0.873047 0.789062 0.014947 0.014947
1 0.667969 0.134766 0.014947 0.014947
1 0.740234 0.484375 0.022475 0.022475
1 0.683594 0.398438 0.014947 0.014947
1 0.615234 0.324219 0.014947 0.014947
1 0.636719 0.248047 0.022475 0.022475
1 0.359375 0.048828 0.014947 0.014947
1 0.474609 0.007812 0.014947 0.014947
1 0.769658 0.773669 0.019022 0.019022
1 0.752080 0.670153 0.019022 0.019022
1 0.664189 0.576403 0.019022 0.019022
1 0.568359 0.412109 0.022475 0.022475
1 0.576172 0.351562 0.014947 0.014947
1 0.292969 0.046875 0.022475 0.022475
1 0.654297 0.957031 0.014947 0.014947
1 0.537236 0.560778 0.019022 0.019022
1 0.533330 0.418200 0.019022 0.019022
1 0.404297 0.291016 0.014947 0.014947
1 0.418095 0.269763 0.019022 0.019022
1 0.513829 0.250210 0.026766 0.026766
1 0.667969 0.976562 0.006233 0.006233
1 0.543095 0.789294 0.019022 0.019022
1 0.353516 0.677734 0.014947 0.014947
1 0.248174 0.537341 0.019022 0.019022
1 0.384922 0.508022 0.026766 0.026766
1 0.080205 0.488513 0.019022 0.019022
1 0.297002 0.381091 0.019022 0.019022
1 0.318486 0.289294 0.019022 0.019022
