1 0.666142 0.980700 0.019022 0.019022
1 0.652470 0.916247 0.019022 0.019022
1 0.755859 0.863281 0.014947 0.014947
1 0.970830 0.853747 0.019022 0.019022
1 0.753906 0.839844 0.014947 0.014947
1 0.634892 0.826403 0.019022 0.019022
1 0.197392 0.826403 0.019022 0.019022
1 0.732549 0.822497 0.019022 0.019022
1 0.699345 0.771716 0.019022 0.019022
1 0.982549 0.570544 0.019022 0.019022
1 0.947266 0.527344 0.022475 0.022475
1 0.603516 0.484375 0.022475 0.022475
1 0.295049 0.427966 0.019022 0.019022
1 0.386845 0.386950 0.019022 0.019022
1 0.539189 0.244372 0.019022 0.019022
1 0.269658 0.234607 0.019022 0.019022
1 0.154424 0.205310 0.019022 0.019022
1 0.283330 0.144763 0.019022 0.019022
1 0.531250 0.138672 0.022475 0.022475
1 0.400517 0.093982 0.019022 0.019022
1 0.781250 0.037109 0.022475 0.022475
1 0.355595 0.871325 0.019022 0.019022
1 0.447392 0.810778 0.019022 0.019022
1 0.216924 0.726794 0.019022 0.019022
1 0.037236 0.566638 0.019022 0.019022
1 0.129033 0.939685 0.019022 0.019022
1 0.031377 0.857653 0.019022 0.019022
1 0.103642 0.767810 0.019022 0.019022
1 0.277344 0.988281 0.014947 0.014947
1 0.148438 0.986328 0.014947 0.014947
1 0.993501 0.676018 0.011557 0.011557
