1 0.683594 0.986328 0.022475 0.022475
1 0.650517 0.773669 0.019022 0.019022
1 0.367314 0.676013 0.019022 0.019022
1 0.687627 0.597888 0.019022 0.019022
1 0.505986 0.586169 0.019022 0.019022
1 0.203252 0.537341 0.019022 0.019022
1 0.295049 0.513903 0.019022 0.019022
1 0.443486 0.472888 0.019022 0.019022
1 0.244267 0.398669 0.019022 0.019022
1 0.175908 0.392810 0.019022 0.019022
1 0.466924 0.386950 0.019022 0.019022
1 0.068486 0.384997 0.019022 0.019022
1 0.607422 0.351562 0.022475 0.022475
1 0.908330 0.345935 0.019022 0.019022
1 0.484502 0.277575 0.019022 0.019022
1 0.664062 0.246094 0.022475 0.022475
1 0.838017 0.191638 0.019022 0.019022
1 0.095830 0.158435 0.019022 0.019022
1 0.300908 0.129138 0.019022 0.019022
1 0.207158 0.129138 0.019022 0.019022
1 0.294922 0.007812 0.014947 0.014947
1 0.222783 0.957263 0.019022 0.019022
1 0.552861 0.924060 0.019022 0.019022
1 0.547002 0.892810 0.019022 0.019022
1 0.603642 0.853747 0.019022 0.019022
1 0.605595 0.822497 0.019022 0.019022
1 0.722783 0.795153 0.019022 0.019022
1 0.029454 0.414272 0.026766 0.026766
1 0.220703 0.986328 0.014947 0.014947
1 0.390752 0.785388 0.019022 0.019022
1 0.332158 0.703357 0.019022 0.019022
1 0.625127 0.648669 0.019022 0.019022
1 0.047002 0.863513 0.019022 0.019022
1 0.814505 0.010096 0.012369 0.012369
1 0.986455 0.088122 0.019022 0.019022
1 0.338017 0.039294 0.019022 0.019022
1 0.066406 0.697266 0.014947 0.014947
1 0.989874 0.129096 0.018505 0.018505
1 0.965000 0.424038 0.026766 0.026766
1 0.964970 0.978747 0.019022 0.019022
1 0.724609 0.765625 0.022475 0.022475
1 0.535156 0.564453 0.022475 0.022475
