1 0.271641 0.240444 0.026766 0.026766
1 0.818516 0.199428 0.026766 0.026766
1 0.234375 0.089844 0.022475 0.022475
1 0.863408 0.398669 0.019022 0.019022
1 0.968877 0.179919 0.019022 0.019022
1 0.494297 0.248257 0.026766 0.026766
1 0.722783 0.215075 0.019022 0.019022
1 0.773564 0.174060 0.019022 0.019022
1 0.974736 0.142810 0.019022 0.019022
1 0.863408 0.119372 0.019022 0.019022
1 0.978642 0.037341 0.019022 0.019022
1 0.925781 0.013672 0.014947 0.014947
1 0.685547 0.802734 0.014947 0.014947
1 0.671875 0.781250 0.014947 0.014947
1 0.441533 0.666247 0.019022 0.019022
1 0.810674 0.441638 0.019022 0.019022
1 0.685674 0.431872 0.019022 0.019022
1 0.453252 0.422107 0.019022 0.019022
1 0.961064 0.336169 0.019022 0.019022
1 0.648564 0.326403 0.019022 0.019022
1 0.494267 0.299060 0.019022 0.019022
1 0.775517 0.271716 0.019022 0.019022
1 0.933720 0.230700 0.019022 0.019022
1 0.377080 0.228747 0.019022 0.019022
1 0.250127 0.181872 0.019022 0.019022
1 0.408330 0.129138 0.019022 0.019022
1 0.377080 0.033435 0.019022 0.019022
1 0.523564 0.015857 0.019022 0.019022
1 0.953125 0.011719 0.014947 0.014947
1 0.363408 0.967028 0.019022 0.019022
1 0.517705 0.884997 0.019022 0.019022
1 0.955205 0.873278 0.019022 0.019022
1 0.494267 0.853747 0.019022 0.019022
1 0.408330 0.816638 0.019022 0.019022
1 0.804814 0.756091 0.019022 0.019022
1 0.380986 0.734607 0.019022 0.019022
1 0.109502 0.699450 0.019022 0.019022
1 0.164189 0.695544 0.019022 0.019022
1 0.203252 0.668200 0.019022 0.019022
1 0.773564 0.660388 0.019022 0.019022
1 0.490361 0.631091 0.019022 0.019022
1 0.187627 0.631091 0.019022 0.019022
1 0.589970 0.623278 0.019022 0.019022
1 0.732549 0.586169 0.019022 0.019022
1 0.388799 0.509997 0.019022 0.019022
1 0.246220 0.437732 0.019022 0.019022
1 0.336064 0.379138 0.019022 0.019022
1 0.396611 0.342028 0.019022 0.019022
1 0.033330 0.297107 0.019022 0.019022
1 0.197392 0.289294 0.019022 0.019022
1 0.140752 0.271716 0.019022 0.019022
1 0.111455 0.259997 0.019022 0.019022
1 0.043095 0.240466 0.019022 0.019022
1 0.047002 0.101794 0.019022 0.019022
1 0.216924 0.968982 0.019022 0.019022
1 0.025517 0.961169 0.019022 0.019022
1 0.226689 0.734607 0.019022 0.019022
1 0.472783 0.709216 0.019022 0.019022
1 0.107549 0.607653 0.019022 0.019022
1 0.029424 0.574450 0.019022 0.019022
1 0.136845 0.547107 0.019022 0.019022
1 0.181767 0.545153 0.019022 0.019022
1 0.050908 0.506091 0.019022 0.019022
1 0.091924 0.480700 0.019022 0.019022
1 0.043095 0.463122 0.019022 0.019022
1 0.607549 0.404528 0.019022 0.019022
1 0.148564 0.383044 0.019022 0.019022
1 0.640677 0.992518 0.012369 0.012369
1 0.193486 0.890857 0.019022 0.019022
1 0.869192 0.006190 0.012369 0.012369
1 0.814505 0.006190 0.012369 0.012369
1 0.988281 0.300781 0.014947 0.014947
1 0.757969 0.131069 0.026766 0.026766
1 0.726562 0.687500 0.022475 0.022475
