1 0.894658 0.597888 0.019022 0.019022
1 0.832158 0.494372 0.019022 0.019022
1 0.957188 0.414272 0.026766 0.026766
1 0.504033 0.379138 0.019022 0.019022
1 0.625127 0.361560 0.019022 0.019022
1 0.816533 0.359607 0.019022 0.019022
1 0.263799 0.359607 0.019022 0.019022
1 0.636845 0.287341 0.019022 0.019022
1 0.486455 0.256091 0.019022 0.019022
1 0.750127 0.129138 0.019022 0.019022
1 0.560674 0.109607 0.019022 0.019022
1 0.570439 0.066638 0.019022 0.019022
1 0.314580 0.062732 0.019022 0.019022
1 0.730595 0.035388 0.019022 0.019022
1 0.912109 0.031250 0.022475 0.022475
1 0.306767 0.013903 0.019022 0.019022
1 0.654424 0.789294 0.019022 0.019022
1 0.556767 0.511950 0.019022 0.019022
1 0.347783 0.470935 0.019022 0.019022
1 0.425908 0.343982 0.019022 0.019022
1 0.212891 0.041016 0.022475 0.022475
1 0.504033 0.941638 0.019022 0.019022
1 0.629033 0.906482 0.019022 0.019022
1 0.357549 0.873278 0.019022 0.019022
1 0.974736 0.863513 0.019022 0.019022
1 0.291142 0.703357 0.019022 0.019022
1 0.644658 0.621325 0.019022 0.019022
1 0.185674 0.592028 0.019022 0.019022
1 0.072392 0.560778 0.019022 0.019022
1 0.992239 0.385096 0.012369 0.012369
1 0.611455 0.314685 0.019022 0.019022
1 0.369141 0.269531 0.022475 0.022475
1 0.189580 0.217028 0.019022 0.019022
1 0.908255 0.992518 0.012369 0.012369
1 0.328252 0.804919 0.019022 0.019022
1 0.066533 0.051013 0.019022 0.019022
1 0.025391 0.988281 0.014947 0.014947
1 0.129033 0.732653 0.019022 0.019022
1 0.992239 0.697596 0.012369 0.012369
1 0.041016 0.070312 0.014947 0.014947
