1 0.960938 0.123047 0.022475 0.022475
1 0.877080 0.261950 0.019022 0.019022
1 0.595830 0.148669 0.019022 0.019022
1 0.855595 0.646716 0.019022 0.019022
1 0.847783 0.595935 0.019022 0.019022
1 0.918095 0.494372 0.019022 0.019022
1 0.974736 0.482653 0.019022 0.019022
1 0.666142 0.187732 0.019022 0.019022
1 0.824345 0.113513 0.019022 0.019022
1 0.916142 0.929919 0.019022 0.019022
1 0.992239 0.855799 0.012369 0.012369
1 0.861455 0.838122 0.019022 0.019022
1 0.711064 0.656482 0.019022 0.019022
1 0.308645 0.629237 0.012369 0.012369
1 0.509892 0.582263 0.019022 0.019022
1 0.339970 0.484607 0.019022 0.019022
1 0.492314 0.463122 0.019022 0.019022
1 0.556767 0.349841 0.019022 0.019022
1 0.402470 0.289294 0.019022 0.019022
1 0.529424 0.250232 0.019022 0.019022
1 0.455205 0.222888 0.019022 0.019022
1 0.525517 0.207263 0.019022 0.019022
1 0.336064 0.195544 0.019022 0.019022
1 0.363408 0.095935 0.019022 0.019022
1 0.804814 0.703357 0.019022 0.019022
1 0.511845 0.662341 0.019022 0.019022
1 0.330078 0.634766 0.014947 0.014947
1 0.545049 0.543200 0.019022 0.019022
1 0.019658 0.527575 0.019022 0.019022
1 0.591924 0.340075 0.019022 0.019022
1 0.308720 0.017810 0.019022 0.019022
1 0.423955 0.787341 0.019022 0.019022
1 0.238408 0.736560 0.019022 0.019022
1 0.072392 0.676013 0.019022 0.019022
1 0.043095 0.853747 0.019022 0.019022
1 0.054814 0.570544 0.019022 0.019022
