1 0.824375 0.717007 0.026766 0.026766
1 0.658360 0.088100 0.026766 0.026766
1 0.804688 0.869141 0.022475 0.022475
1 0.976689 0.070544 0.019022 0.019022
1 0.916142 0.527575 0.019022 0.019022
1 0.923955 0.498278 0.019022 0.019022
1 0.646611 0.375232 0.019022 0.019022
1 0.687657 0.343960 0.026766 0.026766
1 0.906377 0.289294 0.019022 0.019022
1 0.869267 0.269763 0.019022 0.019022
1 0.150547 0.056850 0.026766 0.026766
1 0.773564 0.052966 0.019022 0.019022
1 0.968877 0.865466 0.019022 0.019022
1 0.914189 0.812732 0.019022 0.019022
1 0.574219 0.759766 0.030378 0.030378
1 0.869267 0.756091 0.019022 0.019022
1 0.990234 0.671875 0.014947 0.014947
1 0.576299 0.549060 0.019022 0.019022
1 0.617314 0.523669 0.019022 0.019022
1 0.750127 0.449450 0.019022 0.019022
1 0.777470 0.410388 0.019022 0.019022
1 0.834111 0.406482 0.019022 0.019022
1 0.074219 0.390625 0.022475 0.022475
1 0.591924 0.267810 0.019022 0.019022
1 0.463017 0.238513 0.019022 0.019022
1 0.320439 0.207263 0.019022 0.019022
1 0.117188 0.171875 0.014947 0.014947
1 0.797002 0.123278 0.019022 0.019022
1 0.505986 0.117419 0.019022 0.019022
1 0.429814 0.060778 0.019022 0.019022
1 0.703252 0.967028 0.019022 0.019022
1 0.920049 0.935778 0.019022 0.019022
1 0.970703 0.914062 0.014947 0.014947
1 0.949219 0.908203 0.014947 0.014947
1 0.744267 0.894763 0.019022 0.019022
1 0.480595 0.775622 0.019022 0.019022
1 0.861455 0.722888 0.019022 0.019022
1 0.904424 0.711169 0.019022 0.019022
1 0.978642 0.707263 0.019022 0.019022
1 0.295049 0.697497 0.019022 0.019022
1 0.752080 0.674060 0.019022 0.019022
1 0.797002 0.562732 0.019022 0.019022
1 0.640752 0.556872 0.019022 0.019022
1 0.255986 0.490466 0.019022 0.019022
1 0.507939 0.484607 0.019022 0.019022
1 0.371220 0.414294 0.019022 0.019022
1 0.232549 0.412341 0.019022 0.019022
1 0.552786 0.367518 0.012369 0.012369
1 0.539062 0.349609 0.014947 0.014947
1 0.455205 0.324450 0.019022 0.019022
1 0.105595 0.293200 0.019022 0.019022
1 0.406377 0.281482 0.019022 0.019022
1 0.275517 0.279528 0.019022 0.019022
1 0.451299 0.158435 0.019022 0.019022
1 0.494267 0.156482 0.019022 0.019022
1 0.123047 0.148438 0.014947 0.014947
1 0.365361 0.127185 0.019022 0.019022
1 0.298828 0.937500 0.014947 0.014947
1 0.505859 0.902344 0.014947 0.014947
1 0.109375 0.863281 0.014947 0.014947
1 0.666142 0.849841 0.019022 0.019022
1 0.138672 0.810547 0.014947 0.014947
1 0.314580 0.806872 0.019022 0.019022
1 0.267578 0.791016 0.014947 0.014947
1 0.316406 0.757812 0.014947 0.014947
1 0.187500 0.638672 0.014947 0.014947
1 0.363408 0.572497 0.019022 0.019022
1 0.041016 0.531250 0.014947 0.014947
1 0.164189 0.193591 0.019022 0.019022
1 0.048955 0.144763 0.019022 0.019022
1 0.222783 0.953357 0.019022 0.019022
1 0.130986 0.896716 0.019022 0.019022
1 0.048955 0.892810 0.019022 0.019022
1 0.121220 0.775622 0.019022 0.019022
1 0.679814 0.492419 0.019022 0.019022
1 0.044922 0.769531 0.014947 0.014947
1 0.025517 0.437732 0.019022 0.019022
1 0.584111 0.861560 0.019022 0.019022
