1 0.724609 0.380859 0.022475 0.022475
1 0.162109 0.302734 0.022475 0.022475
1 0.171875 0.687500 0.022475 0.022475
1 0.847656 0.457031 0.014947 0.014947
1 0.837891 0.433594 0.014947 0.014947
1 0.882939 0.361560 0.019022 0.019022
1 0.814580 0.197497 0.019022 0.019022
1 0.816533 0.107653 0.019022 0.019022
1 0.826224 0.717128 0.012369 0.012369
1 0.964970 0.568591 0.019022 0.019022
1 0.591924 0.537341 0.019022 0.019022
1 0.738408 0.513903 0.019022 0.019022
1 0.908330 0.414294 0.019022 0.019022
1 0.154424 0.361560 0.019022 0.019022
1 0.496220 0.113513 0.019022 0.019022
1 0.558720 0.025622 0.019022 0.019022
1 0.877080 0.970935 0.019022 0.019022
1 0.863408 0.941638 0.019022 0.019022
1 0.767705 0.902575 0.019022 0.019022
1 0.959111 0.857653 0.019022 0.019022
1 0.839844 0.697266 0.014947 0.014947
1 0.646611 0.676013 0.019022 0.019022
1 0.093877 0.658435 0.019022 0.019022
1 0.302734 0.619141 0.014947 0.014947
1 0.314505 0.601893 0.012369 0.012369
1 0.195439 0.599841 0.019022 0.019022
1 0.164189 0.515857 0.019022 0.019022
1 0.107549 0.500232 0.019022 0.019022
1 0.066533 0.474841 0.019022 0.019022
1 0.197392 0.429919 0.019022 0.019022
1 0.322392 0.426013 0.019022 0.019022
1 0.591924 0.342028 0.019022 0.019022
1 0.652470 0.322497 0.019022 0.019022
1 0.556767 0.306872 0.019022 0.019022
1 0.267705 0.263903 0.019022 0.019022
1 0.361455 0.941638 0.019022 0.019022
1 0.421875 0.925781 0.014947 0.014947
1 0.304688 0.845703 0.014947 0.014947
1 0.212891 0.705078 0.014947 0.014947
1 0.005911 0.455409 0.012369 0.012369
1 0.045049 0.402575 0.019022 0.019022
1 0.035156 0.914062 0.014947 0.014947
1 0.269531 0.753906 0.014947 0.014947
