1 0.509766 0.763672 0.022475 0.022475
1 0.824345 0.529528 0.019022 0.019022
1 0.945439 0.513903 0.019022 0.019022
1 0.970830 0.365466 0.019022 0.019022
1 0.812627 0.302966 0.019022 0.019022
1 0.757939 0.238513 0.019022 0.019022
1 0.328252 0.238513 0.019022 0.019022
1 0.879033 0.199450 0.019022 0.019022
1 0.982422 0.164062 0.022475 0.022475
1 0.568486 0.125232 0.019022 0.019022
1 0.822392 0.119372 0.019022 0.019022
1 0.105595 0.068591 0.019022 0.019022
1 0.937500 0.039062 0.022475 0.022475
1 0.257939 0.015857 0.019022 0.019022
1 0.988281 0.890625 0.014947 0.014947
1 0.828252 0.834216 0.019022 0.019022
1 0.509892 0.697497 0.019022 0.019022
1 0.660283 0.695544 0.019022 0.019022
1 0.619267 0.629138 0.019022 0.019022
1 0.910283 0.560778 0.019022 0.019022
1 0.279424 0.437732 0.019022 0.019022
1 0.517705 0.435778 0.019022 0.019022
1 0.630986 0.396716 0.019022 0.019022
1 0.129033 0.170153 0.019022 0.019022
1 0.117314 0.115466 0.019022 0.019022
1 0.826299 0.910388 0.019022 0.019022
1 0.814580 0.715075 0.019022 0.019022
1 0.445312 0.423828 0.022475 0.022475
1 0.271611 0.883044 0.019022 0.019022
1 0.882939 0.801013 0.019022 0.019022
1 0.177861 0.877185 0.019022 0.019022
1 0.199345 0.756091 0.019022 0.019022
1 0.951299 0.080310 0.019022 0.019022
1 0.093802 0.008143 0.012369 0.012369
1 0.771484 0.441406 0.014947 0.014947
1 0.818486 0.431872 0.019022 0.019022
1 0.058720 0.088122 0.019022 0.019022
1 0.423828 0.082031 0.014947 0.014947
1 0.437627 0.015857 0.019022 0.019022
1 0.914062 0.812500 0.014947 0.014947
1 0.482422 0.416016 0.014947 0.014947
1 0.796875 0.394531 0.014947 0.014947
1 0.437657 0.054897 0.026766 0.026766
1 0.140625 0.035156 0.022475 0.022475
1 0.353516 0.009766 0.014947 0.014947
1 0.341924 0.379138 0.019022 0.019022
1 0.453252 0.263903 0.019022 0.019022
1 0.781377 0.859607 0.019022 0.019022
1 0.351562 0.826172 0.014947 0.014947
