1 0.033203 0.123047 0.022475 0.022475
1 0.904424 0.273669 0.019022 0.019022
1 0.502080 0.377185 0.019022 0.019022
1 0.474736 0.172107 0.019022 0.019022
1 0.679814 0.090075 0.019022 0.019022
1 0.966924 0.756091 0.019022 0.019022
1 0.853642 0.562732 0.019022 0.019022
1 0.935674 0.523669 0.019022 0.019022
1 0.582158 0.398669 0.019022 0.019022
1 0.961064 0.383044 0.019022 0.019022
1 0.759892 0.355700 0.019022 0.019022
1 0.386845 0.312732 0.019022 0.019022
1 0.877080 0.289294 0.019022 0.019022
1 0.492314 0.256091 0.019022 0.019022
1 0.382939 0.220935 0.019022 0.019022
1 0.394658 0.187732 0.019022 0.019022
1 0.841924 0.177966 0.019022 0.019022
1 0.191406 0.046875 0.022475 0.022475
1 0.660283 0.941638 0.019022 0.019022
1 0.966924 0.904528 0.019022 0.019022
1 0.851689 0.676013 0.019022 0.019022
1 0.425908 0.654528 0.019022 0.019022
1 0.521484 0.609375 0.014947 0.014947
1 0.500052 0.607753 0.012369 0.012369
1 0.953177 0.006190 0.012369 0.012369
1 0.826299 0.877185 0.019022 0.019022
1 0.047002 0.482653 0.019022 0.019022
1 0.453252 0.904528 0.019022 0.019022
1 0.064580 0.855700 0.019022 0.019022
1 0.392705 0.812732 0.019022 0.019022
1 0.170049 0.904528 0.019022 0.019022
1 0.650517 0.056872 0.019022 0.019022
1 0.990234 0.863281 0.014947 0.014947
