1 0.322266 0.970703 0.022475 0.022475
1 0.062500 0.876953 0.022475 0.022475
1 0.152344 0.433594 0.022475 0.022475
1 0.126953 0.007812 0.014947 0.014947
1 0.843877 0.246325 0.019022 0.019022
1 0.433720 0.199450 0.019022 0.019022
1 0.363408 0.154528 0.019022 0.019022
1 0.836064 0.097888 0.019022 0.019022
1 0.875127 0.029528 0.019022 0.019022
1 0.492188 0.007812 0.014947 0.014947
1 0.724736 0.884997 0.019022 0.019022
1 0.080205 0.588122 0.019022 0.019022
1 0.232549 0.558825 0.019022 0.019022
1 0.339970 0.404528 0.019022 0.019022
1 0.605595 0.367419 0.019022 0.019022
1 0.547002 0.349841 0.019022 0.019022
1 0.734502 0.340075 0.019022 0.019022
1 0.140752 0.320544 0.019022 0.019022
1 0.961064 0.297107 0.019022 0.019022
1 0.818486 0.271716 0.019022 0.019022
1 0.291142 0.252185 0.019022 0.019022
1 0.088017 0.242419 0.019022 0.019022
1 0.970830 0.240466 0.019022 0.019022
1 0.201299 0.236560 0.019022 0.019022
1 0.189580 0.203357 0.019022 0.019022
1 0.220830 0.129138 0.019022 0.019022
1 0.974736 0.101794 0.019022 0.019022
1 0.580205 0.082263 0.019022 0.019022
1 0.345830 0.084216 0.019022 0.019022
1 0.023564 0.080310 0.019022 0.019022
1 0.912236 0.009997 0.019022 0.019022
1 0.953252 0.961169 0.019022 0.019022
1 0.201299 0.949450 0.019022 0.019022
1 0.785283 0.840075 0.019022 0.019022
1 0.902470 0.789294 0.019022 0.019022
1 0.853642 0.744372 0.019022 0.019022
1 0.761845 0.732653 0.019022 0.019022
1 0.892705 0.726794 0.019022 0.019022
1 0.632939 0.658435 0.019022 0.019022
1 0.957158 0.574450 0.019022 0.019022
1 0.203252 0.572497 0.019022 0.019022
1 0.273564 0.511950 0.019022 0.019022
1 0.978642 0.506091 0.019022 0.019022
1 0.922002 0.474841 0.019022 0.019022
1 0.970830 0.463122 0.019022 0.019022
1 0.689580 0.461169 0.019022 0.019022
1 0.517705 0.459216 0.019022 0.019022
1 0.195439 0.416247 0.019022 0.019022
1 0.420049 0.394763 0.019022 0.019022
1 0.173955 0.386950 0.019022 0.019022
1 0.130986 0.265857 0.019022 0.019022
1 0.373174 0.261950 0.019022 0.019022
1 0.636845 0.236560 0.019022 0.019022
1 0.677861 0.166247 0.019022 0.019022
1 0.269658 0.146716 0.019022 0.019022
1 0.199219 0.990234 0.014947 0.014947
1 0.414189 0.935778 0.019022 0.019022
1 0.730595 0.912341 0.019022 0.019022
1 0.578252 0.869372 0.019022 0.019022
1 0.437627 0.867419 0.019022 0.019022
1 0.246220 0.847888 0.019022 0.019022
1 0.476689 0.840075 0.019022 0.019022
1 0.615361 0.777575 0.019022 0.019022
1 0.142705 0.761950 0.019022 0.019022
1 0.047002 0.742419 0.019022 0.019022
1 0.091924 0.701403 0.019022 0.019022
1 0.718877 0.674060 0.019022 0.019022
1 0.713017 0.525622 0.019022 0.019022
1 0.634892 0.492419 0.019022 0.019022
1 0.582158 0.422107 0.019022 0.019022
1 0.738408 0.392810 0.019022 0.019022
1 0.173880 0.992518 0.012369 0.012369
1 0.904424 0.894763 0.019022 0.019022
1 0.275517 0.650622 0.019022 0.019022
1 0.158203 0.341797 0.030378 0.030378
