1 0.832158 0.787341 0.019022 0.019022
1 0.722783 0.597888 0.019022 0.019022
1 0.681767 0.576403 0.019022 0.019022
1 0.828252 0.488513 0.019022 0.019022
1 0.666142 0.439685 0.019022 0.019022
1 0.562627 0.381091 0.019022 0.019022
1 0.838017 0.324450 0.019022 0.019022
1 0.726689 0.277575 0.019022 0.019022
1 0.459111 0.170153 0.019022 0.019022
1 0.609502 0.164294 0.019022 0.019022
1 0.632939 0.144763 0.019022 0.019022
1 0.500127 0.080310 0.019022 0.019022
1 0.898438 0.060547 0.022475 0.022475
1 0.211064 0.051013 0.019022 0.019022
1 0.953125 0.988281 0.014947 0.014947
1 0.617314 0.859607 0.019022 0.019022
1 0.798955 0.746325 0.019022 0.019022
1 0.179814 0.590075 0.019022 0.019022
1 0.578252 0.586169 0.019022 0.019022
1 0.343802 0.445643 0.012369 0.012369
1 0.490361 0.392810 0.019022 0.019022
1 0.343877 0.289294 0.019022 0.019022
1 0.088017 0.103747 0.019022 0.019022
1 0.154424 0.099841 0.019022 0.019022
1 0.990286 0.051112 0.012369 0.012369
1 0.412236 0.834216 0.019022 0.019022
1 0.201299 0.646716 0.019022 0.019022
1 0.005911 0.504237 0.012369 0.012369
1 0.341849 0.472987 0.012369 0.012369
1 0.328177 0.457362 0.012369 0.012369
1 0.101689 0.269763 0.019022 0.019022
1 0.345830 0.890857 0.019022 0.019022
1 0.210938 0.812500 0.014947 0.014947
1 0.047002 0.802966 0.019022 0.019022
1 0.193359 0.791016 0.014947 0.014947
1 0.095830 0.711169 0.019022 0.019022
1 0.031377 0.699450 0.019022 0.019022
1 0.195439 0.560778 0.019022 0.019022
1 0.808720 0.695544 0.019022 0.019022
1 0.993501 0.560784 0.011557 0.011557
1 0.968750 0.070312 0.014947 0.014947
1 0.873174 0.439685 0.019022 0.019022
1 0.951172 0.664062 0.022475 0.022475
1 0.451172 0.107422 0.022475 0.022475
1 0.699219 0.687500 0.022475 0.022475
