1 0.009766 0.039062 0.014947 0.014947
1 0.904424 0.205310 0.019022 0.019022
1 0.158330 0.125232 0.019022 0.019022
1 0.652470 0.068591 0.019022 0.019022
1 0.791142 0.017810 0.019022 0.019022
1 0.234375 0.017578 0.030378 0.030378
1 0.935704 0.857632 0.026766 0.026766
1 0.547002 0.582263 0.019022 0.019022
1 0.894658 0.570544 0.019022 0.019022
1 0.672002 0.549060 0.019022 0.019022
1 0.812627 0.537341 0.019022 0.019022
1 0.017705 0.513903 0.019022 0.019022
1 0.785283 0.445544 0.019022 0.019022
1 0.451299 0.410388 0.019022 0.019022
1 0.586064 0.392810 0.019022 0.019022
1 0.460938 0.369141 0.022475 0.022475
1 0.043095 0.365466 0.019022 0.019022
1 0.974736 0.349841 0.019022 0.019022
1 0.605595 0.349841 0.019022 0.019022
1 0.203252 0.342028 0.019022 0.019022
1 0.306767 0.291247 0.019022 0.019022
1 0.457158 0.238513 0.019022 0.019022
1 0.252080 0.228747 0.019022 0.019022
1 0.054814 0.164294 0.019022 0.019022
1 0.662109 0.927734 0.014947 0.014947
1 0.209111 0.756091 0.019022 0.019022
1 0.734375 0.751953 0.022475 0.022475
1 0.437627 0.691638 0.019022 0.019022
1 0.914189 0.685778 0.019022 0.019022
1 0.589970 0.664294 0.019022 0.019022
1 0.359502 0.634997 0.019022 0.019022
1 0.535283 0.619372 0.019022 0.019022
1 0.703252 0.599841 0.019022 0.019022
1 0.855595 0.597888 0.019022 0.019022
1 0.363408 0.494372 0.019022 0.019022
1 0.576299 0.492419 0.019022 0.019022
1 0.322392 0.455310 0.019022 0.019022
1 0.142705 0.447497 0.019022 0.019022
1 0.414062 0.341797 0.022475 0.022475
1 0.300908 0.978747 0.019022 0.019022
1 0.525517 0.896716 0.019022 0.019022
1 0.062627 0.890857 0.019022 0.019022
1 0.279424 0.875232 0.019022 0.019022
1 0.392705 0.871325 0.019022 0.019022
1 0.332158 0.869372 0.019022 0.019022
1 0.769658 0.842028 0.019022 0.019022
1 0.127080 0.711169 0.019022 0.019022
1 0.259892 0.578357 0.019022 0.019022
1 0.486328 0.853516 0.014947 0.014947
1 0.521484 0.457031 0.014947 0.014947
1 0.380986 0.107653 0.019022 0.019022
1 0.314580 0.545153 0.019022 0.019022
1 0.560674 0.406482 0.019022 0.019022
1 0.023438 0.080078 0.022475 0.022475
