1 0.898438 0.902344 0.022475 0.022475
1 0.582031 0.404297 0.022475 0.022475
1 0.517578 0.363281 0.022475 0.022475
1 0.939580 0.103747 0.019022 0.019022
1 0.591924 0.263903 0.019022 0.019022
1 0.709111 0.650622 0.019022 0.019022
1 0.451299 0.539294 0.019022 0.019022
1 0.953252 0.427966 0.019022 0.019022
1 0.535283 0.420153 0.019022 0.019022
1 0.986328 0.332031 0.014947 0.014947
1 0.683720 0.285388 0.019022 0.019022
1 0.992239 0.178065 0.012369 0.012369
1 0.711064 0.138903 0.019022 0.019022
1 0.791142 0.125232 0.019022 0.019022
1 0.632939 0.099841 0.019022 0.019022
1 0.654297 0.009766 0.014947 0.014947
1 0.546927 0.990565 0.012369 0.012369
1 0.955205 0.877185 0.019022 0.019022
1 0.873174 0.863513 0.019022 0.019022
1 0.531377 0.857653 0.019022 0.019022
1 0.806767 0.758044 0.019022 0.019022
1 0.582158 0.717028 0.019022 0.019022
1 0.379033 0.629138 0.019022 0.019022
1 0.902470 0.578357 0.019022 0.019022
1 0.597783 0.449450 0.019022 0.019022
1 0.728642 0.381091 0.019022 0.019022
1 0.564453 0.298828 0.014947 0.014947
1 0.562500 0.273438 0.014947 0.014947
1 0.269658 0.252185 0.019022 0.019022
1 0.371220 0.152575 0.019022 0.019022
1 0.076172 0.033203 0.022475 0.022475
1 0.232549 0.029528 0.019022 0.019022
1 0.138799 0.029528 0.019022 0.019022
1 0.726614 0.006190 0.012369 0.012369
1 0.175908 0.972888 0.019022 0.019022
1 0.824219 0.921875 0.014947 0.014947
1 0.365361 0.898669 0.019022 0.019022
1 0.654424 0.838122 0.019022 0.019022
1 0.156377 0.822497 0.019022 0.019022
1 0.539189 0.568591 0.019022 0.019022
1 0.033330 0.383044 0.019022 0.019022
1 0.300781 0.972656 0.014947 0.014947
1 0.275391 0.968750 0.014947 0.014947
1 0.808720 0.945544 0.019022 0.019022
1 0.097783 0.935778 0.019022 0.019022
1 0.482549 0.931872 0.019022 0.019022
1 0.039062 0.904297 0.014947 0.014947
1 0.427861 0.799060 0.019022 0.019022
1 0.039189 0.756091 0.019022 0.019022
1 0.007812 0.523438 0.014947 0.014947
1 0.025442 0.006190 0.012369 0.012369
1 0.884892 0.377185 0.019022 0.019022
