1 0.109314 0.978516 0.039301 0.039301
1 0.228672 0.967007 0.026766 0.026766
1 0.125157 0.935757 0.026766 0.026766
1 0.283203 0.910156 0.014947 0.014947
1 0.070439 0.912341 0.019022 0.019022
1 0.117344 0.888882 0.026766 0.026766
1 0.589970 0.849841 0.019022 0.019022
1 0.056641 0.804688 0.022475 0.022475
1 0.142705 0.795153 0.019022 0.019022
1 0.113281 0.791016 0.014947 0.014947
1 0.109375 0.699219 0.022475 0.022475
1 0.492314 0.683825 0.019022 0.019022
1 0.033203 0.669922 0.022475 0.022475
1 0.097783 0.570544 0.019022 0.019022
1 0.089970 0.531482 0.019022 0.019022
1 0.265625 0.509766 0.014947 0.014947
1 0.187627 0.447497 0.019022 0.019022
1 0.009892 0.377185 0.019022 0.019022
1 0.226562 0.371094 0.014947 0.014947
1 0.099609 0.302734 0.014947 0.014947
1 0.025517 0.252185 0.019022 0.019022
1 0.052734 0.167969 0.022475 0.022475
1 0.006329 0.132812 0.014452 0.014452
1 0.029297 0.117188 0.014947 0.014947
1 0.160156 0.990234 0.014947 0.014947
1 0.322266 0.927734 0.014947 0.014947
1 0.150391 0.919922 0.014947 0.014947
1 0.667969 0.822266 0.014947 0.014947
1 0.097656 0.771484 0.014947 0.014947
1 0.072266 0.666016 0.022475 0.022475
1 0.027344 0.605469 0.014947 0.014947
1 0.207031 0.496094 0.022475 0.022475
1 0.048955 0.429919 0.019022 0.019022
1 0.111328 0.246094 0.014947 0.014947
1 0.259766 0.226562 0.014947 0.014947
1 0.119267 0.166247 0.019022 0.019022
1 0.097656 0.085938 0.022475 0.022475
1 0.326299 0.869372 0.019022 0.019022
1 0.177861 0.765857 0.019022 0.019022
1 0.099661 0.658534 0.012369 0.012369
1 0.494267 0.617419 0.019022 0.019022
1 0.080205 0.601794 0.019022 0.019022
1 0.935547 0.554688 0.014947 0.014947
1 0.304688 0.476562 0.022475 0.022475
1 0.339970 0.461169 0.019022 0.019022
1 0.191406 0.310547 0.022475 0.022475
1 0.271536 0.244471 0.012369 0.012369
1 0.031377 0.199450 0.019022 0.019022
1 0.160208 0.084315 0.012369 0.012369
1 0.134766 0.085938 0.014947 0.014947
1 0.271611 0.074450 0.019022 0.019022
1 0.072266 0.037109 0.014947 0.014947
1 0.269531 0.988281 0.014947 0.014947
1 0.539114 0.803065 0.012369 0.012369
1 0.191406 0.791016 0.022475 0.022475
1 0.246220 0.773669 0.019022 0.019022
1 0.353516 0.750000 0.022475 0.022475
1 0.201172 0.750000 0.014947 0.014947
1 0.175908 0.709216 0.019022 0.019022
1 0.224736 0.701403 0.019022 0.019022
1 0.595830 0.681872 0.019022 0.019022
1 0.183720 0.642810 0.019022 0.019022
1 0.259922 0.627163 0.026766 0.026766
1 0.172002 0.580310 0.019022 0.019022
1 0.162109 0.541016 0.014947 0.014947
1 0.154297 0.519531 0.014947 0.014947
1 0.390752 0.509997 0.019022 0.019022
1 0.531250 0.480469 0.014947 0.014947
1 0.095703 0.464844 0.014947 0.014947
1 0.127080 0.441638 0.019022 0.019022
1 0.127080 0.396716 0.019022 0.019022
1 0.070312 0.361328 0.014947 0.014947
1 0.605469 0.326172 0.014947 0.014947
1 0.048828 0.283203 0.014947 0.014947
1 0.691406 0.263672 0.014947 0.014947
1 0.080078 0.240234 0.014947 0.014947
1 0.109532 0.207241 0.026766 0.026766
1 0.599661 0.139003 0.012369 0.012369
1 0.292969 0.083984 0.014947 0.014947
1 0.375000 0.990234 0.014947 0.014947
1 0.470703 0.957031 0.014947 0.014947
1 0.597783 0.927966 0.019022 0.019022
1 0.468877 0.910388 0.019022 0.019022
1 0.373047 0.890625 0.022475 0.022475
1 0.341797 0.884766 0.014947 0.014947
1 0.708984 0.792969 0.014947 0.014947
1 0.632939 0.738513 0.019022 0.019022
1 0.523438 0.693359 0.014947 0.014947
1 0.257939 0.693591 0.019022 0.019022
1 0.289189 0.672107 0.019022 0.019022
1 0.216924 0.623278 0.019022 0.019022
1 0.376953 0.607422 0.014947 0.014947
1 0.257812 0.580078 0.022475 0.022475
1 0.248174 0.547107 0.019022 0.019022
1 0.365391 0.543178 0.026766 0.026766
1 0.216924 0.527575 0.019022 0.019022
1 0.171875 0.371094 0.030378 0.030378
1 0.111328 0.273438 0.014947 0.014947
1 0.238281 0.265625 0.022475 0.022475
1 0.066533 0.222888 0.019022 0.019022
1 0.083984 0.152344 0.014947 0.014947
1 0.261719 0.134766 0.022475 0.022475
1 0.082158 0.127185 0.019022 0.019022
1 0.140625 0.046875 0.030378 0.030378
1 0.535156 0.980469 0.014947 0.014947
1 0.396484 0.927734 0.014947 0.014947
1 0.646484 0.843750 0.014947 0.014947
1 0.369141 0.779297 0.014947 0.014947
1 0.492188 0.773438 0.022475 0.022475
1 0.722656 0.765625 0.014947 0.014947
1 0.742188 0.718750 0.014947 0.014947
1 0.677861 0.703357 0.019022 0.019022
1 0.310674 0.691638 0.019022 0.019022
1 0.310547 0.628906 0.014947 0.014947
1 0.334036 0.615565 0.012369 0.012369
1 0.292969 0.583984 0.014947 0.014947
1 0.800833 0.472987 0.012369 0.012369
1 0.703125 0.423828 0.014947 0.014947
1 0.228642 0.422107 0.019022 0.019022
1 0.191406 0.408203 0.022475 0.022475
1 0.630911 0.404628 0.012369 0.012369
1 0.408203 0.326172 0.014947 0.014947
1 0.566533 0.265857 0.019022 0.019022
1 0.976689 0.179919 0.019022 0.019022
1 0.144658 0.131091 0.019022 0.019022
1 0.726614 0.055018 0.012369 0.012369
1 0.787236 0.986560 0.019022 0.019022
1 0.457158 0.931872 0.019022 0.019022
1 0.742188 0.900391 0.014947 0.014947
1 0.708984 0.835938 0.014947 0.014947
1 0.248204 0.724819 0.026766 0.026766
1 0.707158 0.713122 0.019022 0.019022
1 0.363408 0.574450 0.019022 0.019022
1 0.253845 0.464844 0.039301 0.039301
1 0.289189 0.443591 0.019022 0.019022
1 0.673828 0.394531 0.014947 0.014947
1 0.279297 0.341797 0.014947 0.014947
1 0.228642 0.310778 0.019022 0.019022
1 0.244141 0.193359 0.022475 0.022475
1 0.644531 0.191406 0.014947 0.014947
1 0.207158 0.174060 0.019022 0.019022
1 0.277344 0.167969 0.014947 0.014947
1 0.191533 0.115466 0.019022 0.019022
1 0.376953 0.083984 0.022475 0.022475
1 0.535156 0.078125 0.014947 0.014947
1 0.199345 0.066638 0.019022 0.019022
1 0.591797 0.050781 0.006233 0.006233
1 0.833984 0.041016 0.022475 0.022475
1 0.365361 0.017810 0.019022 0.019022
1 0.644583 0.986659 0.012369 0.012369
1 0.564453 0.968750 0.014947 0.014947
1 0.800908 0.945544 0.019022 0.019022
1 0.472783 0.842028 0.019022 0.019022
1 0.853516 0.835938 0.022475 0.022475
1 0.791067 0.818690 0.012369 0.012369
1 0.431641 0.798828 0.014947 0.014947
1 0.427734 0.775391 0.014947 0.014947
1 0.398564 0.758044 0.019022 0.019022
1 0.451172 0.755859 0.014947 0.014947
1 0.427861 0.742419 0.019022 0.019022
1 0.765625 0.718750 0.014947 0.014947
1 0.455078 0.714844 0.014947 0.014947
1 0.404424 0.695544 0.019022 0.019022
1 0.464844 0.666016 0.014947 0.014947
1 0.408330 0.658435 0.019022 0.019022
1 0.437500 0.640625 0.014947 0.014947
1 0.410156 0.599609 0.014947 0.014947
1 0.420049 0.570544 0.019022 0.019022
1 0.857422 0.515625 0.014947 0.014947
1 0.341797 0.492188 0.014947 0.014947
1 0.785156 0.408203 0.014947 0.014947
1 0.388672 0.345703 0.014947 0.014947
1 0.335938 0.320312 0.014947 0.014947
1 0.902470 0.269763 0.019022 0.019022
1 0.291142 0.271716 0.019022 0.019022
1 0.730469 0.232422 0.014947 0.014947
1 0.377005 0.226893 0.012369 0.012369
1 0.330205 0.230700 0.019022 0.019022
1 0.492188 0.181641 0.022475 0.022475
1 0.304688 0.179688 0.014947 0.014947
1 0.297002 0.131091 0.019022 0.019022
1 0.669974 0.121424 0.012369 0.012369
1 0.855595 0.064685 0.019022 0.019022
1 0.244141 0.031250 0.014947 0.014947
1 0.455130 0.021815 0.012369 0.012369
1 0.273438 0.019531 0.014947 0.014947
1 0.226562 0.015625 0.014947 0.014947
1 0.566406 0.990234 0.014947 0.014947
1 0.638724 0.967128 0.012369 0.012369
1 0.547002 0.947497 0.019022 0.019022
1 0.545049 0.908435 0.019022 0.019022
1 0.898438 0.814453 0.022475 0.022475
1 0.572266 0.810547 0.014947 0.014947
1 0.562500 0.763672 0.014947 0.014947
1 0.539189 0.750232 0.019022 0.019022
1 0.505859 0.728516 0.014947 0.014947
1 0.843750 0.707031 0.022475 0.022475
1 0.496094 0.646484 0.014947 0.014947
1 0.564453 0.580078 0.006233 0.006233
1 0.527344 0.580078 0.014947 0.014947
1 0.451172 0.548828 0.014947 0.014947
1 0.490361 0.535388 0.019022 0.019022
1 0.445312 0.515625 0.022475 0.022475
1 0.652344 0.335938 0.014947 0.014947
1 0.849609 0.306641 0.014947 0.014947
1 0.416142 0.277575 0.019022 0.019022
1 0.412109 0.222656 0.014947 0.014947
1 0.466797 0.171875 0.014947 0.014947
1 0.388672 0.166016 0.014947 0.014947
1 0.359375 0.162109 0.014947 0.014947
1 0.390752 0.134997 0.019022 0.019022
1 0.416016 0.095703 0.014947 0.014947
1 0.789062 0.076172 0.022475 0.022475
1 0.423828 0.068359 0.014947 0.014947
1 0.418095 0.043200 0.019022 0.019022
1 0.748174 0.933825 0.019022 0.019022
1 0.677734 0.935547 0.022475 0.022475
1 0.964844 0.929688 0.022475 0.022475
1 0.601689 0.767810 0.019022 0.019022
1 0.615234 0.695312 0.014947 0.014947
1 0.673828 0.675781 0.014947 0.014947
1 0.523438 0.605469 0.014947 0.014947
1 0.578252 0.541247 0.019022 0.019022
1 0.541142 0.541247 0.019022 0.019022
1 0.935674 0.523669 0.019022 0.019022
1 0.619267 0.476794 0.019022 0.019022
1 0.716797 0.474609 0.014947 0.014947
1 0.586064 0.457263 0.019022 0.019022
1 0.835938 0.437500 0.022475 0.022475
1 0.505986 0.410388 0.019022 0.019022
1 0.656250 0.375000 0.014947 0.014947
1 0.531377 0.373278 0.019022 0.019022
1 0.468877 0.377185 0.019022 0.019022
1 0.511845 0.345935 0.019022 0.019022
1 0.545049 0.340075 0.019022 0.019022
1 0.461064 0.338122 0.019022 0.019022
1 0.574219 0.324219 0.014947 0.014947
1 0.539062 0.302734 0.014947 0.014947
1 0.507939 0.301013 0.019022 0.019022
1 0.472783 0.285388 0.019022 0.019022
1 0.519531 0.277344 0.014947 0.014947
1 0.650391 0.267578 0.014947 0.014947
1 0.519658 0.250232 0.019022 0.019022
1 0.669922 0.240234 0.014947 0.014947
1 0.517705 0.224841 0.019022 0.019022
1 0.451172 0.210938 0.022475 0.022475
1 0.585938 0.195312 0.014947 0.014947
1 0.441406 0.167969 0.014947 0.014947
1 0.843877 0.152575 0.019022 0.019022
1 0.560547 0.132812 0.014947 0.014947
1 0.500127 0.119372 0.019022 0.019022
1 0.441406 0.085938 0.014947 0.014947
1 0.455078 0.052734 0.014947 0.014947
1 0.498099 0.049159 0.012369 0.012369
1 0.560547 0.017578 0.014947 0.014947
1 0.802861 0.871325 0.019022 0.019022
1 0.802891 0.775600 0.026766 0.026766
1 0.761719 0.759766 0.014947 0.014947
1 0.886719 0.738281 0.014947 0.014947
1 0.822266 0.638672 0.014947 0.014947
1 0.841797 0.623047 0.014947 0.014947
1 0.675908 0.621325 0.019022 0.019022
1 0.818486 0.611560 0.019022 0.019022
1 0.841797 0.593750 0.014947 0.014947
1 0.681641 0.542969 0.006233 0.006233
1 0.798955 0.535388 0.019022 0.019022
1 0.621220 0.527575 0.019022 0.019022
1 0.835989 0.512049 0.012369 0.012369
1 0.816458 0.500331 0.012369 0.012369
1 0.726689 0.498278 0.019022 0.019022
1 0.664189 0.490466 0.019022 0.019022
1 0.826172 0.462891 0.014947 0.014947
1 0.693486 0.457263 0.019022 0.019022
1 0.636719 0.449219 0.014947 0.014947
1 0.648438 0.427734 0.014947 0.014947
1 0.828177 0.371424 0.012369 0.012369
1 0.822266 0.326172 0.006233 0.006233
1 0.781250 0.312500 0.014947 0.014947
1 0.843802 0.283534 0.012369 0.012369
1 0.597783 0.271716 0.019022 0.019022
1 0.837891 0.257812 0.014947 0.014947
1 0.795093 0.254109 0.034741 0.034741
1 0.541142 0.183825 0.019022 0.019022
1 0.611455 0.177966 0.019022 0.019022
1 0.958984 0.166016 0.014947 0.014947
1 0.705205 0.152575 0.019022 0.019022
1 0.959111 0.974841 0.019022 0.019022
1 0.867314 0.904528 0.019022 0.019022
1 0.834111 0.877185 0.019022 0.019022
1 0.968750 0.822266 0.014947 0.014947
1 0.888799 0.779528 0.019022 0.019022
1 0.914189 0.754138 0.019022 0.019022
1 0.953252 0.711169 0.019022 0.019022
1 0.978516 0.695312 0.014947 0.014947
1 0.882812 0.656250 0.014947 0.014947
1 0.857422 0.652344 0.014947 0.014947
1 0.980469 0.626953 0.014947 0.014947
1 0.781250 0.599609 0.022475 0.022475
1 0.884766 0.597656 0.014947 0.014947
1 0.914062 0.585938 0.014947 0.014947
1 0.867188 0.587891 0.014947 0.014947
1 0.822266 0.544922 0.014947 0.014947
1 0.875000 0.441406 0.014947 0.014947
1 0.972783 0.418200 0.019022 0.019022
1 0.892705 0.390857 0.019022 0.019022
1 0.732549 0.379138 0.019022 0.019022
1 0.771611 0.347888 0.019022 0.019022
1 0.740234 0.341797 0.022475 0.022475
1 0.798828 0.330078 0.014947 0.014947
1 0.878958 0.285487 0.012369 0.012369
1 0.781250 0.283203 0.014947 0.014947
1 0.980469 0.250000 0.014947 0.014947
1 0.861328 0.242188 0.014947 0.014947
1 0.822266 0.242188 0.014947 0.014947
1 0.609375 0.228516 0.022475 0.022475
1 0.751953 0.208984 0.014947 0.014947
1 0.822392 0.199450 0.019022 0.019022
1 0.884892 0.187732 0.019022 0.019022
1 0.916142 0.187732 0.019022 0.019022
1 0.792969 0.181641 0.014947 0.014947
1 0.744267 0.172107 0.019022 0.019022
1 0.781377 0.162341 0.019022 0.019022
1 0.931767 0.156482 0.019022 0.019022
1 0.753906 0.121094 0.014947 0.014947
1 0.744141 0.099609 0.014947 0.014947
1 0.921875 0.093750 0.014947 0.014947
1 0.939453 0.083984 0.014947 0.014947
1 0.906302 0.078456 0.012369 0.012369
1 0.960938 0.058594 0.014947 0.014947
1 0.681767 0.051013 0.019022 0.019022
1 0.957083 0.035487 0.012369 0.012369
1 0.791142 0.017810 0.019022 0.019022
1 0.970830 0.886950 0.019022 0.019022
1 0.949219 0.863281 0.014947 0.014947
1 0.744141 0.843750 0.022475 0.022475
1 0.929814 0.677966 0.019022 0.019022
1 0.953252 0.601794 0.019022 0.019022
1 0.925908 0.486560 0.019022 0.019022
1 0.875000 0.222656 0.014947 0.014947
