1 0.291016 0.746094 0.022475 0.022475
1 0.027344 0.421875 0.030378 0.030378
1 0.993501 0.340080 0.011557 0.011557
1 0.205078 0.257812 0.014947 0.014947
1 0.779297 0.255859 0.014947 0.014947
1 0.988408 0.972888 0.019022 0.019022
1 0.048985 0.347866 0.026766 0.026766
1 0.257939 0.234607 0.019022 0.019022
1 0.261719 0.162109 0.014947 0.014947
1 0.777344 0.679688 0.022475 0.022475
1 0.289062 0.498047 0.014947 0.014947
1 0.294922 0.371094 0.014947 0.014947
1 0.882939 0.619372 0.019022 0.019022
1 0.939505 0.336268 0.012369 0.012369
1 0.763724 0.305018 0.012369 0.012369
1 0.894658 0.181872 0.019022 0.019022
1 0.789189 0.133044 0.019022 0.019022
1 0.882939 0.119372 0.019022 0.019022
1 0.853642 0.101794 0.019022 0.019022
1 0.269531 0.033203 0.014947 0.014947
1 0.880986 0.015857 0.019022 0.019022
1 0.669922 0.859375 0.014947 0.014947
1 0.951299 0.832263 0.019022 0.019022
1 0.392578 0.812500 0.014947 0.014947
1 0.830078 0.712891 0.022475 0.022475
1 0.478516 0.699219 0.014947 0.014947
1 0.273438 0.689453 0.014947 0.014947
1 0.740234 0.597656 0.014947 0.014947
1 0.646611 0.488513 0.019022 0.019022
1 0.379033 0.482653 0.019022 0.019022
1 0.783330 0.457263 0.019022 0.019022
1 0.367188 0.445312 0.014947 0.014947
1 0.519583 0.412440 0.012369 0.012369
1 0.648438 0.402344 0.014947 0.014947
1 0.183594 0.396484 0.014947 0.014947
1 0.460938 0.250000 0.014947 0.014947
1 0.484502 0.217028 0.019022 0.019022
1 0.673828 0.199219 0.014947 0.014947
1 0.041016 0.123047 0.014947 0.014947
1 0.966797 0.064453 0.022475 0.022475
1 0.812500 0.052734 0.022475 0.022475
1 0.339970 0.051013 0.019022 0.019022
1 0.361328 0.019531 0.014947 0.014947
1 0.685547 0.009766 0.014947 0.014947
1 0.349736 0.939685 0.019022 0.019022
1 0.785283 0.924060 0.019022 0.019022
1 0.914062 0.912109 0.014947 0.014947
1 0.910283 0.824450 0.019022 0.019022
1 0.603516 0.806641 0.014947 0.014947
1 0.490361 0.802966 0.019022 0.019022
1 0.339844 0.740234 0.014947 0.014947
1 0.505859 0.718750 0.014947 0.014947
1 0.546927 0.629237 0.012369 0.012369
1 0.048828 0.455078 0.014947 0.014947
1 0.218750 0.412109 0.014947 0.014947
1 0.169922 0.371094 0.014947 0.014947
1 0.105595 0.371325 0.019022 0.019022
1 0.802734 0.343750 0.022475 0.022475
1 0.708984 0.335938 0.014947 0.014947
1 0.966924 0.314685 0.019022 0.019022
1 0.252080 0.269763 0.019022 0.019022
1 0.083984 0.201172 0.014947 0.014947
1 0.580205 0.185778 0.019022 0.019022
1 0.494141 0.160156 0.022475 0.022475
1 0.369267 0.154528 0.019022 0.019022
1 0.164062 0.132812 0.014947 0.014947
1 0.537109 0.121094 0.022475 0.022475
1 0.470755 0.101893 0.012369 0.012369
1 0.048955 0.088122 0.019022 0.019022
1 0.896484 0.990234 0.014947 0.014947
1 0.708984 0.988281 0.014947 0.014947
1 0.894531 0.951172 0.022475 0.022475
1 0.171875 0.816406 0.014947 0.014947
1 0.064580 0.801013 0.019022 0.019022
1 0.009817 0.689784 0.012369 0.012369
1 0.894531 0.662109 0.022475 0.022475
1 0.845830 0.629138 0.019022 0.019022
1 0.460938 0.529297 0.022475 0.022475
1 0.123099 0.453456 0.012369 0.012369
1 0.410156 0.414062 0.014947 0.014947
1 0.193411 0.361659 0.012369 0.012369
1 0.513672 0.347656 0.030378 0.030378
1 0.502080 0.974841 0.019022 0.019022
1 0.767578 0.958984 0.022475 0.022475
1 0.806641 0.947266 0.030378 0.030378
1 0.312500 0.843750 0.022475 0.022475
1 0.582031 0.839844 0.014947 0.014947
1 0.697392 0.824450 0.019022 0.019022
1 0.566406 0.794922 0.014947 0.014947
1 0.111455 0.793200 0.019022 0.019022
1 0.203252 0.777575 0.019022 0.019022
1 0.488333 0.678065 0.012369 0.012369
1 0.404424 0.654528 0.019022 0.019022
1 0.660313 0.615444 0.026766 0.026766
1 0.761719 0.582031 0.014947 0.014947
1 0.197266 0.513672 0.022475 0.022475
1 0.056692 0.400721 0.012369 0.012369
1 0.785283 0.365466 0.019022 0.019022
1 0.922002 0.281482 0.019022 0.019022
1 0.431692 0.252284 0.012369 0.012369
1 0.390625 0.201172 0.022475 0.022475
1 0.406377 0.144763 0.019022 0.019022
1 0.687627 0.129138 0.019022 0.019022
1 0.939580 0.127185 0.019022 0.019022
1 0.625052 0.097987 0.012369 0.012369
1 0.708984 0.052734 0.014947 0.014947
1 0.898438 0.037109 0.014947 0.014947
1 0.167969 0.935547 0.014947 0.014947
1 0.886719 0.917969 0.014947 0.014947
1 0.732474 0.892909 0.012369 0.012369
1 0.968877 0.877185 0.019022 0.019022
1 0.855595 0.873278 0.019022 0.019022
1 0.412236 0.849841 0.019022 0.019022
1 0.818486 0.840075 0.019022 0.019022
1 0.669922 0.765625 0.014947 0.014947
1 0.958984 0.726562 0.014947 0.014947
1 0.908330 0.713122 0.019022 0.019022
1 0.945312 0.701172 0.014947 0.014947
1 0.947266 0.636719 0.014947 0.014947
1 0.361380 0.637049 0.012369 0.012369
1 0.816406 0.632812 0.014947 0.014947
1 0.464970 0.603747 0.019022 0.019022
1 0.804814 0.586169 0.019022 0.019022
1 0.615361 0.535388 0.019022 0.019022
1 0.935599 0.517909 0.012369 0.012369
1 0.716797 0.496094 0.014947 0.014947
1 0.332031 0.486328 0.014947 0.014947
1 0.560674 0.478747 0.019022 0.019022
1 0.722783 0.467028 0.019022 0.019022
1 0.808594 0.439453 0.014947 0.014947
1 0.726562 0.435547 0.014947 0.014947
1 0.708984 0.417969 0.014947 0.014947
1 0.087942 0.412440 0.012369 0.012369
1 0.687500 0.406250 0.014947 0.014947
1 0.127080 0.408435 0.019022 0.019022
1 0.863408 0.402575 0.019022 0.019022
1 0.753906 0.400391 0.014947 0.014947
1 0.943486 0.398669 0.019022 0.019022
1 0.728516 0.394531 0.014947 0.014947
1 0.501953 0.386719 0.014947 0.014947
1 0.273438 0.386719 0.014947 0.014947
1 0.959111 0.363513 0.019022 0.019022
1 0.312627 0.334216 0.019022 0.019022
1 0.929739 0.310878 0.012369 0.012369
1 0.877080 0.287341 0.019022 0.019022
1 0.722783 0.275622 0.019022 0.019022
1 0.515625 0.275391 0.014947 0.014947
1 0.668095 0.273669 0.019022 0.019022
1 0.695439 0.238513 0.019022 0.019022
1 0.748174 0.240466 0.019022 0.019022
1 0.498099 0.238612 0.012369 0.012369
1 0.933594 0.238281 0.014947 0.014947
1 0.832158 0.232653 0.019022 0.019022
1 0.794922 0.228516 0.014947 0.014947
1 0.597708 0.217128 0.012369 0.012369
1 0.933594 0.212891 0.014947 0.014947
1 0.796875 0.205078 0.014947 0.014947
1 0.826299 0.189685 0.019022 0.019022
1 0.773438 0.179688 0.014947 0.014947
1 0.859375 0.166016 0.014947 0.014947
1 0.990234 0.164062 0.014947 0.014947
1 0.599609 0.160156 0.014947 0.014947
1 0.834036 0.156581 0.012369 0.012369
1 0.814505 0.148768 0.012369 0.012369
1 0.015625 0.146484 0.014947 0.014947
1 0.988333 0.140956 0.012369 0.012369
1 0.640677 0.135096 0.012369 0.012369
1 0.660208 0.125331 0.012369 0.012369
1 0.289189 0.123278 0.019022 0.019022
1 0.009817 0.123378 0.012369 0.012369
1 0.740361 0.115466 0.019022 0.019022
1 0.927861 0.078357 0.019022 0.019022
1 0.701172 0.076172 0.014947 0.014947
1 0.146484 0.070312 0.014947 0.014947
1 0.878906 0.054688 0.014947 0.014947
1 0.187500 0.042969 0.014947 0.014947
1 0.378906 0.041016 0.014947 0.014947
1 0.208984 0.041016 0.014947 0.014947
1 0.496094 0.039062 0.014947 0.014947
1 0.529424 0.031482 0.019022 0.019022
1 0.623174 0.025622 0.019022 0.019022
1 0.476689 0.019763 0.019022 0.019022
1 0.336064 0.017810 0.019022 0.019022
1 0.814580 0.017810 0.019022 0.019022
1 0.503906 0.009766 0.014947 0.014947
1 0.408330 0.011950 0.019022 0.019022
1 0.847708 0.990565 0.012369 0.012369
1 0.959111 0.986560 0.019022 0.019022
1 0.822266 0.984375 0.014947 0.014947
1 0.640625 0.962891 0.014947 0.014947
1 0.835938 0.960938 0.014947 0.014947
1 0.920049 0.961169 0.019022 0.019022
1 0.615234 0.951172 0.014947 0.014947
1 0.664062 0.949219 0.014947 0.014947
1 0.843750 0.935547 0.014947 0.014947
1 0.935599 0.910487 0.012369 0.012369
1 0.554688 0.896484 0.014947 0.014947
1 0.990286 0.892909 0.012369 0.012369
1 0.882939 0.886950 0.019022 0.019022
1 0.781250 0.865234 0.014947 0.014947
1 0.529297 0.847656 0.014947 0.014947
1 0.867314 0.832263 0.019022 0.019022
1 0.824219 0.810547 0.014947 0.014947
1 0.804688 0.798828 0.014947 0.014947
1 0.435547 0.794922 0.014947 0.014947
1 0.777344 0.785156 0.014947 0.014947
1 0.900517 0.773669 0.019022 0.019022
1 0.990234 0.769531 0.014947 0.014947
1 0.492188 0.765625 0.014947 0.014947
1 0.693359 0.746094 0.014947 0.014947
1 0.611328 0.744141 0.014947 0.014947
1 0.498047 0.742188 0.014947 0.014947
1 0.929814 0.736560 0.019022 0.019022
1 0.763799 0.734607 0.019022 0.019022
1 0.593750 0.726562 0.014947 0.014947
1 0.662236 0.711169 0.019022 0.019022
1 0.552734 0.675781 0.014947 0.014947
1 0.849609 0.673828 0.014947 0.014947
1 0.695439 0.672107 0.019022 0.019022
1 0.670049 0.670153 0.019022 0.019022
1 0.244141 0.654297 0.014947 0.014947
1 0.275391 0.650391 0.014947 0.014947
1 0.718877 0.646716 0.019022 0.019022
1 0.767705 0.633044 0.019022 0.019022
1 0.382864 0.633143 0.012369 0.012369
1 0.333984 0.632812 0.014947 0.014947
1 0.408203 0.626953 0.014947 0.014947
1 0.250052 0.627284 0.012369 0.012369
1 0.711064 0.621325 0.019022 0.019022
1 0.931641 0.619141 0.014947 0.014947
1 0.494192 0.607753 0.012369 0.012369
1 0.437627 0.609607 0.019022 0.019022
1 0.779297 0.607422 0.014947 0.014947
1 0.253958 0.605799 0.012369 0.012369
1 0.488333 0.588221 0.012369 0.012369
1 0.689580 0.584216 0.019022 0.019022
1 0.214844 0.578125 0.014947 0.014947
1 0.925908 0.572497 0.019022 0.019022
1 0.417969 0.570312 0.014947 0.014947
1 0.621094 0.566406 0.014947 0.014947
1 0.644583 0.564784 0.012369 0.012369
1 0.991718 0.562500 0.014452 0.014452
1 0.751953 0.552734 0.014947 0.014947
1 0.554688 0.542969 0.014947 0.014947
1 0.906377 0.541247 0.019022 0.019022
1 0.877080 0.539294 0.019022 0.019022
1 0.273564 0.533435 0.019022 0.019022
1 0.595830 0.513903 0.019022 0.019022
1 0.527344 0.513672 0.014947 0.014947
1 0.744267 0.502185 0.019022 0.019022
1 0.453177 0.496424 0.012369 0.012369
1 0.478516 0.490234 0.014947 0.014947
1 0.591924 0.486560 0.019022 0.019022
1 0.523564 0.459216 0.019022 0.019022
1 0.293020 0.459315 0.012369 0.012369
1 0.464970 0.455310 0.019022 0.019022
1 0.171927 0.453456 0.012369 0.012369
1 0.597783 0.445544 0.019022 0.019022
1 0.191458 0.445643 0.012369 0.012369
1 0.548955 0.445544 0.019022 0.019022
1 0.427786 0.441737 0.012369 0.012369
1 0.933720 0.437732 0.019022 0.019022
1 0.300833 0.439784 0.012369 0.012369
1 0.644658 0.431872 0.019022 0.019022
1 0.488408 0.427966 0.019022 0.019022
1 0.275517 0.414294 0.019022 0.019022
1 0.632812 0.386719 0.014947 0.014947
1 0.359502 0.379138 0.019022 0.019022
1 0.244141 0.353516 0.014947 0.014947
1 0.689453 0.318359 0.014947 0.014947
1 0.642705 0.314685 0.019022 0.019022
1 0.267705 0.312732 0.019022 0.019022
1 0.386770 0.301112 0.012369 0.012369
1 0.992239 0.297206 0.012369 0.012369
1 0.408255 0.299159 0.012369 0.012369
1 0.316458 0.295253 0.012369 0.012369
1 0.293020 0.291346 0.012369 0.012369
1 0.164062 0.285156 0.014947 0.014947
1 0.375000 0.281250 0.014947 0.014947
1 0.195364 0.281581 0.012369 0.012369
1 0.482422 0.263672 0.014947 0.014947
1 0.066533 0.261950 0.019022 0.019022
1 0.519531 0.246094 0.014947 0.014947
1 0.103516 0.232422 0.014947 0.014947
1 0.455205 0.195544 0.019022 0.019022
1 0.422002 0.181872 0.019022 0.019022
1 0.076224 0.178065 0.012369 0.012369
1 0.539189 0.154528 0.019022 0.019022
1 0.314580 0.148669 0.019022 0.019022
1 0.429688 0.142578 0.014947 0.014947
1 0.136719 0.138672 0.014947 0.014947
1 0.191406 0.130859 0.014947 0.014947
1 0.101689 0.117419 0.019022 0.019022
1 0.119267 0.099841 0.019022 0.019022
1 0.187500 0.091797 0.014947 0.014947
1 0.279297 0.087891 0.014947 0.014947
1 0.021484 0.089844 0.014947 0.014947
1 0.257864 0.080409 0.012369 0.012369
1 0.552861 0.078357 0.019022 0.019022
1 0.386845 0.076403 0.019022 0.019022
1 0.171875 0.074219 0.014947 0.014947
1 0.078252 0.058825 0.019022 0.019022
1 0.298955 0.043200 0.019022 0.019022
1 0.568486 0.037341 0.019022 0.019022
1 0.007864 0.035487 0.012369 0.012369
1 0.736328 0.039062 0.030378 0.030378
1 0.140752 0.019763 0.019022 0.019022
1 0.175908 0.011950 0.019022 0.019022
1 0.043095 0.011950 0.019022 0.019022
1 0.464970 0.982653 0.019022 0.019022
1 0.423955 0.976794 0.019022 0.019022
1 0.064580 0.972888 0.019022 0.019022
1 0.355595 0.967028 0.019022 0.019022
1 0.578252 0.961169 0.019022 0.019022
1 0.029297 0.953125 0.014947 0.014947
1 0.515752 0.941638 0.019022 0.019022
1 0.463017 0.939685 0.019022 0.019022
1 0.746220 0.931872 0.019022 0.019022
1 0.601562 0.931641 0.014947 0.014947
1 0.548955 0.929919 0.019022 0.019022
1 0.388672 0.919922 0.014947 0.014947
1 0.183594 0.916016 0.014947 0.014947
1 0.414062 0.912109 0.014947 0.014947
1 0.500127 0.908435 0.019022 0.019022
1 0.248099 0.904628 0.012369 0.012369
1 0.117188 0.894531 0.022475 0.022475
1 0.345830 0.886950 0.019022 0.019022
1 0.015625 0.880859 0.014947 0.014947
1 0.576172 0.880859 0.014947 0.014947
1 0.406302 0.875331 0.012369 0.012369
1 0.466924 0.869372 0.019022 0.019022
1 0.333984 0.857422 0.014947 0.014947
1 0.365361 0.847888 0.019022 0.019022
1 0.134766 0.835938 0.014947 0.014947
1 0.457158 0.830310 0.019022 0.019022
1 0.199345 0.826403 0.019022 0.019022
1 0.226562 0.822266 0.014947 0.014947
1 0.324345 0.810778 0.019022 0.019022
1 0.630911 0.805018 0.012369 0.012369
1 0.287236 0.797107 0.019022 0.019022
1 0.234375 0.775391 0.014947 0.014947
1 0.373174 0.767810 0.019022 0.019022
1 0.089844 0.767578 0.014947 0.014947
1 0.558720 0.758044 0.019022 0.019022
1 0.076172 0.736328 0.014947 0.014947
1 0.259892 0.730700 0.019022 0.019022
1 0.398438 0.726562 0.014947 0.014947
1 0.543095 0.722888 0.019022 0.019022
1 0.062500 0.718750 0.014947 0.014947
1 0.025517 0.718982 0.019022 0.019022
1 0.419922 0.718750 0.014947 0.014947
1 0.627080 0.685778 0.019022 0.019022
1 0.068411 0.681971 0.012369 0.012369
1 0.025391 0.666016 0.014947 0.014947
1 0.156377 0.633044 0.019022 0.019022
1 0.029424 0.633044 0.019022 0.019022
1 0.277344 0.625000 0.014947 0.014947
1 0.224736 0.607653 0.019022 0.019022
1 0.164189 0.592028 0.019022 0.019022
1 0.068486 0.576403 0.019022 0.019022
1 0.170049 0.547107 0.019022 0.019022
1 0.045049 0.537341 0.019022 0.019022
1 0.240361 0.531482 0.019022 0.019022
1 0.148564 0.521716 0.019022 0.019022
1 0.088017 0.506091 0.019022 0.019022
1 0.168095 0.486560 0.019022 0.019022
1 0.978642 0.465075 0.019022 0.019022
1 0.576172 0.410156 0.014947 0.014947
1 0.396484 0.382812 0.014947 0.014947
1 0.349736 0.349841 0.019022 0.019022
1 0.169922 0.347656 0.014947 0.014947
1 0.037236 0.299060 0.019022 0.019022
1 0.113408 0.174060 0.019022 0.019022
1 0.720703 0.158203 0.030378 0.030378
1 0.031250 0.984375 0.014947 0.014947
1 0.156250 0.976562 0.014947 0.014947
1 0.302861 0.972888 0.019022 0.019022
1 0.271611 0.955310 0.019022 0.019022
1 0.126953 0.951172 0.014947 0.014947
1 0.171875 0.884766 0.014947 0.014947
1 0.259766 0.884766 0.014947 0.014947
1 0.132939 0.758044 0.019022 0.019022
1 0.015625 0.757812 0.014947 0.014947
1 0.089844 0.683594 0.014947 0.014947
1 0.089970 0.625232 0.019022 0.019022
1 0.498174 0.523669 0.019022 0.019022
1 0.750000 0.179688 0.014947 0.014947
1 0.203125 0.318359 0.030378 0.030378
