1 0.072266 0.339844 0.022475 0.022475
1 0.943486 0.218982 0.019022 0.019022
1 0.517578 0.986328 0.014947 0.014947
1 0.369267 0.343982 0.019022 0.019022
1 0.232474 0.242518 0.012369 0.012369
1 0.504033 0.068591 0.019022 0.019022
1 0.062500 0.972656 0.022475 0.022475
1 0.490361 0.453357 0.019022 0.019022
1 0.751953 0.175781 0.022475 0.022475
1 0.970703 0.054688 0.014947 0.014947
1 0.087891 0.607422 0.022475 0.022475
1 0.648489 0.365565 0.012369 0.012369
1 0.197266 0.232422 0.014947 0.014947
1 0.263724 0.213221 0.012369 0.012369
1 0.404349 0.174159 0.012369 0.012369
1 0.205078 0.158203 0.014947 0.014947
1 0.417969 0.154297 0.014947 0.014947
1 0.554814 0.082263 0.019022 0.019022
1 0.914189 0.054919 0.019022 0.019022
1 0.261845 0.047107 0.019022 0.019022
1 0.910283 0.023669 0.019022 0.019022
1 0.781377 0.929919 0.019022 0.019022
1 0.617239 0.930018 0.012369 0.012369
1 0.332188 0.916225 0.026766 0.026766
1 0.781250 0.892578 0.014947 0.014947
1 0.330078 0.853516 0.014947 0.014947
1 0.486380 0.838221 0.012369 0.012369
1 0.843802 0.836268 0.012369 0.012369
1 0.455205 0.802966 0.019022 0.019022
1 0.783330 0.779528 0.019022 0.019022
1 0.660283 0.758044 0.019022 0.019022
1 0.213017 0.752185 0.019022 0.019022
1 0.937627 0.726794 0.019022 0.019022
1 0.394531 0.718750 0.014947 0.014947
1 0.652470 0.629138 0.019022 0.019022
1 0.748174 0.607653 0.019022 0.019022
1 0.597708 0.601893 0.012369 0.012369
1 0.439580 0.592028 0.019022 0.019022
1 0.541142 0.570544 0.019022 0.019022
1 0.888672 0.533203 0.014947 0.014947
1 0.455078 0.474609 0.014947 0.014947
1 0.521484 0.460938 0.014947 0.014947
1 0.556767 0.443591 0.019022 0.019022
1 0.781250 0.380859 0.014947 0.014947
1 0.472783 0.357653 0.019022 0.019022
1 0.009817 0.336268 0.012369 0.012369
1 0.339970 0.302966 0.019022 0.019022
1 0.673828 0.283203 0.022475 0.022475
1 0.289062 0.195312 0.014947 0.014947
1 0.127005 0.195643 0.012369 0.012369
1 0.263672 0.191406 0.014947 0.014947
1 0.634766 0.189453 0.014947 0.014947
1 0.244141 0.179688 0.014947 0.014947
1 0.369192 0.172206 0.012369 0.012369
1 0.535283 0.168200 0.019022 0.019022
1 0.521611 0.095935 0.019022 0.019022
1 0.623099 0.037440 0.012369 0.012369
1 0.125000 0.009766 0.014947 0.014947
1 0.914189 0.976794 0.019022 0.019022
1 0.947317 0.943690 0.012369 0.012369
1 0.441533 0.908435 0.019022 0.019022
1 0.695439 0.863513 0.019022 0.019022
1 0.271611 0.855700 0.019022 0.019022
1 0.839895 0.855799 0.012369 0.012369
1 0.441406 0.833984 0.014947 0.014947
1 0.023564 0.832263 0.019022 0.019022
1 0.129063 0.824428 0.026766 0.026766
1 0.326172 0.808594 0.014947 0.014947
1 0.297002 0.808825 0.019022 0.019022
1 0.148564 0.791247 0.019022 0.019022
1 0.337891 0.765625 0.014947 0.014947
1 0.140625 0.691406 0.014947 0.014947
1 0.697317 0.642909 0.012369 0.012369
1 0.693359 0.617188 0.014947 0.014947
1 0.117314 0.592028 0.019022 0.019022
1 0.230469 0.505859 0.014947 0.014947
1 0.595703 0.498047 0.022475 0.022475
1 0.445439 0.424060 0.019022 0.019022
1 0.220703 0.410156 0.022475 0.022475
1 0.525517 0.408435 0.019022 0.019022
1 0.265752 0.386950 0.019022 0.019022
1 0.623047 0.332031 0.022475 0.022475
1 0.039062 0.314453 0.014947 0.014947
1 0.761719 0.291016 0.014947 0.014947
1 0.099661 0.195643 0.012369 0.012369
1 0.879033 0.183825 0.019022 0.019022
1 0.501953 0.117188 0.014947 0.014947
1 0.039062 0.066406 0.022475 0.022475
1 0.650391 0.988281 0.014947 0.014947
1 0.486328 0.990234 0.014947 0.014947
1 0.330205 0.961169 0.019022 0.019022
1 0.388799 0.855700 0.019022 0.019022
1 0.548955 0.806872 0.019022 0.019022
1 0.966924 0.625232 0.019022 0.019022
1 0.832031 0.613281 0.022475 0.022475
1 0.537109 0.492188 0.022475 0.022475
1 0.083984 0.466797 0.014947 0.014947
1 0.193359 0.425781 0.022475 0.022475
1 0.457031 0.078125 0.022475 0.022475
1 0.464970 0.009997 0.019022 0.019022
1 0.414062 0.006329 0.014452 0.014452
1 0.517705 0.646716 0.019022 0.019022
1 0.628906 0.638672 0.014947 0.014947
1 0.937500 0.638672 0.030378 0.030378
1 0.722656 0.617188 0.014947 0.014947
1 0.806641 0.550781 0.014947 0.014947
1 0.658255 0.541346 0.012369 0.012369
1 0.886845 0.496325 0.019022 0.019022
1 0.988281 0.380859 0.014947 0.014947
1 0.970703 0.365234 0.014947 0.014947
1 0.623047 0.359375 0.014947 0.014947
1 0.734375 0.302734 0.014947 0.014947
1 0.720830 0.275622 0.019022 0.019022
1 0.535208 0.250331 0.012369 0.012369
1 0.814505 0.248378 0.012369 0.012369
1 0.513672 0.238281 0.014947 0.014947
1 0.857422 0.236328 0.014947 0.014947
1 0.884817 0.232753 0.012369 0.012369
1 0.914062 0.232422 0.014947 0.014947
1 0.843750 0.183594 0.014947 0.014947
1 0.779297 0.160156 0.014947 0.014947
1 0.388724 0.156581 0.012369 0.012369
1 0.226614 0.154628 0.012369 0.012369
1 0.771484 0.115234 0.014947 0.014947
1 0.066533 0.111560 0.019022 0.019022
1 0.916016 0.095703 0.014947 0.014947
1 0.285156 0.091797 0.014947 0.014947
1 0.800781 0.078125 0.014947 0.014947
1 0.931641 0.078125 0.014947 0.014947
1 0.988333 0.041346 0.012369 0.012369
1 0.427734 0.027344 0.014947 0.014947
1 0.697266 0.009766 0.014947 0.014947
1 0.806692 0.008143 0.012369 0.012369
1 0.576172 0.949219 0.014947 0.014947
1 0.892630 0.926112 0.012369 0.012369
1 0.494141 0.875000 0.022475 0.022475
1 0.642578 0.861328 0.014947 0.014947
1 0.720703 0.843750 0.014947 0.014947
1 0.671927 0.828456 0.012369 0.012369
1 0.750000 0.812500 0.014947 0.014947
1 0.865286 0.801112 0.012369 0.012369
1 0.740234 0.792969 0.014947 0.014947
1 0.726562 0.773438 0.014947 0.014947
1 0.421927 0.705409 0.012369 0.012369
1 0.671875 0.703125 0.014947 0.014947
1 0.826172 0.693359 0.014947 0.014947
1 0.396484 0.693359 0.014947 0.014947
1 0.660156 0.677734 0.014947 0.014947
1 0.417969 0.675781 0.014947 0.014947
1 0.847656 0.673828 0.014947 0.014947
1 0.619141 0.664062 0.014947 0.014947
1 0.675781 0.656250 0.014947 0.014947
1 0.847656 0.648438 0.014947 0.014947
1 0.896611 0.634997 0.019022 0.019022
1 0.416016 0.609375 0.014947 0.014947
1 0.371094 0.609375 0.014947 0.014947
1 0.892705 0.601794 0.019022 0.019022
1 0.958984 0.595703 0.014947 0.014947
1 0.794974 0.584315 0.012369 0.012369
1 0.517578 0.580078 0.014947 0.014947
1 0.703252 0.566638 0.019022 0.019022
1 0.642578 0.562500 0.014947 0.014947
1 0.929814 0.552966 0.019022 0.019022
1 0.832031 0.550781 0.014947 0.014947
1 0.306692 0.549159 0.012369 0.012369
1 0.726689 0.545153 0.019022 0.019022
1 0.986328 0.539062 0.014947 0.014947
1 0.406302 0.525721 0.012369 0.012369
1 0.505911 0.521815 0.012369 0.012369
1 0.654297 0.515625 0.014947 0.014947
1 0.742188 0.513672 0.014947 0.014947
1 0.697266 0.513672 0.014947 0.014947
1 0.340015 0.515828 0.034741 0.034741
1 0.962891 0.503906 0.014947 0.014947
1 0.378906 0.503906 0.014947 0.014947
1 0.914189 0.504138 0.019022 0.019022
1 0.779349 0.500331 0.012369 0.012369
1 0.638672 0.496094 0.014947 0.014947
1 0.789114 0.480799 0.012369 0.012369
1 0.962891 0.478516 0.014947 0.014947
1 0.337891 0.480469 0.014947 0.014947
1 0.748174 0.472888 0.019022 0.019022
1 0.912266 0.468960 0.026766 0.026766
1 0.447317 0.453456 0.012369 0.012369
1 0.675908 0.449450 0.019022 0.019022
1 0.728642 0.447497 0.019022 0.019022
1 0.361328 0.441406 0.014947 0.014947
1 0.505859 0.431641 0.014947 0.014947
1 0.785283 0.420153 0.019022 0.019022
1 0.359375 0.414062 0.014947 0.014947
1 0.621145 0.410487 0.012369 0.012369
1 0.980469 0.406250 0.014947 0.014947
1 0.417969 0.406250 0.014947 0.014947
1 0.750127 0.398669 0.019022 0.019022
1 0.865361 0.394763 0.019022 0.019022
1 0.802786 0.390956 0.012369 0.012369
1 0.955078 0.380859 0.014947 0.014947
1 0.388672 0.373047 0.014947 0.014947
1 0.414062 0.373047 0.014947 0.014947
1 0.253906 0.359375 0.014947 0.014947
1 0.675781 0.353516 0.014947 0.014947
1 0.345755 0.355799 0.012369 0.012369
1 0.970755 0.342128 0.012369 0.012369
1 0.714970 0.338122 0.019022 0.019022
1 0.812627 0.326403 0.019022 0.019022
1 0.513672 0.324219 0.014947 0.014947
1 0.861455 0.320544 0.019022 0.019022
1 0.923955 0.316638 0.019022 0.019022
1 0.943486 0.293200 0.019022 0.019022
1 0.587891 0.287109 0.014947 0.014947
1 0.418095 0.287341 0.019022 0.019022
1 0.515752 0.273669 0.019022 0.019022
1 0.775391 0.261719 0.014947 0.014947
1 0.562552 0.250331 0.012369 0.012369
1 0.154297 0.250000 0.014947 0.014947
1 0.957031 0.250000 0.014947 0.014947
1 0.486328 0.240234 0.014947 0.014947
1 0.345755 0.236659 0.012369 0.012369
1 0.460938 0.234375 0.014947 0.014947
1 0.988281 0.230469 0.014947 0.014947
1 0.554739 0.230799 0.012369 0.012369
1 0.744267 0.215075 0.019022 0.019022
1 0.466797 0.210938 0.014947 0.014947
1 0.888672 0.210938 0.014947 0.014947
1 0.632864 0.211268 0.012369 0.012369
1 0.208984 0.207031 0.014947 0.014947
1 0.336064 0.203357 0.019022 0.019022
1 0.818486 0.201403 0.019022 0.019022
1 0.507812 0.175781 0.014947 0.014947
1 0.984502 0.150622 0.019022 0.019022
1 0.457031 0.150391 0.014947 0.014947
1 0.253958 0.148768 0.012369 0.012369
1 0.736328 0.146484 0.014947 0.014947
1 0.904424 0.142810 0.019022 0.019022
1 0.400442 0.135096 0.012369 0.012369
1 0.183720 0.133044 0.019022 0.019022
1 0.121094 0.128906 0.014947 0.014947
1 0.341797 0.126953 0.014947 0.014947
1 0.011770 0.127284 0.012369 0.012369
1 0.259766 0.125000 0.014947 0.014947
1 0.972783 0.123278 0.019022 0.019022
1 0.642750 0.123250 0.034741 0.034741
1 0.087942 0.113612 0.012369 0.012369
1 0.550781 0.111328 0.014947 0.014947
1 0.798828 0.103516 0.014947 0.014947
1 0.472656 0.105469 0.014947 0.014947
1 0.420049 0.095935 0.019022 0.019022
1 0.238333 0.090174 0.012369 0.012369
1 0.863333 0.082362 0.012369 0.012369
1 0.265677 0.074549 0.012369 0.012369
1 0.091797 0.070312 0.014947 0.014947
1 0.841797 0.070312 0.014947 0.014947
1 0.412161 0.068690 0.012369 0.012369
1 0.328177 0.066737 0.012369 0.012369
1 0.402395 0.047206 0.012369 0.012369
1 0.648438 0.044922 0.014947 0.014947
1 0.689580 0.041247 0.019022 0.019022
1 0.076299 0.039294 0.019022 0.019022
1 0.191406 0.035156 0.014947 0.014947
1 0.496220 0.027575 0.019022 0.019022
1 0.355469 0.019531 0.014947 0.014947
1 0.261719 0.013672 0.006233 0.006233
1 0.587891 0.011719 0.014947 0.014947
1 0.152344 0.007812 0.014947 0.014947
1 0.953177 0.006190 0.012369 0.012369
1 0.683594 0.984375 0.014947 0.014947
1 0.250000 0.978516 0.014947 0.014947
1 0.876953 0.960938 0.014947 0.014947
1 0.158203 0.958984 0.014947 0.014947
1 0.652344 0.960938 0.014947 0.014947
1 0.421875 0.957031 0.014947 0.014947
1 0.382864 0.951503 0.012369 0.012369
1 0.703252 0.947497 0.019022 0.019022
1 0.380911 0.931971 0.012369 0.012369
1 0.494141 0.921875 0.014947 0.014947
1 0.968877 0.920153 0.019022 0.019022
1 0.566406 0.919922 0.014947 0.014947
1 0.584111 0.898669 0.019022 0.019022
1 0.162109 0.890625 0.014947 0.014947
1 0.064453 0.890625 0.014947 0.014947
1 0.537236 0.890857 0.019022 0.019022
1 0.728642 0.883044 0.019022 0.019022
1 0.457031 0.878906 0.014947 0.014947
1 0.931767 0.879138 0.019022 0.019022
1 0.189453 0.876953 0.014947 0.014947
1 0.041016 0.876953 0.014947 0.014947
1 0.078177 0.867518 0.012369 0.012369
1 0.968877 0.867419 0.019022 0.019022
1 0.900442 0.851893 0.012369 0.012369
1 0.783330 0.847888 0.019022 0.019022
1 0.529424 0.842028 0.019022 0.019022
1 0.873047 0.837891 0.014947 0.014947
1 0.584111 0.840075 0.019022 0.019022
1 0.746094 0.835938 0.014947 0.014947
1 0.627080 0.832263 0.019022 0.019022
1 0.191406 0.820312 0.014947 0.014947
1 0.795049 0.816638 0.019022 0.019022
1 0.933720 0.806872 0.019022 0.019022
1 0.650517 0.804919 0.019022 0.019022
1 0.400391 0.808594 0.030378 0.030378
1 0.208984 0.796875 0.014947 0.014947
1 0.990234 0.792969 0.014947 0.014947
1 0.830205 0.791247 0.019022 0.019022
1 0.572266 0.787109 0.014947 0.014947
1 0.693486 0.781482 0.019022 0.019022
1 0.318411 0.781581 0.012369 0.012369
1 0.552734 0.773438 0.014947 0.014947
1 0.246094 0.773438 0.014947 0.014947
1 0.371094 0.771484 0.014947 0.014947
1 0.396484 0.769531 0.014947 0.014947
1 0.148564 0.761950 0.019022 0.019022
1 0.593750 0.759766 0.014947 0.014947
1 0.494141 0.757812 0.014947 0.014947
1 0.570312 0.751953 0.014947 0.014947
1 0.722783 0.746325 0.019022 0.019022
1 0.402344 0.746094 0.014947 0.014947
1 0.812627 0.746325 0.019022 0.019022
1 0.371220 0.742419 0.019022 0.019022
1 0.246220 0.732653 0.019022 0.019022
1 0.150391 0.732422 0.014947 0.014947
1 0.761845 0.728747 0.019022 0.019022
1 0.617314 0.730700 0.019022 0.019022
1 0.535156 0.726562 0.014947 0.014947
1 0.511719 0.728516 0.014947 0.014947
1 0.031250 0.726562 0.014947 0.014947
1 0.439453 0.720703 0.014947 0.014947
1 0.349736 0.717028 0.019022 0.019022
1 0.722656 0.708984 0.014947 0.014947
1 0.232422 0.707031 0.014947 0.014947
1 0.922002 0.705310 0.019022 0.019022
1 0.777470 0.705310 0.019022 0.019022
1 0.701224 0.703456 0.012369 0.012369
1 0.017578 0.701172 0.014947 0.014947
1 0.543095 0.683825 0.019022 0.019022
1 0.455078 0.679688 0.014947 0.014947
1 0.480469 0.677734 0.014947 0.014947
1 0.349609 0.673828 0.014947 0.014947
1 0.277470 0.672107 0.019022 0.019022
1 0.466849 0.660487 0.012369 0.012369
1 0.484427 0.648768 0.012369 0.012369
1 0.427734 0.646484 0.030378 0.030378
1 0.126953 0.640625 0.014947 0.014947
1 0.556767 0.634997 0.019022 0.019022
1 0.208984 0.619141 0.014947 0.014947
1 0.261845 0.611560 0.019022 0.019022
1 0.392630 0.607753 0.012369 0.012369
1 0.474736 0.590075 0.019022 0.019022
1 0.160156 0.580078 0.014947 0.014947
1 0.814453 0.580078 0.014947 0.014947
1 0.298880 0.574549 0.012369 0.012369
1 0.177734 0.564453 0.014947 0.014947
1 0.064505 0.562831 0.012369 0.012369
1 0.220830 0.558825 0.019022 0.019022
1 0.511719 0.552734 0.014947 0.014947
1 0.271611 0.551013 0.019022 0.019022
1 0.343877 0.549060 0.019022 0.019022
1 0.060599 0.541346 0.012369 0.012369
1 0.009766 0.517578 0.014947 0.014947
1 0.089895 0.496424 0.012369 0.012369
1 0.439505 0.490565 0.012369 0.012369
1 0.068411 0.486659 0.012369 0.012369
1 0.181767 0.482653 0.019022 0.019022
1 0.156377 0.443591 0.019022 0.019022
1 0.716924 0.414294 0.019022 0.019022
1 0.074345 0.406482 0.019022 0.019022
1 0.015752 0.398669 0.019022 0.019022
1 0.304688 0.390625 0.014947 0.014947
1 0.173828 0.396484 0.014947 0.014947
1 0.630859 0.392578 0.022475 0.022475
1 0.437500 0.382812 0.014947 0.014947
1 0.130986 0.371325 0.019022 0.019022
1 0.162236 0.365466 0.019022 0.019022
1 0.031250 0.363281 0.014947 0.014947
1 0.193486 0.342028 0.019022 0.019022
1 0.744267 0.332263 0.019022 0.019022
1 0.109427 0.312831 0.012369 0.012369
1 0.199345 0.302966 0.019022 0.019022
1 0.126953 0.300781 0.014947 0.014947
1 0.068486 0.297107 0.019022 0.019022
1 0.170049 0.287341 0.019022 0.019022
1 0.437500 0.265625 0.014947 0.014947
1 0.341797 0.259766 0.014947 0.014947
1 0.384766 0.257812 0.014947 0.014947
1 0.089970 0.222888 0.019022 0.019022
1 0.377080 0.215075 0.019022 0.019022
1 0.007864 0.213221 0.012369 0.012369
1 0.062552 0.164393 0.012369 0.012369
1 0.103642 0.156482 0.019022 0.019022
1 0.273438 0.144531 0.014947 0.014947
1 0.058594 0.142578 0.014947 0.014947
1 0.211064 0.066638 0.019022 0.019022
1 0.031250 0.986328 0.014947 0.014947
1 0.722656 0.970703 0.014947 0.014947
1 0.291016 0.955078 0.014947 0.014947
1 0.078125 0.951172 0.014947 0.014947
1 0.222656 0.949219 0.022475 0.022475
1 0.111328 0.941406 0.014947 0.014947
1 0.087891 0.917969 0.014947 0.014947
1 0.144531 0.912109 0.014947 0.014947
1 0.009817 0.910487 0.012369 0.012369
1 0.207031 0.855469 0.014947 0.014947
1 0.220703 0.833984 0.014947 0.014947
1 0.074219 0.791016 0.014947 0.014947
1 0.064453 0.769531 0.014947 0.014947
1 0.775517 0.642810 0.019022 0.019022
1 0.017578 0.636719 0.014947 0.014947
1 0.052734 0.464844 0.014947 0.014947
1 0.005911 0.437831 0.012369 0.012369
1 0.132812 0.527344 0.030378 0.030378
