1 0.863281 0.966797 0.022475 0.022475
1 0.988281 0.953125 0.014947 0.014947
1 0.826299 0.947497 0.019022 0.019022
1 0.968750 0.730469 0.022475 0.022475
1 0.892578 0.705078 0.022475 0.022475
1 0.806767 0.676013 0.019022 0.019022
1 0.513672 0.671875 0.022475 0.022475
1 0.988408 0.607653 0.019022 0.019022
1 0.730469 0.564453 0.022475 0.022475
1 0.181767 0.539294 0.019022 0.019022
1 0.847783 0.539294 0.019022 0.019022
1 0.970860 0.449428 0.026766 0.026766
1 0.841924 0.443591 0.019022 0.019022
1 0.810547 0.435547 0.014947 0.014947
1 0.312552 0.297206 0.012369 0.012369
1 0.945469 0.285366 0.026766 0.026766
1 0.781377 0.185778 0.019022 0.019022
1 0.439580 0.174060 0.019022 0.019022
1 0.357549 0.174060 0.019022 0.019022
1 0.392630 0.158534 0.012369 0.012369
1 0.668125 0.119350 0.026766 0.026766
1 0.732549 0.093982 0.019022 0.019022
1 0.513799 0.066638 0.019022 0.019022
1 0.849766 0.068569 0.026766 0.026766
1 0.966797 0.017578 0.022475 0.022475
1 0.961094 0.674038 0.026766 0.026766
1 0.787236 0.654528 0.019022 0.019022
1 0.667969 0.640625 0.014947 0.014947
1 0.511845 0.629138 0.019022 0.019022
1 0.974609 0.501953 0.014947 0.014947
1 0.769658 0.504138 0.019022 0.019022
1 0.945312 0.500000 0.014947 0.014947
1 0.949219 0.414062 0.014947 0.014947
1 0.927734 0.408203 0.014947 0.014947
1 0.580017 0.341797 0.039301 0.039301
1 0.158203 0.240234 0.022475 0.022475
1 0.308720 0.199450 0.019022 0.019022
1 0.960938 0.189453 0.030378 0.030378
1 0.970830 0.101794 0.019022 0.019022
1 0.961064 0.070544 0.019022 0.019022
1 0.919922 0.033203 0.022475 0.022475
1 0.849609 0.818359 0.030378 0.030378
1 0.986328 0.812500 0.014947 0.014947
1 0.361328 0.640625 0.022475 0.022475
1 0.570312 0.638672 0.014947 0.014947
1 0.908203 0.611328 0.014947 0.014947
1 0.595703 0.609375 0.014947 0.014947
1 0.937627 0.601794 0.019022 0.019022
1 0.353642 0.586169 0.019022 0.019022
1 0.961064 0.556872 0.019022 0.019022
1 0.953252 0.529528 0.019022 0.019022
1 0.869141 0.523438 0.014947 0.014947
1 0.918095 0.509997 0.019022 0.019022
1 0.857422 0.498047 0.014947 0.014947
1 0.878906 0.437500 0.014947 0.014947
1 0.894531 0.394531 0.014947 0.014947
1 0.259766 0.386719 0.022475 0.022475
1 0.470703 0.326172 0.014947 0.014947
1 0.783203 0.306641 0.022475 0.022475
1 0.990234 0.244141 0.014947 0.014947
1 0.923955 0.236560 0.019022 0.019022
1 0.859375 0.171875 0.014947 0.014947
1 0.792969 0.156250 0.014947 0.014947
1 0.947266 0.156250 0.014947 0.014947
1 0.560674 0.146716 0.019022 0.019022
1 0.865173 0.101562 0.039301 0.039301
1 0.230595 0.068591 0.019022 0.019022
1 0.041142 0.062732 0.019022 0.019022
1 0.648438 0.033203 0.014947 0.014947
1 0.886719 0.007812 0.014947 0.014947
1 0.974736 0.972888 0.019022 0.019022
1 0.949345 0.918200 0.019022 0.019022
1 0.492188 0.841797 0.022475 0.022475
1 0.316533 0.840075 0.019022 0.019022
1 0.955205 0.820544 0.019022 0.019022
1 0.939580 0.791247 0.019022 0.019022
1 0.920049 0.769763 0.019022 0.019022
1 0.886719 0.740234 0.022475 0.022475
1 0.308594 0.718750 0.022475 0.022475
1 0.873047 0.667969 0.014947 0.014947
1 0.845755 0.662440 0.012369 0.012369
1 0.127080 0.650622 0.019022 0.019022
1 0.918095 0.576403 0.019022 0.019022
1 0.457158 0.568591 0.019022 0.019022
1 0.853516 0.568359 0.014947 0.014947
1 0.877080 0.552966 0.019022 0.019022
1 0.820364 0.551112 0.012369 0.012369
1 0.705205 0.508044 0.019022 0.019022
1 0.898438 0.482422 0.022475 0.022475
1 0.005911 0.439784 0.012369 0.012369
1 0.162236 0.435778 0.019022 0.019022
1 0.849736 0.408435 0.019022 0.019022
1 0.832083 0.387049 0.012369 0.012369
1 0.875000 0.369141 0.014947 0.014947
1 0.898438 0.361328 0.014947 0.014947
1 0.828252 0.349841 0.019022 0.019022
1 0.511719 0.275391 0.022475 0.022475
1 0.253906 0.216797 0.014947 0.014947
1 0.839970 0.191638 0.019022 0.019022
1 0.566533 0.121325 0.019022 0.019022
1 0.761770 0.094081 0.012369 0.012369
1 0.787109 0.050781 0.014947 0.014947
1 0.755859 0.039062 0.014947 0.014947
1 0.861455 0.033435 0.019022 0.019022
1 0.779297 0.027344 0.014947 0.014947
1 0.802786 0.015956 0.012369 0.012369
1 0.759766 0.007812 0.014947 0.014947
1 0.708984 0.007812 0.014947 0.014947
1 0.990286 0.006190 0.012369 0.012369
1 0.541016 0.988281 0.014947 0.014947
1 0.835989 0.982753 0.012369 0.012369
1 0.527344 0.968750 0.014947 0.014947
1 0.255986 0.949450 0.019022 0.019022
1 0.898564 0.929919 0.019022 0.019022
1 0.894658 0.886950 0.019022 0.019022
1 0.369141 0.832031 0.014947 0.014947
1 0.892705 0.799060 0.019022 0.019022
1 0.601562 0.671875 0.014947 0.014947
1 0.328125 0.640625 0.014947 0.014947
1 0.812500 0.617188 0.014947 0.014947
1 0.787236 0.593982 0.019022 0.019022
1 0.035156 0.587891 0.014947 0.014947
1 0.644688 0.549038 0.026766 0.026766
1 0.777470 0.541247 0.019022 0.019022
1 0.787109 0.419922 0.014947 0.014947
1 0.673880 0.353846 0.012369 0.012369
1 0.177734 0.349609 0.022475 0.022475
1 0.865234 0.332031 0.022475 0.022475
1 0.744141 0.328125 0.014947 0.014947
1 0.738408 0.302966 0.019022 0.019022
1 0.697317 0.303065 0.012369 0.012369
1 0.074270 0.265956 0.012369 0.012369
1 0.730469 0.257812 0.014947 0.014947
1 0.126953 0.160156 0.022475 0.022475
1 0.722783 0.121325 0.019022 0.019022
1 0.431767 0.086169 0.019022 0.019022
1 0.064505 0.006190 0.012369 0.012369
1 0.394583 0.957362 0.012369 0.012369
1 0.765752 0.935778 0.019022 0.019022
1 0.742314 0.877185 0.019022 0.019022
1 0.810674 0.865466 0.019022 0.019022
1 0.787109 0.814453 0.014947 0.014947
1 0.808594 0.810547 0.014947 0.014947
1 0.673955 0.791247 0.019022 0.019022
1 0.763799 0.789294 0.019022 0.019022
1 0.359375 0.777344 0.022475 0.022475
1 0.691533 0.724841 0.019022 0.019022
1 0.722783 0.689685 0.019022 0.019022
1 0.533330 0.586169 0.019022 0.019022
1 0.675833 0.510096 0.012369 0.012369
1 0.591797 0.462891 0.014947 0.014947
1 0.701299 0.443591 0.019022 0.019022
1 0.634766 0.431641 0.014947 0.014947
1 0.615234 0.417969 0.014947 0.014947
1 0.640625 0.408203 0.014947 0.014947
1 0.662161 0.371424 0.012369 0.012369
1 0.630986 0.365466 0.019022 0.019022
1 0.666016 0.318359 0.014947 0.014947
1 0.568359 0.283203 0.014947 0.014947
1 0.627080 0.279528 0.019022 0.019022
1 0.570439 0.238513 0.019022 0.019022
1 0.613408 0.217028 0.019022 0.019022
1 0.593877 0.193591 0.019022 0.019022
1 0.716924 0.170153 0.019022 0.019022
1 0.732549 0.953357 0.019022 0.019022
1 0.689453 0.943359 0.014947 0.014947
1 0.048828 0.943359 0.022475 0.022475
1 0.689453 0.919922 0.014947 0.014947
1 0.287266 0.886928 0.026766 0.026766
1 0.632751 0.849609 0.039301 0.039301
1 0.552734 0.849609 0.014947 0.014947
1 0.726689 0.847888 0.019022 0.019022
1 0.709111 0.810778 0.019022 0.019022
1 0.613408 0.802966 0.019022 0.019022
1 0.490361 0.802966 0.019022 0.019022
1 0.582031 0.792969 0.014947 0.014947
1 0.675908 0.758044 0.019022 0.019022
1 0.732422 0.732422 0.022475 0.022475
1 0.662266 0.695522 0.026766 0.026766
1 0.634766 0.675781 0.014947 0.014947
1 0.589844 0.582031 0.014947 0.014947
1 0.564453 0.576172 0.014947 0.014947
1 0.599736 0.545153 0.019022 0.019022
1 0.537236 0.541247 0.019022 0.019022
1 0.611455 0.500232 0.019022 0.019022
1 0.568411 0.472987 0.012369 0.012369
1 0.546927 0.461268 0.012369 0.012369
1 0.576172 0.443359 0.014947 0.014947
1 0.591849 0.422206 0.012369 0.012369
1 0.547002 0.414294 0.019022 0.019022
1 0.615286 0.394862 0.012369 0.012369
1 0.519658 0.383044 0.019022 0.019022
1 0.492239 0.334315 0.012369 0.012369
1 0.236328 0.304688 0.014947 0.014947
1 0.544922 0.263672 0.014947 0.014947
1 0.263672 0.246094 0.014947 0.014947
1 0.539114 0.242518 0.012369 0.012369
1 0.492314 0.240466 0.019022 0.019022
1 0.517705 0.195544 0.019022 0.019022
1 0.154349 0.187831 0.012369 0.012369
1 0.492188 0.146484 0.014947 0.014947
1 0.169922 0.142578 0.014947 0.014947
1 0.437627 0.129138 0.019022 0.019022
1 0.640752 0.097888 0.019022 0.019022
1 0.529424 0.093982 0.019022 0.019022
1 0.615361 0.080310 0.019022 0.019022
1 0.500000 0.041016 0.014947 0.014947
1 0.333984 0.031250 0.014947 0.014947
1 0.384892 0.011950 0.019022 0.019022
1 0.537109 0.009766 0.014947 0.014947
1 0.349609 0.009766 0.014947 0.014947
1 0.613408 0.945544 0.019022 0.019022
1 0.650517 0.941638 0.019022 0.019022
1 0.542969 0.873047 0.014947 0.014947
1 0.593877 0.861560 0.019022 0.019022
1 0.542969 0.826172 0.014947 0.014947
1 0.554688 0.787109 0.014947 0.014947
1 0.525517 0.765857 0.019022 0.019022
1 0.619267 0.746325 0.019022 0.019022
1 0.470830 0.746325 0.019022 0.019022
1 0.259766 0.718750 0.014947 0.014947
1 0.595703 0.710938 0.014947 0.014947
1 0.562627 0.711169 0.019022 0.019022
1 0.482422 0.679688 0.014947 0.014947
1 0.431767 0.674060 0.019022 0.019022
1 0.484375 0.611328 0.014947 0.014947
1 0.347783 0.549060 0.019022 0.019022
1 0.142578 0.548828 0.014947 0.014947
1 0.388799 0.531482 0.019022 0.019022
1 0.459111 0.523669 0.019022 0.019022
1 0.339970 0.521716 0.019022 0.019022
1 0.476614 0.498378 0.012369 0.012369
1 0.195439 0.484607 0.019022 0.019022
1 0.441533 0.482653 0.019022 0.019022
1 0.496094 0.468750 0.014947 0.014947
1 0.525391 0.468750 0.014947 0.014947
1 0.474661 0.465174 0.012369 0.012369
1 0.441458 0.447596 0.012369 0.012369
1 0.464895 0.439784 0.012369 0.012369
1 0.183594 0.417969 0.014947 0.014947
1 0.306767 0.416247 0.019022 0.019022
1 0.458984 0.400391 0.022475 0.022475
1 0.398564 0.390857 0.019022 0.019022
1 0.119141 0.390625 0.014947 0.014947
1 0.201299 0.381091 0.019022 0.019022
1 0.017578 0.337891 0.014947 0.014947
1 0.216797 0.324219 0.014947 0.014947
1 0.113281 0.287109 0.014947 0.014947
1 0.427861 0.277575 0.019022 0.019022
1 0.363408 0.265857 0.019022 0.019022
1 0.125000 0.265625 0.014947 0.014947
1 0.289062 0.226562 0.014947 0.014947
1 0.341849 0.191737 0.012369 0.012369
1 0.238333 0.193690 0.012369 0.012369
1 0.265752 0.142810 0.019022 0.019022
1 0.144531 0.138672 0.014947 0.014947
1 0.082158 0.136950 0.019022 0.019022
1 0.371094 0.125000 0.022475 0.022475
1 0.490234 0.121094 0.014947 0.014947
1 0.291016 0.111328 0.014947 0.014947
1 0.455078 0.103516 0.014947 0.014947
1 0.128906 0.083984 0.014947 0.014947
1 0.154297 0.076172 0.014947 0.014947
1 0.066406 0.068359 0.014947 0.014947
1 0.263672 0.064453 0.014947 0.014947
1 0.429688 0.042969 0.022475 0.022475
1 0.167969 0.041016 0.022475 0.022475
1 0.187627 0.957263 0.019022 0.019022
1 0.441533 0.943591 0.019022 0.019022
1 0.298955 0.943591 0.019022 0.019022
1 0.480520 0.935878 0.012369 0.012369
1 0.462942 0.926112 0.012369 0.012369
1 0.429814 0.916247 0.019022 0.019022
1 0.515752 0.916247 0.019022 0.019022
1 0.371094 0.916016 0.014947 0.014947
1 0.367239 0.892909 0.012369 0.012369
1 0.492314 0.883044 0.019022 0.019022
1 0.054739 0.861659 0.012369 0.012369
1 0.240361 0.855700 0.019022 0.019022
1 0.414189 0.832263 0.019022 0.019022
1 0.584111 0.826403 0.019022 0.019022
1 0.363281 0.808594 0.014947 0.014947
1 0.105595 0.797107 0.019022 0.019022
1 0.111328 0.761719 0.014947 0.014947
1 0.384892 0.752185 0.019022 0.019022
1 0.125000 0.736328 0.014947 0.014947
1 0.359502 0.724841 0.019022 0.019022
1 0.234375 0.712891 0.014947 0.014947
1 0.254033 0.691638 0.019022 0.019022
1 0.095830 0.674060 0.019022 0.019022
1 0.341797 0.658203 0.014947 0.014947
1 0.279424 0.652575 0.019022 0.019022
1 0.218877 0.629138 0.019022 0.019022
1 0.129033 0.621325 0.019022 0.019022
1 0.199345 0.601794 0.019022 0.019022
1 0.117314 0.592028 0.019022 0.019022
1 0.304688 0.580078 0.014947 0.014947
1 0.488281 0.572266 0.014947 0.014947
1 0.289062 0.556641 0.014947 0.014947
1 0.101562 0.550781 0.014947 0.014947
1 0.123099 0.535487 0.012369 0.012369
1 0.101562 0.521484 0.014947 0.014947
1 0.064580 0.504138 0.019022 0.019022
1 0.326299 0.494372 0.019022 0.019022
1 0.363408 0.476794 0.019022 0.019022
1 0.160313 0.467007 0.026766 0.026766
1 0.128906 0.457031 0.014947 0.014947
1 0.490234 0.449219 0.014947 0.014947
1 0.347656 0.437500 0.014947 0.014947
1 0.213017 0.426013 0.019022 0.019022
1 0.367314 0.418200 0.019022 0.019022
1 0.168020 0.402674 0.012369 0.012369
1 0.304814 0.363513 0.019022 0.019022
1 0.066533 0.340075 0.019022 0.019022
1 0.300833 0.320643 0.012369 0.012369
1 0.080130 0.306971 0.012369 0.012369
1 0.162109 0.271484 0.022475 0.022475
1 0.421875 0.199219 0.014947 0.014947
1 0.013724 0.047206 0.012369 0.012369
1 0.316406 0.984375 0.014947 0.014947
1 0.058594 0.980469 0.014947 0.014947
1 0.261719 0.978516 0.014947 0.014947
1 0.328252 0.943591 0.019022 0.019022
1 0.191533 0.892810 0.019022 0.019022
1 0.152470 0.871325 0.019022 0.019022
1 0.154424 0.818591 0.019022 0.019022
1 0.070439 0.812732 0.019022 0.019022
1 0.234502 0.779528 0.019022 0.019022
1 0.289189 0.765857 0.019022 0.019022
1 0.084111 0.763903 0.019022 0.019022
1 0.213017 0.740466 0.019022 0.019022
1 0.414189 0.711169 0.019022 0.019022
1 0.109502 0.709216 0.019022 0.019022
1 0.212891 0.697266 0.014947 0.014947
1 0.179814 0.691638 0.019022 0.019022
1 0.068359 0.603516 0.014947 0.014947
1 0.486485 0.168178 0.026766 0.026766
1 0.101562 0.041016 0.030378 0.030378
1 0.423828 0.004883 0.011662 0.011662
1 0.289062 0.991718 0.014452 0.014452
1 0.138724 0.990565 0.012369 0.012369
1 0.173955 0.656482 0.019022 0.019022
1 0.109547 0.861531 0.034741 0.034741
