1 0.199345 0.697497 0.019022 0.019022
1 0.808594 0.671875 0.014947 0.014947
1 0.193516 0.584194 0.026766 0.026766
1 0.244267 0.549060 0.019022 0.019022
1 0.597656 0.101562 0.022475 0.022475
1 0.882812 0.054688 0.022475 0.022475
1 0.359532 0.041225 0.026766 0.026766
1 0.476719 0.668178 0.026766 0.026766
1 0.132812 0.560547 0.022475 0.022475
1 0.005911 0.014003 0.012369 0.012369
1 0.586064 0.717028 0.019022 0.019022
1 0.033203 0.687500 0.014947 0.014947
1 0.912109 0.685547 0.014947 0.014947
1 0.048828 0.597656 0.014947 0.014947
1 0.712891 0.582031 0.014947 0.014947
1 0.457031 0.472656 0.022475 0.022475
1 0.802786 0.441737 0.012369 0.012369
1 0.542969 0.417969 0.022475 0.022475
1 0.046927 0.416346 0.012369 0.012369
1 0.578252 0.351794 0.019022 0.019022
1 0.943486 0.318591 0.019022 0.019022
1 0.466797 0.277344 0.022475 0.022475
1 0.822266 0.265625 0.022475 0.022475
1 0.045049 0.211169 0.019022 0.019022
1 0.230469 0.142578 0.014947 0.014947
1 0.634766 0.134766 0.014947 0.014947
1 0.523609 0.134969 0.034741 0.034741
1 0.263672 0.130859 0.014947 0.014947
1 0.238281 0.080078 0.014947 0.014947
1 0.232474 0.029628 0.012369 0.012369
1 0.757939 0.929919 0.019022 0.019022
1 0.091797 0.927734 0.014947 0.014947
1 0.289062 0.871094 0.022475 0.022475
1 0.953252 0.814685 0.019022 0.019022
1 0.886845 0.705310 0.019022 0.019022
1 0.578125 0.628906 0.014947 0.014947
1 0.234375 0.607422 0.014947 0.014947
1 0.574270 0.605799 0.012369 0.012369
1 0.291016 0.583984 0.022475 0.022475
1 0.769583 0.492518 0.012369 0.012369
1 0.920049 0.443591 0.019022 0.019022
1 0.005071 0.425781 0.013586 0.013586
1 0.080078 0.244141 0.014947 0.014947
1 0.013799 0.215075 0.019022 0.019022
1 0.628958 0.158534 0.012369 0.012369
1 0.302734 0.988281 0.014947 0.014947
1 0.517705 0.922107 0.019022 0.019022
1 0.121220 0.922107 0.019022 0.019022
1 0.638672 0.787109 0.022475 0.022475
1 0.117188 0.197266 0.022475 0.022475
1 0.847656 0.173828 0.014947 0.014947
1 0.921875 0.074219 0.022475 0.022475
1 0.951172 0.957031 0.022475 0.022475
1 0.539062 0.806641 0.014947 0.014947
1 0.064580 0.429919 0.019022 0.019022
1 0.175781 0.341797 0.022475 0.022475
1 0.189580 0.009997 0.019022 0.019022
1 0.691406 0.287109 0.014947 0.014947
1 0.589844 0.246094 0.030378 0.030378
1 0.261770 0.154628 0.012369 0.012369
1 0.953177 0.148768 0.012369 0.012369
1 0.931692 0.142909 0.012369 0.012369
1 0.857549 0.136950 0.019022 0.019022
1 0.566406 0.126953 0.014947 0.014947
1 0.861328 0.105469 0.014947 0.014947
1 0.320484 0.107625 0.034741 0.034741
1 0.947392 0.097888 0.019022 0.019022
1 0.861328 0.021484 0.014947 0.014947
1 0.666016 0.019531 0.014947 0.014947
1 0.892578 0.011719 0.014947 0.014947
1 0.628958 0.008143 0.012369 0.012369
1 0.947422 0.869350 0.026766 0.026766
1 0.484532 0.761928 0.026766 0.026766
1 0.974736 0.726794 0.019022 0.019022
1 0.968750 0.681641 0.014947 0.014947
1 0.951172 0.662109 0.014947 0.014947
1 0.589895 0.650721 0.012369 0.012369
1 0.943486 0.629138 0.019022 0.019022
1 0.259766 0.623047 0.014947 0.014947
1 0.892630 0.603846 0.012369 0.012369
1 0.947317 0.558924 0.012369 0.012369
1 0.746220 0.549060 0.019022 0.019022
1 0.722783 0.508044 0.019022 0.019022
1 0.955205 0.498278 0.019022 0.019022
1 0.408255 0.498378 0.012369 0.012369
1 0.902470 0.486560 0.019022 0.019022
1 0.042969 0.462891 0.014947 0.014947
1 0.861455 0.451403 0.019022 0.019022
1 0.544922 0.453125 0.014947 0.014947
1 0.982422 0.457031 0.022475 0.022475
1 0.695439 0.441638 0.019022 0.019022
1 0.087942 0.439784 0.012369 0.012369
1 0.894531 0.427734 0.014947 0.014947
1 0.476689 0.427966 0.019022 0.019022
1 0.980469 0.410156 0.014947 0.014947
1 0.730520 0.402674 0.012369 0.012369
1 0.683594 0.392578 0.014947 0.014947
1 0.873174 0.386950 0.019022 0.019022
1 0.097783 0.373278 0.019022 0.019022
1 0.044922 0.369141 0.014947 0.014947
1 0.916142 0.343982 0.019022 0.019022
1 0.226562 0.337891 0.014947 0.014947
1 0.548955 0.330310 0.019022 0.019022
1 0.888799 0.328357 0.019022 0.019022
1 0.869192 0.303065 0.012369 0.012369
1 0.488408 0.301013 0.019022 0.019022
1 0.980469 0.298828 0.014947 0.014947
1 0.546927 0.299159 0.012369 0.012369
1 0.314505 0.295253 0.012369 0.012369
1 0.425781 0.285156 0.014947 0.014947
1 0.269531 0.287109 0.014947 0.014947
1 0.716797 0.279297 0.014947 0.014947
1 0.759766 0.275391 0.014947 0.014947
1 0.177786 0.273768 0.012369 0.012369
1 0.535283 0.271716 0.019022 0.019022
1 0.785156 0.267578 0.014947 0.014947
1 0.734375 0.261719 0.014947 0.014947
1 0.970755 0.244471 0.012369 0.012369
1 0.777344 0.244141 0.014947 0.014947
1 0.847783 0.242419 0.019022 0.019022
1 0.240361 0.242419 0.019022 0.019022
1 0.808720 0.232653 0.019022 0.019022
1 0.332158 0.226794 0.019022 0.019022
1 0.689580 0.224841 0.019022 0.019022
1 0.416142 0.222888 0.019022 0.019022
1 0.222783 0.217028 0.019022 0.019022
1 0.750127 0.218982 0.019022 0.019022
1 0.638799 0.215075 0.019022 0.019022
1 0.166142 0.211169 0.019022 0.019022
1 0.709111 0.203357 0.019022 0.019022
1 0.797002 0.193591 0.019022 0.019022
1 0.568359 0.183594 0.014947 0.014947
1 0.431767 0.177966 0.019022 0.019022
1 0.287236 0.172107 0.019022 0.019022
1 0.914189 0.170153 0.019022 0.019022
1 0.125127 0.170153 0.019022 0.019022
1 0.585938 0.167969 0.014947 0.014947
1 0.457158 0.168200 0.019022 0.019022
1 0.740361 0.168200 0.019022 0.019022
1 0.017705 0.127185 0.019022 0.019022
1 0.708984 0.123047 0.014947 0.014947
1 0.111455 0.119372 0.019022 0.019022
1 0.728567 0.109706 0.012369 0.012369
1 0.037109 0.109375 0.014947 0.014947
1 0.437627 0.107653 0.019022 0.019022
1 0.191406 0.105469 0.014947 0.014947
1 0.560547 0.101562 0.014947 0.014947
1 0.886719 0.101562 0.014947 0.014947
1 0.373174 0.101794 0.019022 0.019022
1 0.291016 0.097656 0.014947 0.014947
1 0.744192 0.094081 0.012369 0.012369
1 0.461064 0.088122 0.019022 0.019022
1 0.781377 0.086169 0.019022 0.019022
1 0.664062 0.087891 0.022475 0.022475
1 0.318486 0.076403 0.019022 0.019022
1 0.207031 0.072266 0.014947 0.014947
1 0.732549 0.047107 0.019022 0.019022
1 0.685599 0.045253 0.012369 0.012369
1 0.158330 0.045153 0.019022 0.019022
1 0.662161 0.043299 0.012369 0.012369
1 0.707031 0.035156 0.014947 0.014947
1 0.599736 0.025622 0.019022 0.019022
1 0.031250 0.025391 0.014947 0.014947
1 0.566533 0.021716 0.019022 0.019022
1 0.931767 0.009997 0.019022 0.019022
1 0.648489 0.982753 0.012369 0.012369
1 0.544922 0.974609 0.014947 0.014947
1 0.597783 0.935778 0.019022 0.019022
1 0.425833 0.928065 0.012369 0.012369
1 0.148438 0.931641 0.022475 0.022475
1 0.562500 0.919922 0.014947 0.014947
1 0.638724 0.920253 0.012369 0.012369
1 0.988281 0.898438 0.014947 0.014947
1 0.646484 0.890625 0.014947 0.014947
1 0.404424 0.865466 0.019022 0.019022
1 0.912236 0.859607 0.019022 0.019022
1 0.795049 0.834216 0.019022 0.019022
1 0.548880 0.830409 0.012369 0.012369
1 0.703252 0.816638 0.019022 0.019022
1 0.976689 0.777575 0.019022 0.019022
1 0.714844 0.771484 0.014947 0.014947
1 0.166016 0.769531 0.014947 0.014947
1 0.662236 0.763903 0.019022 0.019022
1 0.578282 0.765835 0.026766 0.026766
1 0.535156 0.763672 0.014947 0.014947
1 0.793095 0.759997 0.019022 0.019022
1 0.871220 0.758044 0.019022 0.019022
1 0.636845 0.744372 0.019022 0.019022
1 0.572317 0.734706 0.012369 0.012369
1 0.291016 0.724609 0.014947 0.014947
1 0.199270 0.724940 0.012369 0.012369
1 0.361328 0.720703 0.014947 0.014947
1 0.687627 0.713122 0.019022 0.019022
1 0.613408 0.707263 0.019022 0.019022
1 0.052786 0.701503 0.012369 0.012369
1 0.670049 0.691638 0.019022 0.019022
1 0.287109 0.677734 0.014947 0.014947
1 0.578125 0.673828 0.014947 0.014947
1 0.632939 0.664294 0.019022 0.019022
1 0.234547 0.658406 0.034741 0.034741
1 0.062627 0.650622 0.019022 0.019022
1 0.498047 0.630859 0.014947 0.014947
1 0.390752 0.623278 0.019022 0.019022
1 0.993501 0.617424 0.011557 0.011557
1 0.632864 0.605799 0.012369 0.012369
1 0.611380 0.596034 0.012369 0.012369
1 0.964970 0.595935 0.019022 0.019022
1 0.406377 0.593982 0.019022 0.019022
1 0.341849 0.594081 0.012369 0.012369
1 0.593802 0.584315 0.012369 0.012369
1 0.431767 0.580310 0.019022 0.019022
1 0.335989 0.574549 0.012369 0.012369
1 0.461064 0.572497 0.019022 0.019022
1 0.818486 0.570544 0.019022 0.019022
1 0.861455 0.566638 0.019022 0.019022
1 0.496094 0.566406 0.014947 0.014947
1 0.019583 0.549159 0.012369 0.012369
1 0.644658 0.547107 0.019022 0.019022
1 0.269531 0.541016 0.014947 0.014947
1 0.464970 0.527575 0.019022 0.019022
1 0.548955 0.525622 0.019022 0.019022
1 0.912236 0.517810 0.019022 0.019022
1 0.127080 0.519763 0.019022 0.019022
1 0.617314 0.515857 0.019022 0.019022
1 0.156250 0.505859 0.014947 0.014947
1 0.822392 0.496325 0.019022 0.019022
1 0.693486 0.494372 0.019022 0.019022
1 0.527344 0.476562 0.014947 0.014947
1 0.396536 0.478846 0.012369 0.012369
1 0.152395 0.476893 0.012369 0.012369
1 0.117314 0.468982 0.019022 0.019022
1 0.310674 0.461169 0.019022 0.019022
1 0.523489 0.453456 0.012369 0.012369
1 0.423828 0.451172 0.022475 0.022475
1 0.191406 0.429688 0.014947 0.014947
1 0.679739 0.416346 0.012369 0.012369
1 0.261845 0.404528 0.019022 0.019022
1 0.205205 0.400622 0.019022 0.019022
1 0.140625 0.388672 0.014947 0.014947
1 0.720703 0.384766 0.014947 0.014947
1 0.474736 0.379138 0.019022 0.019022
1 0.275517 0.377185 0.019022 0.019022
1 0.666142 0.365466 0.019022 0.019022
1 0.248174 0.361560 0.019022 0.019022
1 0.709111 0.353747 0.019022 0.019022
1 0.787236 0.340075 0.019022 0.019022
1 0.345703 0.330078 0.014947 0.014947
1 0.248174 0.322497 0.019022 0.019022
1 0.123047 0.316406 0.014947 0.014947
1 0.853567 0.316737 0.012369 0.012369
1 0.205205 0.308825 0.019022 0.019022
1 0.146484 0.308594 0.014947 0.014947
1 0.654424 0.308825 0.019022 0.019022
1 0.527344 0.306641 0.014947 0.014947
1 0.294922 0.279297 0.014947 0.014947
1 0.603642 0.279528 0.019022 0.019022
1 0.992239 0.267909 0.012369 0.012369
1 0.017578 0.269531 0.014947 0.014947
1 0.408203 0.267578 0.014947 0.014947
1 0.314580 0.248278 0.019022 0.019022
1 0.103516 0.234375 0.014947 0.014947
1 0.289189 0.215075 0.019022 0.019022
1 0.339970 0.189685 0.019022 0.019022
1 0.056767 0.176013 0.019022 0.019022
1 0.334111 0.156482 0.019022 0.019022
1 0.154424 0.107653 0.019022 0.019022
1 0.054688 0.091797 0.014947 0.014947
1 0.507812 0.070312 0.022475 0.022475
1 0.267705 0.062732 0.019022 0.019022
1 0.060674 0.021716 0.019022 0.019022
1 0.171927 0.992518 0.012369 0.012369
1 0.056641 0.976562 0.014947 0.014947
1 0.177734 0.968750 0.014947 0.014947
1 0.035156 0.960938 0.014947 0.014947
1 0.013724 0.961268 0.012369 0.012369
1 0.101689 0.959216 0.019022 0.019022
1 0.373174 0.955310 0.019022 0.019022
1 0.414062 0.949219 0.014947 0.014947
1 0.783203 0.941406 0.014947 0.014947
1 0.474736 0.935778 0.019022 0.019022
1 0.400442 0.930018 0.012369 0.012369
1 0.300908 0.926013 0.019022 0.019022
1 0.361328 0.921875 0.014947 0.014947
1 0.021484 0.919922 0.014947 0.014947
1 0.871220 0.916247 0.019022 0.019022
1 0.713017 0.910388 0.019022 0.019022
1 0.322392 0.908435 0.019022 0.019022
1 0.408330 0.900622 0.019022 0.019022
1 0.574345 0.896716 0.019022 0.019022
1 0.517705 0.888903 0.019022 0.019022
1 0.162236 0.865466 0.019022 0.019022
1 0.513672 0.851562 0.014947 0.014947
1 0.371220 0.849841 0.019022 0.019022
1 0.648564 0.847888 0.019022 0.019022
1 0.134892 0.836169 0.019022 0.019022
1 0.306767 0.816638 0.019022 0.019022
1 0.568411 0.810878 0.012369 0.012369
1 0.351689 0.802966 0.019022 0.019022
1 0.246220 0.801013 0.019022 0.019022
1 0.158330 0.799060 0.019022 0.019022
1 0.070312 0.791016 0.014947 0.014947
1 0.380986 0.789294 0.019022 0.019022
1 0.515677 0.773768 0.012369 0.012369
1 0.306767 0.756091 0.019022 0.019022
1 0.142578 0.751953 0.014947 0.014947
1 0.261719 0.738281 0.014947 0.014947
1 0.394658 0.728747 0.019022 0.019022
1 0.832158 0.724841 0.019022 0.019022
1 0.099609 0.691406 0.014947 0.014947
1 0.439580 0.689685 0.019022 0.019022
1 0.341924 0.687732 0.019022 0.019022
1 0.259766 0.687500 0.014947 0.014947
1 0.142705 0.687732 0.019022 0.019022
1 0.539189 0.672107 0.019022 0.019022
1 0.013672 0.666016 0.014947 0.014947
1 0.173828 0.605469 0.014947 0.014947
1 0.091797 0.593750 0.014947 0.014947
1 0.390752 0.558825 0.019022 0.019022
1 0.316406 0.558594 0.014947 0.014947
1 0.513672 0.552734 0.022475 0.022475
1 0.005911 0.535487 0.012369 0.012369
1 0.045049 0.508044 0.019022 0.019022
1 0.099661 0.504237 0.012369 0.012369
1 0.076224 0.500331 0.012369 0.012369
1 0.656250 0.484375 0.022475 0.022475
1 0.759766 0.402344 0.014947 0.014947
1 0.572317 0.992518 0.012369 0.012369
1 0.156302 0.969081 0.012369 0.012369
1 0.773564 0.867419 0.019022 0.019022
1 0.310674 0.853747 0.019022 0.019022
1 0.597783 0.842028 0.019022 0.019022
1 0.088047 0.810757 0.026766 0.026766
1 0.033330 0.779528 0.019022 0.019022
1 0.080205 0.758044 0.019022 0.019022
1 0.054814 0.734607 0.019022 0.019022
1 0.953125 0.707031 0.014947 0.014947
1 0.304688 0.621094 0.014947 0.014947
1 0.386719 0.527344 0.030378 0.030378
1 0.183594 0.162109 0.030378 0.030378
1 0.726689 0.980700 0.019022 0.019022
1 0.265625 0.964844 0.030378 0.030378
1 0.349661 0.937831 0.012369 0.012369
1 0.865234 0.814453 0.030378 0.030378
1 0.589844 0.800781 0.014947 0.014947
1 0.861328 0.681641 0.030378 0.030378
1 0.340000 0.621303 0.026766 0.026766
1 0.373174 0.359607 0.019022 0.019022
1 0.363453 0.459187 0.034741 0.034741
1 0.029424 0.435778 0.019022 0.019022
