1 0.847783 0.576403 0.019022 0.019022
1 0.554688 0.289062 0.014947 0.014947
1 0.015625 0.218750 0.022475 0.022475
1 0.683645 0.502284 0.012369 0.012369
1 0.361328 0.164062 0.014947 0.014947
1 0.746094 0.148438 0.014947 0.014947
1 0.293095 0.349841 0.019022 0.019022
1 0.369141 0.072266 0.022475 0.022475
1 0.474609 0.986328 0.014947 0.014947
1 0.644583 0.521815 0.012369 0.012369
1 0.957158 0.259997 0.019022 0.019022
1 0.505859 0.072266 0.014947 0.014947
1 0.125127 0.025622 0.019022 0.019022
1 0.513672 0.896484 0.014947 0.014947
1 0.959111 0.734607 0.019022 0.019022
1 0.617188 0.640625 0.014947 0.014947
1 0.431641 0.550781 0.014947 0.014947
1 0.800908 0.527575 0.019022 0.019022
1 0.568486 0.494372 0.019022 0.019022
1 0.750000 0.472656 0.014947 0.014947
1 0.357422 0.431641 0.014947 0.014947
1 0.619267 0.424060 0.019022 0.019022
1 0.677734 0.330078 0.014947 0.014947
1 0.541016 0.312500 0.014947 0.014947
1 0.136719 0.193359 0.014947 0.014947
1 0.689580 0.191638 0.019022 0.019022
1 0.513799 0.166247 0.019022 0.019022
1 0.726614 0.164393 0.012369 0.012369
1 0.814453 0.091797 0.022475 0.022475
1 0.043095 0.056872 0.019022 0.019022
1 0.765677 0.041346 0.012369 0.012369
1 0.392578 0.968750 0.014947 0.014947
1 0.312627 0.900622 0.019022 0.019022
1 0.402344 0.869141 0.014947 0.014947
1 0.806641 0.798828 0.022475 0.022475
1 0.834111 0.775622 0.019022 0.019022
1 0.751953 0.740234 0.014947 0.014947
1 0.511770 0.728846 0.012369 0.012369
1 0.265752 0.718982 0.019022 0.019022
1 0.802734 0.689453 0.014947 0.014947
1 0.943359 0.664062 0.022475 0.022475
1 0.203252 0.586169 0.019022 0.019022
1 0.484502 0.549060 0.019022 0.019022
1 0.980595 0.531482 0.019022 0.019022
1 0.369192 0.496424 0.012369 0.012369
1 0.109375 0.464844 0.014947 0.014947
1 0.234375 0.462891 0.022475 0.022475
1 0.304688 0.445312 0.022475 0.022475
1 0.097783 0.279528 0.019022 0.019022
1 0.603516 0.261719 0.014947 0.014947
1 0.685547 0.234375 0.022475 0.022475
1 0.900442 0.230799 0.012369 0.012369
1 0.228516 0.164062 0.014947 0.014947
1 0.322266 0.128906 0.022475 0.022475
1 0.982549 0.978747 0.019022 0.019022
1 0.505986 0.838122 0.019022 0.019022
1 0.009766 0.726562 0.014947 0.014947
1 0.494141 0.689453 0.014947 0.014947
1 0.218877 0.627185 0.019022 0.019022
1 0.660208 0.566737 0.012369 0.012369
1 0.687627 0.379138 0.019022 0.019022
1 0.603642 0.375232 0.019022 0.019022
1 0.513799 0.365466 0.019022 0.019022
1 0.216924 0.222888 0.019022 0.019022
1 0.322392 0.218982 0.019022 0.019022
1 0.140625 0.119141 0.014947 0.014947
1 0.939505 0.008143 0.012369 0.012369
1 0.171875 0.982422 0.014947 0.014947
1 0.423828 0.857422 0.014947 0.014947
1 0.441406 0.845703 0.014947 0.014947
1 0.636719 0.792969 0.022475 0.022475
1 0.181767 0.625232 0.019022 0.019022
1 0.039189 0.625232 0.019022 0.019022
1 0.359375 0.253906 0.014947 0.014947
1 0.988408 0.232653 0.019022 0.019022
1 0.746145 0.027674 0.012369 0.012369
1 0.089844 0.021484 0.022475 0.022475
1 0.441406 0.945312 0.022475 0.022475
1 0.019531 0.943359 0.014947 0.014947
1 0.175938 0.672085 0.026766 0.026766
1 0.287236 0.654528 0.019022 0.019022
1 0.767705 0.607653 0.019022 0.019022
1 0.775391 0.527344 0.014947 0.014947
1 0.792969 0.490234 0.014947 0.014947
1 0.917969 0.423828 0.014947 0.014947
1 0.804814 0.398669 0.019022 0.019022
1 0.826329 0.359585 0.026766 0.026766
1 0.503906 0.343750 0.014947 0.014947
1 0.525442 0.334315 0.012369 0.012369
1 0.298828 0.322266 0.014947 0.014947
1 0.509817 0.318690 0.012369 0.012369
1 0.886719 0.287109 0.014947 0.014947
1 0.349661 0.232753 0.012369 0.012369
1 0.404297 0.230469 0.014947 0.014947
1 0.816533 0.222888 0.019022 0.019022
1 0.429688 0.218750 0.014947 0.014947
1 0.572266 0.205078 0.014947 0.014947
1 0.914062 0.175781 0.014947 0.014947
1 0.158203 0.173828 0.014947 0.014947
1 0.923828 0.150391 0.014947 0.014947
1 0.468877 0.150622 0.019022 0.019022
1 0.417969 0.119141 0.014947 0.014947
1 0.095703 0.121094 0.030378 0.030378
1 0.437627 0.093982 0.019022 0.019022
1 0.978516 0.083984 0.014947 0.014947
1 0.857549 0.072497 0.019022 0.019022
1 0.589895 0.060878 0.012369 0.012369
1 0.972783 0.049060 0.019022 0.019022
1 0.574219 0.044922 0.014947 0.014947
1 0.988281 0.023438 0.014947 0.014947
1 0.707158 0.021716 0.019022 0.019022
1 0.554814 0.019763 0.019022 0.019022
1 0.345830 0.019763 0.019022 0.019022
1 0.959036 0.984706 0.012369 0.012369
1 0.150442 0.982753 0.012369 0.012369
1 0.753958 0.978846 0.012369 0.012369
1 0.988333 0.924159 0.012369 0.012369
1 0.638724 0.920253 0.012369 0.012369
1 0.593802 0.898768 0.012369 0.012369
1 0.925781 0.888672 0.014947 0.014947
1 0.085938 0.871094 0.022475 0.022475
1 0.466797 0.865234 0.014947 0.014947
1 0.378906 0.863281 0.014947 0.014947
1 0.640625 0.853516 0.030378 0.030378
1 0.736380 0.840174 0.012369 0.012369
1 0.460989 0.824549 0.012369 0.012369
1 0.482422 0.820312 0.014947 0.014947
1 0.951299 0.814685 0.019022 0.019022
1 0.769658 0.808825 0.019022 0.019022
1 0.937627 0.787341 0.019022 0.019022
1 0.689453 0.783203 0.014947 0.014947
1 0.603516 0.783203 0.014947 0.014947
1 0.986328 0.777344 0.014947 0.014947
1 0.802861 0.759997 0.019022 0.019022
1 0.775391 0.757812 0.014947 0.014947
1 0.621145 0.756190 0.012369 0.012369
1 0.519531 0.757812 0.014947 0.014947
1 0.548828 0.755859 0.014947 0.014947
1 0.406250 0.750000 0.014947 0.014947
1 0.595703 0.738281 0.014947 0.014947
1 0.783203 0.736328 0.014947 0.014947
1 0.568486 0.738513 0.019022 0.019022
1 0.480469 0.738281 0.014947 0.014947
1 0.986380 0.734706 0.012369 0.012369
1 0.613333 0.724940 0.012369 0.012369
1 0.705130 0.719081 0.012369 0.012369
1 0.587891 0.714844 0.014947 0.014947
1 0.773489 0.711268 0.012369 0.012369
1 0.838017 0.693591 0.019022 0.019022
1 0.722783 0.689685 0.019022 0.019022
1 0.585989 0.674159 0.012369 0.012369
1 0.834111 0.652575 0.019022 0.019022
1 0.408203 0.628906 0.014947 0.014947
1 0.435547 0.623047 0.014947 0.014947
1 0.697266 0.617188 0.014947 0.014947
1 0.322392 0.619372 0.019022 0.019022
1 0.632812 0.603516 0.014947 0.014947
1 0.185599 0.603846 0.012369 0.012369
1 0.718750 0.601562 0.014947 0.014947
1 0.677734 0.599609 0.014947 0.014947
1 0.472656 0.597656 0.014947 0.014947
1 0.591924 0.586169 0.019022 0.019022
1 0.451224 0.586268 0.012369 0.012369
1 0.078125 0.583984 0.014947 0.014947
1 0.623047 0.582031 0.014947 0.014947
1 0.820312 0.566406 0.014947 0.014947
1 0.101689 0.566638 0.019022 0.019022
1 0.062552 0.562831 0.012369 0.012369
1 0.455130 0.558924 0.012369 0.012369
1 0.742314 0.558825 0.019022 0.019022
1 0.783203 0.554688 0.014947 0.014947
1 0.541142 0.552966 0.019022 0.019022
1 0.396484 0.550781 0.014947 0.014947
1 0.373099 0.551112 0.012369 0.012369
1 0.328125 0.541016 0.014947 0.014947
1 0.246094 0.541016 0.014947 0.014947
1 0.582031 0.537109 0.014947 0.014947
1 0.550908 0.527575 0.019022 0.019022
1 0.322422 0.515835 0.026766 0.026766
1 0.214970 0.500232 0.019022 0.019022
1 0.172002 0.496325 0.019022 0.019022
1 0.869267 0.482653 0.019022 0.019022
1 0.599736 0.472888 0.019022 0.019022
1 0.841924 0.470935 0.019022 0.019022
1 0.082083 0.461268 0.012369 0.012369
1 0.343750 0.453125 0.014947 0.014947
1 0.853516 0.445312 0.014947 0.014947
1 0.576299 0.443591 0.019022 0.019022
1 0.494141 0.439453 0.014947 0.014947
1 0.812500 0.441406 0.014947 0.014947
1 0.412236 0.439685 0.019022 0.019022
1 0.119141 0.435547 0.014947 0.014947
1 0.507864 0.430018 0.012369 0.012369
1 0.837891 0.427734 0.014947 0.014947
1 0.103516 0.416016 0.014947 0.014947
1 0.886770 0.414393 0.012369 0.012369
1 0.912109 0.398438 0.014947 0.014947
1 0.675781 0.398438 0.014947 0.014947
1 0.953125 0.392578 0.014947 0.014947
1 0.880911 0.392909 0.012369 0.012369
1 0.175781 0.392578 0.014947 0.014947
1 0.359375 0.382812 0.014947 0.014947
1 0.060599 0.381190 0.012369 0.012369
1 0.933594 0.378906 0.014947 0.014947
1 0.574219 0.376953 0.014947 0.014947
1 0.734502 0.373278 0.019022 0.019022
1 0.476689 0.371325 0.019022 0.019022
1 0.422002 0.361560 0.019022 0.019022
1 0.359375 0.359375 0.014947 0.014947
1 0.070312 0.359375 0.014947 0.014947
1 0.404424 0.338122 0.019022 0.019022
1 0.744141 0.337891 0.014947 0.014947
1 0.937627 0.336169 0.019022 0.019022
1 0.111328 0.332031 0.014947 0.014947
1 0.464970 0.320544 0.019022 0.019022
1 0.265677 0.318690 0.012369 0.012369
1 0.748047 0.310547 0.014947 0.014947
1 0.701172 0.312500 0.014947 0.014947
1 0.121094 0.312500 0.014947 0.014947
1 0.158330 0.306872 0.019022 0.019022
1 0.123047 0.287109 0.014947 0.014947
1 0.281250 0.283203 0.014947 0.014947
1 0.861328 0.283203 0.014947 0.014947
1 0.711064 0.281482 0.019022 0.019022
1 0.736455 0.267810 0.019022 0.019022
1 0.306692 0.267909 0.012369 0.012369
1 0.476689 0.265857 0.019022 0.019022
1 0.326224 0.265956 0.012369 0.012369
1 0.183645 0.265956 0.012369 0.012369
1 0.439580 0.263903 0.019022 0.019022
1 0.629033 0.248278 0.019022 0.019022
1 0.730469 0.234375 0.014947 0.014947
1 0.060674 0.232653 0.019022 0.019022
1 0.109375 0.222656 0.014947 0.014947
1 0.728642 0.207263 0.019022 0.019022
1 0.087891 0.203125 0.014947 0.014947
1 0.226614 0.199549 0.012369 0.012369
1 0.820439 0.193591 0.019022 0.019022
1 0.591797 0.191406 0.014947 0.014947
1 0.619267 0.185778 0.019022 0.019022
1 0.310674 0.185778 0.019022 0.019022
1 0.210989 0.183924 0.012369 0.012369
1 0.845830 0.162341 0.019022 0.019022
1 0.789189 0.134997 0.019022 0.019022
1 0.546927 0.137049 0.012369 0.012369
1 0.609502 0.131091 0.019022 0.019022
1 0.222783 0.129138 0.019022 0.019022
1 0.863408 0.125232 0.019022 0.019022
1 0.568359 0.121094 0.014947 0.014947
1 0.189580 0.107653 0.019022 0.019022
1 0.488408 0.105700 0.019022 0.019022
1 0.291142 0.105700 0.019022 0.019022
1 0.593877 0.090075 0.019022 0.019022
1 0.650517 0.084216 0.019022 0.019022
1 0.238408 0.082263 0.019022 0.019022
1 0.162236 0.080310 0.019022 0.019022
1 0.091797 0.072266 0.014947 0.014947
1 0.070312 0.068359 0.014947 0.014947
1 0.566458 0.066737 0.012369 0.012369
1 0.443486 0.060778 0.019022 0.019022
1 0.136719 0.046875 0.014947 0.014947
1 0.322392 0.045153 0.019022 0.019022
1 0.060599 0.041346 0.012369 0.012369
1 0.189580 0.013903 0.019022 0.019022
1 0.300833 0.990565 0.012369 0.012369
1 0.722656 0.986328 0.014947 0.014947
1 0.251953 0.986328 0.014947 0.014947
1 0.369192 0.982753 0.012369 0.012369
1 0.835938 0.980469 0.014947 0.014947
1 0.775442 0.978846 0.012369 0.012369
1 0.068359 0.970703 0.014947 0.014947
1 0.593750 0.966797 0.014947 0.014947
1 0.675781 0.962891 0.014947 0.014947
1 0.919922 0.958984 0.014947 0.014947
1 0.810547 0.957031 0.014947 0.014947
1 0.503906 0.947266 0.014947 0.014947
1 0.847783 0.945544 0.019022 0.019022
1 0.390625 0.941406 0.014947 0.014947
1 0.376953 0.912109 0.014947 0.014947
1 0.654297 0.902344 0.014947 0.014947
1 0.263672 0.898438 0.014947 0.014947
1 0.677734 0.896484 0.014947 0.014947
1 0.972708 0.892909 0.012369 0.012369
1 0.457031 0.892578 0.014947 0.014947
1 0.845830 0.890857 0.019022 0.019022
1 0.701172 0.890625 0.014947 0.014947
1 0.336064 0.879138 0.019022 0.019022
1 0.580078 0.873047 0.014947 0.014947
1 0.781302 0.871424 0.012369 0.012369
1 0.982422 0.853516 0.014947 0.014947
1 0.705205 0.851794 0.019022 0.019022
1 0.115234 0.853516 0.014947 0.014947
1 0.927734 0.839844 0.014947 0.014947
1 0.759766 0.837891 0.014947 0.014947
1 0.333984 0.833984 0.014947 0.014947
1 0.201172 0.833984 0.014947 0.014947
1 0.714844 0.824219 0.014947 0.014947
1 0.103516 0.818359 0.014947 0.014947
1 0.316406 0.812500 0.014947 0.014947
1 0.203125 0.804688 0.014947 0.014947
1 0.248047 0.792969 0.014947 0.014947
1 0.720830 0.787341 0.019022 0.019022
1 0.511719 0.781250 0.014947 0.014947
1 0.884892 0.779528 0.019022 0.019022
1 0.152344 0.775391 0.014947 0.014947
1 0.480469 0.763672 0.014947 0.014947
1 0.345830 0.761950 0.019022 0.019022
1 0.091849 0.764003 0.012369 0.012369
1 0.669922 0.755859 0.014947 0.014947
1 0.914189 0.754138 0.019022 0.019022
1 0.109427 0.750331 0.012369 0.012369
1 0.228642 0.736560 0.019022 0.019022
1 0.060547 0.736328 0.014947 0.014947
1 0.351614 0.732753 0.012369 0.012369
1 0.371145 0.726893 0.012369 0.012369
1 0.109375 0.722656 0.014947 0.014947
1 0.142578 0.716797 0.014947 0.014947
1 0.414062 0.710938 0.014947 0.014947
1 0.326299 0.707263 0.019022 0.019022
1 0.201299 0.705310 0.019022 0.019022
1 0.607422 0.693359 0.014947 0.014947
1 0.687627 0.689685 0.019022 0.019022
1 0.408203 0.685547 0.014947 0.014947
1 0.228516 0.683594 0.014947 0.014947
1 0.338017 0.677966 0.019022 0.019022
1 0.302861 0.679919 0.019022 0.019022
1 0.888799 0.677966 0.019022 0.019022
1 0.435674 0.668200 0.019022 0.019022
1 0.252005 0.664393 0.012369 0.012369
1 0.353642 0.656482 0.019022 0.019022
1 0.529424 0.654528 0.019022 0.019022
1 0.263724 0.646815 0.012369 0.012369
1 0.879033 0.642810 0.019022 0.019022
1 0.166016 0.642578 0.014947 0.014947
1 0.455130 0.633143 0.012369 0.012369
1 0.992239 0.625331 0.012369 0.012369
1 0.787236 0.627185 0.019022 0.019022
1 0.660283 0.623278 0.019022 0.019022
1 0.093750 0.619141 0.014947 0.014947
1 0.285283 0.613513 0.019022 0.019022
1 0.505986 0.611560 0.019022 0.019022
1 0.355595 0.605700 0.019022 0.019022
1 0.031250 0.595703 0.014947 0.014947
1 0.875000 0.593750 0.014947 0.014947
1 0.167969 0.587891 0.014947 0.014947
1 0.795049 0.584216 0.019022 0.019022
1 0.056641 0.539062 0.014947 0.014947
1 0.078177 0.539393 0.012369 0.012369
1 0.035156 0.503906 0.014947 0.014947
1 0.445364 0.486659 0.012369 0.012369
1 0.312627 0.478747 0.019022 0.019022
1 0.037109 0.478516 0.014947 0.014947
1 0.658330 0.449450 0.019022 0.019022
1 0.054739 0.406581 0.012369 0.012369
1 0.320312 0.402344 0.022475 0.022475
1 0.642705 0.386950 0.019022 0.019022
1 0.285156 0.386719 0.014947 0.014947
1 0.027344 0.380859 0.014947 0.014947
1 0.859375 0.378906 0.014947 0.014947
1 0.041016 0.365234 0.014947 0.014947
1 0.113333 0.355799 0.012369 0.012369
1 0.152470 0.347888 0.019022 0.019022
1 0.597656 0.345703 0.014947 0.014947
1 0.044974 0.342128 0.012369 0.012369
1 0.718750 0.322266 0.014947 0.014947
1 0.890782 0.328335 0.026766 0.026766
1 0.089970 0.316638 0.019022 0.019022
1 0.072266 0.294922 0.014947 0.014947
1 0.017705 0.293200 0.019022 0.019022
1 0.212891 0.265625 0.014947 0.014947
1 0.113408 0.250232 0.019022 0.019022
1 0.029297 0.250000 0.014947 0.014947
1 0.345703 0.201172 0.014947 0.014947
1 0.877110 0.168178 0.026766 0.026766
1 0.056767 0.152575 0.019022 0.019022
1 0.045049 0.123278 0.019022 0.019022
1 0.025442 0.006190 0.012369 0.012369
1 0.115286 0.988612 0.012369 0.012369
1 0.105469 0.964844 0.014947 0.014947
1 0.351689 0.957263 0.019022 0.019022
1 0.193359 0.957031 0.014947 0.014947
1 0.312500 0.927734 0.014947 0.014947
1 0.203252 0.927966 0.019022 0.019022
1 0.041016 0.919922 0.014947 0.014947
1 0.173955 0.904528 0.019022 0.019022
1 0.005911 0.879237 0.012369 0.012369
1 0.804688 0.873047 0.014947 0.014947
1 0.240361 0.871325 0.019022 0.019022
1 0.144658 0.869372 0.019022 0.019022
1 0.041142 0.867419 0.019022 0.019022
1 0.308720 0.863513 0.019022 0.019022
1 0.144658 0.843982 0.019022 0.019022
1 0.084111 0.840075 0.019022 0.019022
1 0.062627 0.793200 0.019022 0.019022
1 0.101562 0.789062 0.014947 0.014947
1 0.201299 0.759997 0.019022 0.019022
1 0.470830 0.654528 0.019022 0.019022
1 0.142705 0.447497 0.019022 0.019022
1 0.824219 0.046875 0.030378 0.030378
1 0.136719 0.912109 0.014947 0.014947
1 0.468750 0.796875 0.014947 0.014947
1 0.420093 0.773641 0.034741 0.034741
1 0.683720 0.650622 0.019022 0.019022
1 0.841968 0.619344 0.034741 0.034741
1 0.242188 0.386719 0.030378 0.030378
1 0.679688 0.806641 0.030378 0.030378
1 0.955078 0.605469 0.030378 0.030378
