1 0.728642 0.986560 0.019022 0.019022
1 0.859375 0.917969 0.014947 0.014947
1 0.357422 0.484375 0.022475 0.022475
1 0.925908 0.424060 0.019022 0.019022
1 0.689453 0.179688 0.014947 0.014947
1 0.929688 0.013672 0.022475 0.022475
1 0.972783 0.211169 0.019022 0.019022
1 0.851614 0.154628 0.012369 0.012369
1 0.851614 0.133143 0.012369 0.012369
1 0.453125 0.824219 0.022475 0.022475
1 0.912236 0.820544 0.019022 0.019022
1 0.708984 0.724609 0.014947 0.014947
1 0.960938 0.687500 0.014947 0.014947
1 0.763672 0.578125 0.022475 0.022475
1 0.920049 0.492419 0.019022 0.019022
1 0.160283 0.449450 0.019022 0.019022
1 0.974609 0.416016 0.014947 0.014947
1 0.585938 0.326172 0.022475 0.022475
1 0.377080 0.287341 0.019022 0.019022
1 0.900391 0.267578 0.014947 0.014947
1 0.941533 0.215075 0.019022 0.019022
1 0.468802 0.129237 0.012369 0.012369
1 0.410208 0.021815 0.012369 0.012369
1 0.865286 0.015956 0.012369 0.012369
1 0.595830 0.011950 0.019022 0.019022
1 0.808645 0.990565 0.012369 0.012369
1 0.558645 0.988612 0.012369 0.012369
1 0.509766 0.984375 0.014947 0.014947
1 0.818486 0.959216 0.019022 0.019022
1 0.548828 0.857422 0.022475 0.022475
1 0.486328 0.789062 0.014947 0.014947
1 0.289062 0.775391 0.014947 0.014947
1 0.033330 0.734607 0.019022 0.019022
1 0.578125 0.730469 0.014947 0.014947
1 0.312627 0.730700 0.019022 0.019022
1 0.732422 0.716797 0.014947 0.014947
1 0.144531 0.683594 0.014947 0.014947
1 0.869141 0.519531 0.022475 0.022475
1 0.988333 0.431971 0.012369 0.012369
1 0.211064 0.379138 0.019022 0.019022
1 0.722656 0.365234 0.022475 0.022475
1 0.691458 0.353846 0.012369 0.012369
1 0.265752 0.342028 0.019022 0.019022
1 0.525442 0.242518 0.012369 0.012369
1 0.808645 0.187831 0.012369 0.012369
1 0.181767 0.152575 0.019022 0.019022
1 0.728642 0.918200 0.019022 0.019022
1 0.293095 0.914294 0.019022 0.019022
1 0.429814 0.904528 0.019022 0.019022
1 0.070312 0.810547 0.014947 0.014947
1 0.763799 0.732653 0.019022 0.019022
1 0.621220 0.734607 0.019022 0.019022
1 0.015625 0.664062 0.014947 0.014947
1 0.767578 0.626953 0.022475 0.022475
1 0.052861 0.531482 0.019022 0.019022
1 0.462891 0.431641 0.022475 0.022475
1 0.486328 0.367188 0.014947 0.014947
1 0.029297 0.259766 0.022475 0.022475
1 0.775517 0.254138 0.019022 0.019022
1 0.531302 0.219081 0.012369 0.012369
1 0.613281 0.083984 0.022475 0.022475
1 0.535208 0.992518 0.012369 0.012369
1 0.052786 0.980799 0.012369 0.012369
1 0.824270 0.742518 0.012369 0.012369
1 0.388799 0.691638 0.019022 0.019022
1 0.144531 0.490234 0.022475 0.022475
1 0.593750 0.447266 0.022475 0.022475
1 0.523438 0.380859 0.022475 0.022475
1 0.361328 0.212891 0.022475 0.022475
1 0.009766 0.101562 0.014947 0.014947
1 0.011719 0.007812 0.014947 0.014947
1 0.617188 0.978516 0.014947 0.014947
1 0.224609 0.949219 0.014947 0.014947
1 0.642578 0.832031 0.022475 0.022475
1 0.560547 0.824219 0.022475 0.022475
1 0.552734 0.701172 0.014947 0.014947
1 0.658203 0.486328 0.022475 0.022475
1 0.970830 0.463122 0.019022 0.019022
1 0.865286 0.414393 0.012369 0.012369
1 0.902470 0.383044 0.019022 0.019022
1 0.972656 0.369141 0.014947 0.014947
1 0.990234 0.324219 0.014947 0.014947
1 0.902344 0.140625 0.014947 0.014947
1 0.792969 0.136719 0.014947 0.014947
1 0.943486 0.127185 0.019022 0.019022
1 0.914114 0.105799 0.012369 0.012369
1 0.839844 0.052734 0.014947 0.014947
1 0.958984 0.025391 0.014947 0.014947
1 0.794922 0.023438 0.014947 0.014947
1 0.748047 0.011719 0.014947 0.014947
1 0.273438 0.843750 0.022475 0.022475
1 0.841924 0.720935 0.019022 0.019022
1 0.814580 0.677966 0.019022 0.019022
1 0.369141 0.609375 0.022475 0.022475
1 0.808765 0.545125 0.034741 0.034741
1 0.597783 0.539294 0.019022 0.019022
1 0.109375 0.470703 0.030378 0.030378
1 0.617314 0.459216 0.019022 0.019022
1 0.869141 0.455078 0.014947 0.014947
1 0.677786 0.443690 0.012369 0.012369
1 0.701172 0.433594 0.014947 0.014947
1 0.742188 0.417969 0.014947 0.014947
1 0.619267 0.414294 0.019022 0.019022
1 0.851562 0.394531 0.014947 0.014947
1 0.277470 0.304919 0.019022 0.019022
1 0.322392 0.285388 0.019022 0.019022
1 0.945312 0.269531 0.014947 0.014947
1 0.738333 0.269862 0.012369 0.012369
1 0.800908 0.265857 0.019022 0.019022
1 0.708984 0.257812 0.014947 0.014947
1 0.859502 0.244372 0.019022 0.019022
1 0.685547 0.244141 0.014947 0.014947
1 0.250052 0.244471 0.012369 0.012369
1 0.203125 0.236328 0.014947 0.014947
1 0.224661 0.226893 0.012369 0.012369
1 0.173828 0.222656 0.014947 0.014947
1 0.558720 0.218982 0.019022 0.019022
1 0.691533 0.215075 0.019022 0.019022
1 0.502080 0.217028 0.019022 0.019022
1 0.429688 0.214844 0.014947 0.014947
1 0.841924 0.205310 0.019022 0.019022
1 0.777395 0.187831 0.012369 0.012369
1 0.984502 0.176013 0.019022 0.019022
1 0.763799 0.144763 0.019022 0.019022
1 0.213017 0.144763 0.019022 0.019022
1 0.509892 0.140857 0.019022 0.019022
1 0.630986 0.133044 0.019022 0.019022
1 0.154297 0.130859 0.014947 0.014947
1 0.568486 0.115466 0.019022 0.019022
1 0.894583 0.115565 0.012369 0.012369
1 0.519583 0.113612 0.012369 0.012369
1 0.964844 0.109375 0.014947 0.014947
1 0.871094 0.109375 0.014947 0.014947
1 0.982422 0.091797 0.014947 0.014947
1 0.863281 0.087891 0.014947 0.014947
1 0.691533 0.084216 0.019022 0.019022
1 0.050908 0.084216 0.019022 0.019022
1 0.730469 0.070312 0.014947 0.014947
1 0.642705 0.070544 0.019022 0.019022
1 0.439580 0.070544 0.019022 0.019022
1 0.189580 0.062732 0.019022 0.019022
1 0.757864 0.056971 0.012369 0.012369
1 0.701172 0.054688 0.014947 0.014947
1 0.232549 0.049060 0.019022 0.019022
1 0.326224 0.035487 0.012369 0.012369
1 0.060547 0.023438 0.014947 0.014947
1 0.988333 0.021815 0.012369 0.012369
1 0.662236 0.019763 0.019022 0.019022
1 0.564453 0.015625 0.014947 0.014947
1 0.705130 0.980799 0.012369 0.012369
1 0.962942 0.961268 0.012369 0.012369
1 0.060547 0.923828 0.014947 0.014947
1 0.949219 0.919922 0.014947 0.014947
1 0.779297 0.917969 0.014947 0.014947
1 0.736328 0.894531 0.014947 0.014947
1 0.437500 0.845703 0.014947 0.014947
1 0.843750 0.830078 0.014947 0.014947
1 0.537109 0.804688 0.014947 0.014947
1 0.578125 0.783203 0.014947 0.014947
1 0.099736 0.759997 0.019022 0.019022
1 0.691406 0.746094 0.014947 0.014947
1 0.796875 0.742188 0.014947 0.014947
1 0.195312 0.736328 0.014947 0.014947
1 0.134817 0.715174 0.012369 0.012369
1 0.980520 0.701503 0.012369 0.012369
1 0.115234 0.699219 0.014947 0.014947
1 0.730469 0.687500 0.014947 0.014947
1 0.917969 0.675781 0.014947 0.014947
1 0.855595 0.674060 0.019022 0.019022
1 0.646611 0.674060 0.019022 0.019022
1 0.941406 0.666016 0.014947 0.014947
1 0.990234 0.650391 0.014947 0.014947
1 0.839844 0.638672 0.014947 0.014947
1 0.875127 0.634997 0.019022 0.019022
1 0.851562 0.621094 0.014947 0.014947
1 0.238281 0.615234 0.014947 0.014947
1 0.396484 0.585938 0.014947 0.014947
1 0.482549 0.586169 0.019022 0.019022
1 0.322266 0.580078 0.014947 0.014947
1 0.611455 0.578357 0.019022 0.019022
1 0.371094 0.578125 0.014947 0.014947
1 0.642705 0.560778 0.019022 0.019022
1 0.468877 0.558825 0.019022 0.019022
1 0.947317 0.549159 0.012369 0.012369
1 0.380859 0.548828 0.014947 0.014947
1 0.425781 0.539062 0.014947 0.014947
1 0.933645 0.535487 0.012369 0.012369
1 0.710938 0.523438 0.014947 0.014947
1 0.164189 0.511950 0.019022 0.019022
1 0.085938 0.513672 0.022475 0.022475
1 0.970830 0.508044 0.019022 0.019022
1 0.623174 0.504138 0.019022 0.019022
1 0.746145 0.498378 0.012369 0.012369
1 0.458984 0.494141 0.014947 0.014947
1 0.537236 0.492419 0.019022 0.019022
1 0.568486 0.490466 0.019022 0.019022
1 0.193359 0.488281 0.014947 0.014947
1 0.443486 0.467028 0.019022 0.019022
1 0.207158 0.463122 0.019022 0.019022
1 0.289189 0.461169 0.019022 0.019022
1 0.533330 0.459216 0.019022 0.019022
1 0.822266 0.455078 0.014947 0.014947
1 0.375052 0.443690 0.012369 0.012369
1 0.134766 0.441406 0.014947 0.014947
1 0.410283 0.439685 0.019022 0.019022
1 0.855520 0.435878 0.012369 0.012369
1 0.658255 0.433924 0.012369 0.012369
1 0.361380 0.428065 0.012369 0.012369
1 0.314580 0.426013 0.019022 0.019022
1 0.218750 0.414062 0.014947 0.014947
1 0.378906 0.412109 0.014947 0.014947
1 0.670049 0.396716 0.019022 0.019022
1 0.234375 0.394531 0.014947 0.014947
1 0.425781 0.388672 0.014947 0.014947
1 0.841849 0.373378 0.012369 0.012369
1 0.179688 0.371094 0.014947 0.014947
1 0.148564 0.357653 0.019022 0.019022
1 0.523438 0.343750 0.014947 0.014947
1 0.300833 0.342128 0.012369 0.012369
1 0.244141 0.328125 0.014947 0.014947
1 0.738281 0.324219 0.014947 0.014947
1 0.302786 0.322596 0.012369 0.012369
1 0.826299 0.320544 0.019022 0.019022
1 0.759766 0.312500 0.014947 0.014947
1 0.919974 0.301112 0.012369 0.012369
1 0.892578 0.304688 0.014947 0.014947
1 0.189453 0.292969 0.014947 0.014947
1 0.167969 0.292969 0.014947 0.014947
1 0.609375 0.289062 0.014947 0.014947
1 0.023489 0.285487 0.012369 0.012369
1 0.826172 0.279297 0.014947 0.014947
1 0.644658 0.277575 0.019022 0.019022
1 0.560674 0.275622 0.019022 0.019022
1 0.152344 0.275391 0.014947 0.014947
1 0.613333 0.269862 0.012369 0.012369
1 0.361328 0.263672 0.014947 0.014947
1 0.417969 0.259766 0.014947 0.014947
1 0.498047 0.255859 0.014947 0.014947
1 0.320439 0.254138 0.019022 0.019022
1 0.228567 0.248378 0.012369 0.012369
1 0.339844 0.226562 0.014947 0.014947
1 0.586064 0.226794 0.019022 0.019022
1 0.297002 0.222888 0.019022 0.019022
1 0.150391 0.212891 0.014947 0.014947
1 0.629033 0.199450 0.019022 0.019022
1 0.179739 0.193690 0.012369 0.012369
1 0.373174 0.177966 0.019022 0.019022
1 0.300781 0.169922 0.022475 0.022475
1 0.338017 0.164294 0.019022 0.019022
1 0.547002 0.158435 0.019022 0.019022
1 0.281377 0.131091 0.019022 0.019022
1 0.535208 0.127284 0.012369 0.012369
1 0.128906 0.115234 0.014947 0.014947
1 0.369192 0.113612 0.012369 0.012369
1 0.107422 0.105469 0.014947 0.014947
1 0.078125 0.091797 0.014947 0.014947
1 0.339844 0.085938 0.014947 0.014947
1 0.361328 0.068359 0.014947 0.014947
1 0.045049 0.051013 0.019022 0.019022
1 0.445439 0.041247 0.019022 0.019022
1 0.129033 0.043200 0.019022 0.019022
1 0.345703 0.027344 0.014947 0.014947
1 0.384766 0.009766 0.014947 0.014947
1 0.121094 0.009766 0.014947 0.014947
1 0.031302 0.984706 0.012369 0.012369
1 0.080130 0.984706 0.012369 0.012369
1 0.984375 0.974609 0.014947 0.014947
1 0.857474 0.974940 0.012369 0.012369
1 0.275442 0.974940 0.012369 0.012369
1 0.941406 0.958984 0.014947 0.014947
1 0.361328 0.953125 0.014947 0.014947
1 0.916016 0.951172 0.014947 0.014947
1 0.664189 0.949450 0.019022 0.019022
1 0.462891 0.945312 0.014947 0.014947
1 0.410156 0.939453 0.014947 0.014947
1 0.804688 0.935547 0.014947 0.014947
1 0.210938 0.927734 0.014947 0.014947
1 0.570364 0.914393 0.012369 0.012369
1 0.884766 0.912109 0.014947 0.014947
1 0.386845 0.906482 0.019022 0.019022
1 0.121220 0.906482 0.019022 0.019022
1 0.271536 0.904628 0.012369 0.012369
1 0.410283 0.879138 0.019022 0.019022
1 0.326299 0.879138 0.019022 0.019022
1 0.048880 0.885096 0.012369 0.012369
1 0.103672 0.881069 0.026766 0.026766
1 0.638799 0.869372 0.019022 0.019022
1 0.505859 0.861328 0.014947 0.014947
1 0.089970 0.859607 0.019022 0.019022
1 0.240361 0.853747 0.019022 0.019022
1 0.865361 0.851794 0.019022 0.019022
1 0.488281 0.847656 0.014947 0.014947
1 0.332158 0.836169 0.019022 0.019022
1 0.404424 0.834216 0.019022 0.019022
1 0.820312 0.832031 0.014947 0.014947
1 0.085938 0.830078 0.014947 0.014947
1 0.365361 0.824450 0.019022 0.019022
1 0.023564 0.814685 0.019022 0.019022
1 0.644658 0.791247 0.019022 0.019022
1 0.011770 0.787440 0.012369 0.012369
1 0.365361 0.785388 0.019022 0.019022
1 0.083984 0.783203 0.014947 0.014947
1 0.961064 0.779528 0.019022 0.019022
1 0.226689 0.777575 0.019022 0.019022
1 0.058594 0.777344 0.014947 0.014947
1 0.476614 0.764003 0.012369 0.012369
1 0.150517 0.759997 0.019022 0.019022
1 0.371220 0.756091 0.019022 0.019022
1 0.861455 0.742419 0.019022 0.019022
1 0.058594 0.734375 0.014947 0.014947
1 0.982549 0.734607 0.019022 0.019022
1 0.412236 0.734607 0.019022 0.019022
1 0.101689 0.726794 0.019022 0.019022
1 0.453125 0.720703 0.014947 0.014947
1 0.476562 0.712891 0.014947 0.014947
1 0.619267 0.703357 0.019022 0.019022
1 0.673955 0.697497 0.019022 0.019022
1 0.902344 0.693359 0.014947 0.014947
1 0.417969 0.695312 0.014947 0.014947
1 0.259892 0.683825 0.019022 0.019022
1 0.330130 0.666346 0.012369 0.012369
1 0.211064 0.664294 0.019022 0.019022
1 0.484502 0.646716 0.019022 0.019022
1 0.195439 0.638903 0.019022 0.019022
1 0.591924 0.625232 0.019022 0.019022
1 0.064580 0.625232 0.019022 0.019022
1 0.447392 0.623278 0.019022 0.019022
1 0.189580 0.607653 0.019022 0.019022
1 0.107474 0.601893 0.012369 0.012369
1 0.191406 0.578125 0.014947 0.014947
1 0.410156 0.558594 0.014947 0.014947
1 0.164189 0.541247 0.019022 0.019022
1 0.498174 0.531482 0.019022 0.019022
1 0.468750 0.515625 0.014947 0.014947
1 0.818359 0.482422 0.014947 0.014947
1 0.404424 0.472888 0.019022 0.019022
1 0.242314 0.470935 0.019022 0.019022
1 0.500127 0.461169 0.019022 0.019022
1 0.775517 0.431872 0.019022 0.019022
1 0.097783 0.429919 0.019022 0.019022
1 0.556641 0.427734 0.022475 0.022475
1 0.271611 0.418200 0.019022 0.019022
1 0.166067 0.410487 0.012369 0.012369
1 0.322266 0.398438 0.014947 0.014947
1 0.181692 0.396815 0.012369 0.012369
1 0.025391 0.392578 0.014947 0.014947
1 0.554814 0.351794 0.019022 0.019022
1 0.011719 0.335938 0.014947 0.014947
1 0.660283 0.330310 0.019022 0.019022
1 0.105595 0.310778 0.019022 0.019022
1 0.060704 0.234585 0.026766 0.026766
1 0.160156 0.181641 0.014947 0.014947
1 0.496220 0.177966 0.019022 0.019022
1 0.470755 0.006190 0.012369 0.012369
1 0.101614 0.980799 0.012369 0.012369
1 0.365234 0.978516 0.014947 0.014947
1 0.246094 0.976562 0.014947 0.014947
1 0.876953 0.974609 0.014947 0.014947
1 0.445312 0.962891 0.014947 0.014947
1 0.052786 0.953456 0.012369 0.012369
1 0.126953 0.949219 0.014947 0.014947
1 0.539062 0.941406 0.022475 0.022475
1 0.509766 0.923828 0.014947 0.014947
1 0.451172 0.923828 0.014947 0.014947
1 0.449345 0.883044 0.019022 0.019022
1 0.216849 0.871424 0.012369 0.012369
1 0.054688 0.853516 0.014947 0.014947
1 0.296875 0.812500 0.014947 0.014947
1 0.398438 0.800781 0.022475 0.022475
1 0.121220 0.779528 0.019022 0.019022
1 0.211094 0.754116 0.026766 0.026766
1 0.252080 0.748278 0.019022 0.019022
1 0.818486 0.615466 0.019022 0.019022
1 0.978516 0.597656 0.030378 0.030378
1 0.420079 0.367397 0.026766 0.026766
1 0.750000 0.113281 0.030378 0.030378
1 0.652344 0.716797 0.030378 0.030378
1 0.195312 0.525391 0.030378 0.030378
1 0.841797 0.464844 0.014947 0.014947
1 0.093922 0.191609 0.034741 0.034741
1 0.445484 0.177937 0.034741 0.034741
