1 0.890752 0.476794 0.019022 0.019022
1 0.441533 0.357653 0.019022 0.019022
1 0.781377 0.410388 0.019022 0.019022
1 0.169922 0.351562 0.022475 0.022475
1 0.761719 0.113281 0.022475 0.022475
1 0.343750 0.029297 0.022475 0.022475
1 0.863281 0.845703 0.014947 0.014947
1 0.330205 0.414294 0.019022 0.019022
1 0.742188 0.064453 0.014947 0.014947
1 0.853516 0.621094 0.014947 0.014947
1 0.873047 0.531250 0.022475 0.022475
1 0.673828 0.447266 0.022475 0.022475
1 0.082158 0.291247 0.019022 0.019022
1 0.828252 0.195544 0.019022 0.019022
1 0.197266 0.164062 0.014947 0.014947
1 0.425908 0.092028 0.019022 0.019022
1 0.291142 0.093982 0.019022 0.019022
1 0.968750 0.062500 0.014947 0.014947
1 0.863408 0.924060 0.019022 0.019022
1 0.445312 0.863281 0.022475 0.022475
1 0.707031 0.636719 0.022475 0.022475
1 0.748099 0.533534 0.012369 0.012369
1 0.199219 0.498047 0.014947 0.014947
1 0.933720 0.439685 0.019022 0.019022
1 0.695312 0.402344 0.022475 0.022475
1 0.254033 0.384997 0.019022 0.019022
1 0.679688 0.326172 0.022475 0.022475
1 0.015752 0.318591 0.019022 0.019022
1 0.185674 0.301013 0.019022 0.019022
1 0.320312 0.291016 0.022475 0.022475
1 0.636770 0.256190 0.012369 0.012369
1 0.302734 0.246094 0.014947 0.014947
1 0.324219 0.179688 0.014947 0.014947
1 0.244141 0.177734 0.022475 0.022475
1 0.545049 0.142810 0.019022 0.019022
1 0.896484 0.109375 0.014947 0.014947
1 0.890752 0.080310 0.019022 0.019022
1 0.593750 0.976562 0.014947 0.014947
1 0.443359 0.947266 0.014947 0.014947
1 0.408330 0.908435 0.019022 0.019022
1 0.826299 0.883044 0.019022 0.019022
1 0.170049 0.836169 0.019022 0.019022
1 0.025517 0.814685 0.019022 0.019022
1 0.525517 0.789294 0.019022 0.019022
1 0.662236 0.748278 0.019022 0.019022
1 0.771611 0.672107 0.019022 0.019022
1 0.962891 0.587891 0.014947 0.014947
1 0.521484 0.517578 0.014947 0.014947
1 0.156250 0.201172 0.022475 0.022475
1 0.917969 0.169922 0.022475 0.022475
1 0.882812 0.037109 0.014947 0.014947
1 0.298828 0.009766 0.014947 0.014947
1 0.976562 0.943359 0.022475 0.022475
1 0.527344 0.931641 0.022475 0.022475
1 0.742188 0.912109 0.022475 0.022475
1 0.648564 0.799060 0.019022 0.019022
1 0.271484 0.757812 0.022475 0.022475
1 0.402344 0.730469 0.022475 0.022475
1 0.601734 0.711141 0.034741 0.034741
1 0.251953 0.630859 0.022475 0.022475
1 0.072266 0.621094 0.022475 0.022475
1 0.804688 0.582031 0.022475 0.022475
1 0.496220 0.521716 0.019022 0.019022
1 0.734375 0.179688 0.022475 0.022475
1 0.810704 0.978725 0.026766 0.026766
1 0.021611 0.957263 0.019022 0.019022
1 0.806641 0.900391 0.014947 0.014947
1 0.796875 0.800781 0.014947 0.014947
1 0.935704 0.720913 0.026766 0.026766
1 0.054844 0.457241 0.026766 0.026766
1 0.910208 0.435878 0.012369 0.012369
1 0.611455 0.383044 0.019022 0.019022
1 0.701299 0.351794 0.019022 0.019022
1 0.945439 0.338122 0.019022 0.019022
1 0.712891 0.304688 0.014947 0.014947
1 0.912236 0.269763 0.019022 0.019022
1 0.541142 0.224841 0.019022 0.019022
1 0.869141 0.220703 0.014947 0.014947
1 0.457158 0.220935 0.019022 0.019022
1 0.935547 0.199219 0.014947 0.014947
1 0.810547 0.171875 0.014947 0.014947
1 0.877005 0.170253 0.012369 0.012369
1 0.171875 0.171875 0.014947 0.014947
1 0.869267 0.142810 0.019022 0.019022
1 0.697392 0.121325 0.019022 0.019022
1 0.927861 0.093982 0.019022 0.019022
1 0.656377 0.090075 0.019022 0.019022
1 0.634766 0.070312 0.014947 0.014947
1 0.939580 0.047107 0.019022 0.019022
1 0.851689 0.041247 0.019022 0.019022
1 0.246094 0.041016 0.014947 0.014947
1 0.695439 0.039294 0.019022 0.019022
1 0.294974 0.035487 0.012369 0.012369
1 0.755911 0.006190 0.012369 0.012369
1 0.986328 0.980469 0.014947 0.014947
1 0.166016 0.919922 0.022475 0.022475
1 0.982422 0.861328 0.014947 0.014947
1 0.830130 0.855799 0.012369 0.012369
1 0.414189 0.849841 0.019022 0.019022
1 0.929688 0.843750 0.014947 0.014947
1 0.595703 0.816406 0.014947 0.014947
1 0.923828 0.810547 0.014947 0.014947
1 0.877080 0.744372 0.019022 0.019022
1 0.779349 0.693690 0.012369 0.012369
1 0.728516 0.667969 0.014947 0.014947
1 0.662161 0.658534 0.012369 0.012369
1 0.937627 0.638903 0.019022 0.019022
1 0.796875 0.628906 0.014947 0.014947
1 0.886845 0.613513 0.019022 0.019022
1 0.361328 0.609375 0.014947 0.014947
1 0.910283 0.599841 0.019022 0.019022
1 0.677861 0.574450 0.019022 0.019022
1 0.310547 0.566406 0.014947 0.014947
1 0.451172 0.556641 0.014947 0.014947
1 0.263672 0.558594 0.014947 0.014947
1 0.906302 0.539393 0.012369 0.012369
1 0.656250 0.527344 0.014947 0.014947
1 0.990286 0.504237 0.012369 0.012369
1 0.914189 0.504138 0.019022 0.019022
1 0.667969 0.501953 0.014947 0.014947
1 0.548880 0.496424 0.012369 0.012369
1 0.713017 0.494372 0.019022 0.019022
1 0.828252 0.494372 0.019022 0.019022
1 0.523438 0.478516 0.014947 0.014947
1 0.560547 0.474609 0.014947 0.014947
1 0.711064 0.449450 0.019022 0.019022
1 0.869141 0.439453 0.014947 0.014947
1 0.914062 0.412109 0.014947 0.014947
1 0.882812 0.408203 0.014947 0.014947
1 0.578252 0.410388 0.019022 0.019022
1 0.300781 0.404297 0.014947 0.014947
1 0.359375 0.400391 0.014947 0.014947
1 0.935674 0.388903 0.019022 0.019022
1 0.880911 0.387049 0.012369 0.012369
1 0.498047 0.386719 0.014947 0.014947
1 0.418095 0.386950 0.019022 0.019022
1 0.304688 0.380859 0.014947 0.014947
1 0.228516 0.371094 0.014947 0.014947
1 0.279297 0.365234 0.014947 0.014947
1 0.501953 0.363281 0.014947 0.014947
1 0.394658 0.351794 0.019022 0.019022
1 0.781377 0.349841 0.019022 0.019022
1 0.992239 0.340174 0.012369 0.012369
1 0.136719 0.335938 0.014947 0.014947
1 0.312552 0.336268 0.012369 0.012369
1 0.900517 0.324450 0.019022 0.019022
1 0.572317 0.324549 0.012369 0.012369
1 0.521611 0.326403 0.019022 0.019022
1 0.435674 0.324450 0.019022 0.019022
1 0.621220 0.314685 0.019022 0.019022
1 0.843877 0.312732 0.019022 0.019022
1 0.296927 0.312831 0.012369 0.012369
1 0.404424 0.308825 0.019022 0.019022
1 0.558594 0.306641 0.014947 0.014947
1 0.250127 0.304919 0.019022 0.019022
1 0.134766 0.298828 0.014947 0.014947
1 0.212891 0.294922 0.014947 0.014947
1 0.660283 0.289294 0.019022 0.019022
1 0.476562 0.283203 0.014947 0.014947
1 0.377080 0.277575 0.019022 0.019022
1 0.197266 0.275391 0.014947 0.014947
1 0.466797 0.261719 0.014947 0.014947
1 0.328177 0.260096 0.012369 0.012369
1 0.164062 0.257812 0.014947 0.014947
1 0.744267 0.254138 0.019022 0.019022
1 0.041067 0.250331 0.012369 0.012369
1 0.392705 0.240466 0.019022 0.019022
1 0.693359 0.240234 0.014947 0.014947
1 0.230595 0.236560 0.019022 0.019022
1 0.144531 0.236328 0.014947 0.014947
1 0.361455 0.226794 0.019022 0.019022
1 0.269531 0.216797 0.014947 0.014947
1 0.416142 0.211169 0.019022 0.019022
1 0.113408 0.207263 0.019022 0.019022
1 0.369267 0.199450 0.019022 0.019022
1 0.273564 0.185778 0.019022 0.019022
1 0.515752 0.185778 0.019022 0.019022
1 0.623174 0.174060 0.019022 0.019022
1 0.398564 0.166247 0.019022 0.019022
1 0.445439 0.152575 0.019022 0.019022
1 0.752080 0.150622 0.019022 0.019022
1 0.025391 0.148438 0.014947 0.014947
1 0.644658 0.146716 0.019022 0.019022
1 0.142705 0.142810 0.019022 0.019022
1 0.072392 0.134997 0.019022 0.019022
1 0.402470 0.129138 0.019022 0.019022
1 0.197392 0.127185 0.019022 0.019022
1 0.339970 0.099841 0.019022 0.019022
1 0.382864 0.094081 0.012369 0.012369
1 0.019531 0.097656 0.014947 0.014947
1 0.076299 0.084216 0.019022 0.019022
1 0.138724 0.072596 0.012369 0.012369
1 0.355469 0.070312 0.014947 0.014947
1 0.576172 0.052734 0.014947 0.014947
1 0.316533 0.052966 0.019022 0.019022
1 0.554688 0.044922 0.014947 0.014947
1 0.273489 0.041346 0.012369 0.012369
1 0.089895 0.043299 0.012369 0.012369
1 0.107422 0.029297 0.014947 0.014947
1 0.220830 0.021716 0.019022 0.019022
1 0.775391 0.017578 0.014947 0.014947
1 0.828125 0.015625 0.022475 0.022475
1 0.644531 0.007812 0.014947 0.014947
1 0.386719 0.007812 0.014947 0.014947
1 0.878958 0.006190 0.012369 0.012369
1 0.566458 0.980799 0.012369 0.012369
1 0.251953 0.980469 0.014947 0.014947
1 0.767705 0.976794 0.019022 0.019022
1 0.089844 0.955078 0.014947 0.014947
1 0.656302 0.947596 0.012369 0.012369
1 0.306641 0.941406 0.014947 0.014947
1 0.724736 0.941638 0.019022 0.019022
1 0.693486 0.937732 0.019022 0.019022
1 0.632812 0.935547 0.014947 0.014947
1 0.675908 0.896716 0.019022 0.019022
1 0.644658 0.879138 0.019022 0.019022
1 0.705205 0.875232 0.019022 0.019022
1 0.673955 0.863513 0.019022 0.019022
1 0.312552 0.855799 0.012369 0.012369
1 0.214844 0.839844 0.014947 0.014947
1 0.134766 0.835938 0.014947 0.014947
1 0.816406 0.832031 0.014947 0.014947
1 0.199219 0.822266 0.014947 0.014947
1 0.091797 0.816406 0.014947 0.014947
1 0.230595 0.814685 0.019022 0.019022
1 0.121094 0.816406 0.014947 0.014947
1 0.884892 0.808825 0.019022 0.019022
1 0.423955 0.801013 0.019022 0.019022
1 0.576172 0.798828 0.014947 0.014947
1 0.166142 0.793200 0.019022 0.019022
1 0.855595 0.791247 0.019022 0.019022
1 0.080078 0.789062 0.014947 0.014947
1 0.468877 0.787341 0.019022 0.019022
1 0.378906 0.783203 0.014947 0.014947
1 0.759892 0.777575 0.019022 0.019022
1 0.367314 0.752185 0.019022 0.019022
1 0.228642 0.752185 0.019022 0.019022
1 0.168095 0.744372 0.019022 0.019022
1 0.482549 0.744372 0.019022 0.019022
1 0.754033 0.740466 0.019022 0.019022
1 0.435674 0.740466 0.019022 0.019022
1 0.203252 0.734607 0.019022 0.019022
1 0.720830 0.734607 0.019022 0.019022
1 0.047002 0.726794 0.019022 0.019022
1 0.564580 0.722888 0.019022 0.019022
1 0.863281 0.722656 0.014947 0.014947
1 0.646484 0.722656 0.014947 0.014947
1 0.802734 0.714844 0.014947 0.014947
1 0.334111 0.715075 0.019022 0.019022
1 0.101689 0.705310 0.019022 0.019022
1 0.548955 0.693591 0.019022 0.019022
1 0.310674 0.691638 0.019022 0.019022
1 0.041016 0.681641 0.014947 0.014947
1 0.511845 0.674060 0.019022 0.019022
1 0.144658 0.674060 0.019022 0.019022
1 0.617314 0.672107 0.019022 0.019022
1 0.449219 0.669922 0.014947 0.014947
1 0.240361 0.670153 0.019022 0.019022
1 0.578252 0.668200 0.019022 0.019022
1 0.023438 0.662109 0.014947 0.014947
1 0.902470 0.654528 0.019022 0.019022
1 0.816533 0.654528 0.019022 0.019022
1 0.388672 0.648438 0.014947 0.014947
1 0.343877 0.633044 0.019022 0.019022
1 0.015752 0.629138 0.019022 0.019022
1 0.822266 0.615234 0.014947 0.014947
1 0.109502 0.607653 0.019022 0.019022
1 0.992239 0.603846 0.012369 0.012369
1 0.654424 0.603747 0.019022 0.019022
1 0.595703 0.601562 0.014947 0.014947
1 0.037109 0.595703 0.014947 0.014947
1 0.464970 0.592028 0.019022 0.019022
1 0.152344 0.593750 0.014947 0.014947
1 0.507939 0.592028 0.019022 0.019022
1 0.843877 0.586169 0.019022 0.019022
1 0.171927 0.582362 0.012369 0.012369
1 0.585989 0.580409 0.012369 0.012369
1 0.101689 0.572497 0.019022 0.019022
1 0.375127 0.560778 0.019022 0.019022
1 0.718877 0.552966 0.019022 0.019022
1 0.507812 0.548828 0.014947 0.014947
1 0.580205 0.537341 0.019022 0.019022
1 0.191533 0.537341 0.019022 0.019022
1 0.265752 0.527575 0.019022 0.019022
1 0.462942 0.523768 0.012369 0.012369
1 0.093877 0.521716 0.019022 0.019022
1 0.445364 0.512049 0.012369 0.012369
1 0.378958 0.506190 0.012369 0.012369
1 0.154297 0.505859 0.014947 0.014947
1 0.480520 0.504237 0.012369 0.012369
1 0.027470 0.498278 0.019022 0.019022
1 0.289189 0.498278 0.019022 0.019022
1 0.140625 0.486328 0.014947 0.014947
1 0.224736 0.484607 0.019022 0.019022
1 0.621094 0.486328 0.030378 0.030378
1 0.486455 0.470935 0.019022 0.019022
1 0.474736 0.441638 0.019022 0.019022
1 0.365361 0.435778 0.019022 0.019022
1 0.279297 0.435547 0.014947 0.014947
1 0.306641 0.431641 0.014947 0.014947
1 0.504033 0.416247 0.019022 0.019022
1 0.052861 0.410388 0.019022 0.019022
1 0.388799 0.402575 0.019022 0.019022
1 0.199345 0.388903 0.019022 0.019022
1 0.377080 0.373278 0.019022 0.019022
1 0.292969 0.332031 0.014947 0.014947
1 0.052734 0.298828 0.014947 0.014947
1 0.154297 0.277344 0.014947 0.014947
1 0.068359 0.269531 0.014947 0.014947
1 0.709141 0.269741 0.026766 0.026766
1 0.107549 0.240466 0.019022 0.019022
1 0.617188 0.222656 0.022475 0.022475
1 0.070439 0.203357 0.019022 0.019022
1 0.710938 0.201172 0.014947 0.014947
1 0.345703 0.167969 0.014947 0.014947
1 0.318359 0.988281 0.014947 0.014947
1 0.226562 0.984375 0.014947 0.014947
1 0.373047 0.958984 0.014947 0.014947
1 0.390625 0.943359 0.014947 0.014947
1 0.207031 0.933594 0.014947 0.014947
1 0.087891 0.931641 0.014947 0.014947
1 0.339844 0.914062 0.014947 0.014947
1 0.060547 0.898438 0.014947 0.014947
1 0.431641 0.896484 0.014947 0.014947
1 0.177734 0.892578 0.014947 0.014947
1 0.019531 0.869141 0.022475 0.022475
1 0.111328 0.837891 0.014947 0.014947
1 0.289062 0.830078 0.014947 0.014947
1 0.255859 0.828125 0.014947 0.014947
1 0.502080 0.818591 0.019022 0.019022
1 0.382939 0.810778 0.019022 0.019022
1 0.236455 0.785388 0.019022 0.019022
1 0.048828 0.777344 0.014947 0.014947
1 0.338017 0.773669 0.019022 0.019022
1 0.568516 0.758022 0.026766 0.026766
1 0.482549 0.705310 0.019022 0.019022
1 0.293095 0.597888 0.019022 0.019022
1 0.398438 0.585938 0.030378 0.030378
1 0.806812 0.265828 0.034741 0.034741
1 0.580250 0.168172 0.034741 0.034741
1 0.025391 0.707031 0.014947 0.014947
