1 0.460938 0.884766 0.030378 0.030378
1 0.955235 0.424038 0.026766 0.026766
1 0.047002 0.988513 0.019022 0.019022
1 0.265752 0.609607 0.019022 0.019022
1 0.572392 0.599841 0.019022 0.019022
1 0.042969 0.509766 0.014947 0.014947
1 0.070312 0.300781 0.022475 0.022475
1 0.043095 0.586169 0.019022 0.019022
1 0.347656 0.271484 0.014947 0.014947
1 0.152344 0.193359 0.014947 0.014947
1 0.017578 0.681641 0.022475 0.022475
1 0.388672 0.109375 0.022475 0.022475
1 0.183594 0.671875 0.014947 0.014947
1 0.201224 0.594081 0.012369 0.012369
1 0.921875 0.544922 0.014947 0.014947
1 0.054814 0.486560 0.019022 0.019022
1 0.140625 0.474609 0.014947 0.014947
1 0.113281 0.472656 0.014947 0.014947
1 0.873047 0.369141 0.014947 0.014947
1 0.976689 0.347888 0.019022 0.019022
1 0.125127 0.328357 0.019022 0.019022
1 0.828252 0.234607 0.019022 0.019022
1 0.103516 0.193359 0.014947 0.014947
1 0.675908 0.160388 0.019022 0.019022
1 0.560674 0.058825 0.019022 0.019022
1 0.009817 0.043299 0.012369 0.012369
1 0.187500 0.869141 0.014947 0.014947
1 0.013799 0.845935 0.019022 0.019022
1 0.111455 0.801013 0.019022 0.019022
1 0.193411 0.689784 0.012369 0.012369
1 0.673828 0.666016 0.006233 0.006233
1 0.007812 0.658203 0.014947 0.014947
1 0.199219 0.453125 0.014947 0.014947
1 0.011719 0.234375 0.014947 0.014947
1 0.011719 0.177734 0.014947 0.014947
1 0.031250 0.898438 0.014947 0.014947
1 0.275391 0.828125 0.014947 0.014947
1 0.105469 0.824219 0.014947 0.014947
1 0.029297 0.751953 0.014947 0.014947
1 0.062500 0.654297 0.014947 0.014947
1 0.216924 0.650622 0.019022 0.019022
1 0.113281 0.583984 0.022475 0.022475
1 0.009766 0.519531 0.014947 0.014947
1 0.191533 0.509997 0.019022 0.019022
1 0.025391 0.480469 0.014947 0.014947
1 0.025391 0.435547 0.014947 0.014947
1 0.025442 0.367518 0.012369 0.012369
1 0.914062 0.326172 0.014947 0.014947
1 0.023564 0.289294 0.019022 0.019022
1 0.300781 0.222656 0.022475 0.022475
1 0.218877 0.203357 0.019022 0.019022
1 0.005911 0.131190 0.012369 0.012369
1 0.216924 0.121325 0.019022 0.019022
1 0.015625 0.109375 0.006233 0.006233
1 0.380859 0.962891 0.014947 0.014947
1 0.099736 0.949450 0.019022 0.019022
1 0.183750 0.910366 0.026766 0.026766
1 0.599736 0.859607 0.019022 0.019022
1 0.369141 0.816406 0.014947 0.014947
1 0.464844 0.798828 0.014947 0.014947
1 0.308720 0.761950 0.019022 0.019022
1 0.621094 0.755859 0.022475 0.022475
1 0.006329 0.748047 0.014452 0.014452
1 0.435674 0.724841 0.019022 0.019022
1 0.119141 0.722656 0.014947 0.014947
1 0.496094 0.724609 0.022475 0.022475
1 0.332158 0.717028 0.019022 0.019022
1 0.115361 0.697497 0.019022 0.019022
1 0.127080 0.656482 0.019022 0.019022
1 0.181692 0.625331 0.012369 0.012369
1 0.033203 0.613281 0.014947 0.014947
1 0.087942 0.525721 0.012369 0.012369
1 0.398594 0.513882 0.026766 0.026766
1 0.101614 0.498378 0.012369 0.012369
1 0.070439 0.457263 0.019022 0.019022
1 0.005911 0.457362 0.012369 0.012369
1 0.113281 0.443359 0.014947 0.014947
1 0.185599 0.439784 0.012369 0.012369
1 0.093877 0.383044 0.019022 0.019022
1 0.414062 0.371094 0.022475 0.022475
1 0.109375 0.351562 0.014947 0.014947
1 0.076299 0.345935 0.019022 0.019022
1 0.111328 0.300781 0.014947 0.014947
1 0.449219 0.271484 0.014947 0.014947
1 0.119141 0.251953 0.014947 0.014947
1 0.453252 0.242419 0.019022 0.019022
1 0.480520 0.224940 0.012369 0.012369
1 0.037109 0.222656 0.014947 0.014947
1 0.082158 0.213122 0.019022 0.019022
1 0.541016 0.183594 0.022475 0.022475
1 0.109502 0.142810 0.019022 0.019022
1 0.068486 0.129138 0.019022 0.019022
1 0.968877 0.123278 0.019022 0.019022
1 0.539062 0.113281 0.014947 0.014947
1 0.976689 0.088122 0.019022 0.019022
1 0.734375 0.085938 0.014947 0.014947
1 0.072392 0.086169 0.019022 0.019022
1 0.619141 0.990234 0.014947 0.014947
1 0.144658 0.982653 0.019022 0.019022
1 0.193486 0.961169 0.019022 0.019022
1 0.435547 0.958984 0.022475 0.022475
1 0.226562 0.958984 0.014947 0.014947
1 0.007126 0.949279 0.017768 0.017768
1 0.929814 0.859607 0.019022 0.019022
1 0.265782 0.855678 0.026766 0.026766
1 0.150517 0.822497 0.019022 0.019022
1 0.205078 0.806641 0.014947 0.014947
1 0.222708 0.777674 0.012369 0.012369
1 0.230469 0.746094 0.014947 0.014947
1 0.261719 0.744141 0.022475 0.022475
1 0.685599 0.711268 0.012369 0.012369
1 0.171875 0.708984 0.014947 0.014947
1 0.250000 0.705078 0.030378 0.030378
1 0.937627 0.689685 0.019022 0.019022
1 0.547002 0.664294 0.019022 0.019022
1 0.337891 0.656250 0.022475 0.022475
1 0.142705 0.629138 0.019022 0.019022
1 0.007812 0.599609 0.014947 0.014947
1 0.457158 0.595935 0.019022 0.019022
1 0.222783 0.541247 0.019022 0.019022
1 0.072392 0.543200 0.019022 0.019022
1 0.345703 0.519531 0.022475 0.022475
1 0.166016 0.486328 0.014947 0.014947
1 0.191458 0.480799 0.012369 0.012369
1 0.429814 0.447497 0.019022 0.019022
1 0.146611 0.383044 0.019022 0.019022
1 0.658330 0.359607 0.019022 0.019022
1 0.201299 0.330310 0.019022 0.019022
1 0.171875 0.271484 0.014947 0.014947
1 0.144531 0.261719 0.014947 0.014947
1 0.642578 0.253906 0.014947 0.014947
1 0.164114 0.215174 0.012369 0.012369
1 0.220703 0.166016 0.014947 0.014947
1 0.580205 0.158435 0.019022 0.019022
1 0.892705 0.097888 0.019022 0.019022
1 0.752005 0.076503 0.012369 0.012369
1 0.119141 0.068359 0.022475 0.022475
1 0.056641 0.046875 0.022475 0.022475
1 0.154424 0.031482 0.019022 0.019022
1 0.810674 0.021716 0.019022 0.019022
1 0.335989 0.986659 0.012369 0.012369
1 0.263672 0.970703 0.014947 0.014947
1 0.218877 0.933825 0.019022 0.019022
1 0.238281 0.830078 0.014947 0.014947
1 0.250052 0.810878 0.012369 0.012369
1 0.185547 0.730469 0.014947 0.014947
1 0.222656 0.679688 0.014947 0.014947
1 0.853642 0.652575 0.019022 0.019022
1 0.275517 0.558825 0.019022 0.019022
1 0.857549 0.472888 0.019022 0.019022
1 0.279424 0.424060 0.019022 0.019022
1 0.222656 0.414062 0.022475 0.022475
1 0.328252 0.416247 0.019022 0.019022
1 0.298828 0.376953 0.014947 0.014947
1 0.785156 0.324219 0.022475 0.022475
1 0.265752 0.320544 0.019022 0.019022
1 0.242314 0.293200 0.019022 0.019022
1 0.269583 0.273768 0.012369 0.012369
1 0.394531 0.269531 0.014947 0.014947
1 0.187627 0.238513 0.019022 0.019022
1 0.867188 0.212891 0.014947 0.014947
1 0.746094 0.210938 0.022475 0.022475
1 0.255986 0.156482 0.019022 0.019022
1 0.191406 0.140625 0.014947 0.014947
1 0.244141 0.109375 0.014947 0.014947
1 0.267578 0.091797 0.014947 0.014947
1 0.375127 0.080310 0.019022 0.019022
1 0.605469 0.078125 0.022475 0.022475
1 0.330078 0.072266 0.014947 0.014947
1 0.388672 0.048828 0.014947 0.014947
1 0.318486 0.043200 0.019022 0.019022
1 0.353642 0.037341 0.019022 0.019022
1 0.289219 0.031460 0.026766 0.026766
1 0.537236 0.013903 0.019022 0.019022
1 0.351689 0.011950 0.019022 0.019022
1 0.292969 0.960938 0.014947 0.014947
1 0.572266 0.958984 0.022475 0.022475
1 0.339844 0.945312 0.022475 0.022475
1 0.392578 0.941406 0.014947 0.014947
1 0.373047 0.929688 0.014947 0.014947
1 0.297002 0.912341 0.019022 0.019022
1 0.341924 0.898669 0.019022 0.019022
1 0.285283 0.886950 0.019022 0.019022
1 0.318486 0.877185 0.019022 0.019022
1 0.904297 0.812500 0.014947 0.014947
1 0.425908 0.777575 0.019022 0.019022
1 0.406250 0.734375 0.014947 0.014947
1 0.312500 0.736328 0.014947 0.014947
1 0.293095 0.717028 0.019022 0.019022
1 0.333984 0.689453 0.014947 0.014947
1 0.377080 0.601794 0.019022 0.019022
1 0.421927 0.576503 0.012369 0.012369
1 0.367188 0.572266 0.014947 0.014947
1 0.398438 0.572266 0.014947 0.014947
1 0.341924 0.564685 0.019022 0.019022
1 0.498047 0.560547 0.014947 0.014947
1 0.414062 0.544922 0.014947 0.014947
1 0.314580 0.541247 0.019022 0.019022
1 0.578125 0.513672 0.022475 0.022475
1 0.379033 0.476794 0.019022 0.019022
1 0.306767 0.457263 0.019022 0.019022
1 0.410283 0.400622 0.019022 0.019022
1 0.982422 0.402344 0.014947 0.014947
1 0.359502 0.388903 0.019022 0.019022
1 0.367314 0.314685 0.019022 0.019022
1 0.386719 0.292969 0.014947 0.014947
1 0.419974 0.269862 0.012369 0.012369
1 0.281250 0.255859 0.014947 0.014947
1 0.334111 0.234607 0.019022 0.019022
1 0.707031 0.195312 0.022475 0.022475
1 0.349736 0.179919 0.019022 0.019022
1 0.451299 0.166247 0.019022 0.019022
1 0.847708 0.158534 0.012369 0.012369
1 0.422002 0.125232 0.019022 0.019022
1 0.937500 0.121094 0.014947 0.014947
1 0.441533 0.084216 0.019022 0.019022
1 0.408330 0.070544 0.019022 0.019022
1 0.470755 0.033534 0.012369 0.012369
1 0.492239 0.021815 0.012369 0.012369
1 0.523438 0.990234 0.014947 0.014947
1 0.619192 0.963221 0.012369 0.012369
1 0.597708 0.957362 0.012369 0.012369
1 0.550781 0.955078 0.014947 0.014947
1 0.498174 0.941638 0.019022 0.019022
1 0.539189 0.924060 0.019022 0.019022
1 0.519658 0.881091 0.019022 0.019022
1 0.349736 0.863513 0.019022 0.019022
1 0.484375 0.816406 0.014947 0.014947
1 0.392578 0.800781 0.014947 0.014947
1 0.765752 0.793200 0.019022 0.019022
1 0.542969 0.791016 0.014947 0.014947
1 0.593877 0.773669 0.019022 0.019022
1 0.529424 0.759997 0.019022 0.019022
1 0.628958 0.724940 0.012369 0.012369
1 0.423955 0.662341 0.019022 0.019022
1 0.367314 0.664294 0.019022 0.019022
1 0.570364 0.656581 0.012369 0.012369
1 0.515625 0.486328 0.014947 0.014947
1 0.574219 0.484375 0.014947 0.014947
1 0.835938 0.460938 0.014947 0.014947
1 0.463017 0.420153 0.019022 0.019022
1 0.547002 0.406482 0.019022 0.019022
1 0.447392 0.396716 0.019022 0.019022
1 0.613333 0.394862 0.012369 0.012369
1 0.634892 0.384997 0.019022 0.019022
1 0.461064 0.367419 0.019022 0.019022
1 0.904349 0.361659 0.012369 0.012369
1 0.501953 0.355469 0.014947 0.014947
1 0.709156 0.345906 0.034741 0.034741
1 0.939505 0.346034 0.012369 0.012369
1 0.521536 0.344081 0.012369 0.012369
1 0.546875 0.330078 0.014947 0.014947
1 0.462891 0.291016 0.014947 0.014947
1 0.841797 0.281250 0.014947 0.014947
1 0.843802 0.256190 0.012369 0.012369
1 0.869141 0.250000 0.014947 0.014947
1 0.791016 0.250000 0.014947 0.014947
1 0.537236 0.230700 0.019022 0.019022
1 0.785283 0.222888 0.019022 0.019022
1 0.816406 0.208984 0.014947 0.014947
1 0.587891 0.187500 0.014947 0.014947
1 0.804814 0.154528 0.019022 0.019022
1 0.660156 0.132812 0.014947 0.014947
1 0.834111 0.127185 0.019022 0.019022
1 0.754033 0.127185 0.019022 0.019022
1 0.673955 0.107653 0.019022 0.019022
1 0.646611 0.095935 0.019022 0.019022
1 0.582158 0.097888 0.019022 0.019022
1 0.949219 0.089844 0.014947 0.014947
1 0.529349 0.088221 0.012369 0.012369
1 0.691533 0.082263 0.019022 0.019022
1 0.498174 0.052966 0.019022 0.019022
1 0.896611 0.049060 0.019022 0.019022
1 0.757864 0.051112 0.012369 0.012369
1 0.667969 0.042969 0.014947 0.014947
1 0.589970 0.039294 0.019022 0.019022
1 0.422002 0.039294 0.019022 0.019022
1 0.877080 0.029528 0.019022 0.019022
1 0.787161 0.019862 0.012369 0.012369
1 0.972656 0.011719 0.014947 0.014947
1 0.845830 0.011950 0.019022 0.019022
1 0.720703 0.007812 0.014947 0.014947
1 0.898438 0.966797 0.014947 0.014947
1 0.957031 0.953125 0.014947 0.014947
1 0.742188 0.943359 0.014947 0.014947
1 0.630859 0.941406 0.014947 0.014947
1 0.418095 0.926013 0.019022 0.019022
1 0.724609 0.914062 0.014947 0.014947
1 0.560674 0.902575 0.019022 0.019022
1 0.675781 0.880859 0.014947 0.014947
1 0.941406 0.880859 0.014947 0.014947
1 0.832031 0.876953 0.014947 0.014947
1 0.900391 0.869141 0.014947 0.014947
1 0.654297 0.871094 0.014947 0.014947
1 0.699219 0.867188 0.014947 0.014947
1 0.662109 0.839844 0.014947 0.014947
1 0.630911 0.828456 0.012369 0.012369
1 0.732422 0.822266 0.014947 0.014947
1 0.748099 0.808924 0.012369 0.012369
1 0.558594 0.810547 0.014947 0.014947
1 0.933594 0.804688 0.014947 0.014947
1 0.679688 0.792969 0.014947 0.014947
1 0.816406 0.789062 0.014947 0.014947
1 0.753906 0.757812 0.014947 0.014947
1 0.843750 0.746094 0.014947 0.014947
1 0.605469 0.726562 0.014947 0.014947
1 0.953125 0.718750 0.014947 0.014947
1 0.537236 0.720935 0.019022 0.019022
1 0.648438 0.699219 0.014947 0.014947
1 0.888672 0.695312 0.014947 0.014947
1 0.953125 0.666016 0.014947 0.014947
1 0.757939 0.640857 0.019022 0.019022
1 0.957031 0.632812 0.014947 0.014947
1 0.824219 0.630859 0.014947 0.014947
1 0.533330 0.633044 0.019022 0.019022
1 0.669922 0.625000 0.014947 0.014947
1 0.779297 0.619141 0.014947 0.014947
1 0.859375 0.617188 0.014947 0.014947
1 0.832031 0.607422 0.014947 0.014947
1 0.486328 0.607422 0.014947 0.014947
1 0.517705 0.603747 0.019022 0.019022
1 0.796875 0.589844 0.014947 0.014947
1 0.818411 0.580409 0.012369 0.012369
1 0.890677 0.574549 0.012369 0.012369
1 0.869141 0.576172 0.014947 0.014947
1 0.576172 0.564453 0.014947 0.014947
1 0.658203 0.554688 0.014947 0.014947
1 0.789062 0.542969 0.014947 0.014947
1 0.972656 0.537109 0.014947 0.014947
1 0.845703 0.531250 0.014947 0.014947
1 0.621094 0.525391 0.014947 0.014947
1 0.750000 0.509766 0.014947 0.014947
1 0.695312 0.509766 0.014947 0.014947
1 0.876953 0.503906 0.014947 0.014947
1 0.664062 0.494141 0.014947 0.014947
1 0.490234 0.492188 0.014947 0.014947
1 0.796875 0.490234 0.014947 0.014947
1 0.642578 0.484375 0.014947 0.014947
1 0.746094 0.476562 0.014947 0.014947
1 0.927734 0.472656 0.014947 0.014947
1 0.699219 0.466797 0.014947 0.014947
1 0.585938 0.457031 0.014947 0.014947
1 0.888672 0.451172 0.014947 0.014947
1 0.820312 0.437500 0.014947 0.014947
1 0.777344 0.419922 0.014947 0.014947
1 0.742188 0.417969 0.014947 0.014947
1 0.777344 0.390625 0.014947 0.014947
1 0.826172 0.361328 0.014947 0.014947
1 0.558594 0.351562 0.014947 0.014947
1 0.630859 0.332031 0.014947 0.014947
1 0.609375 0.326172 0.014947 0.014947
1 0.830205 0.322497 0.019022 0.019022
1 0.720703 0.310547 0.014947 0.014947
1 0.876953 0.308594 0.014947 0.014947
1 0.964844 0.298828 0.014947 0.014947
1 0.562500 0.298828 0.014947 0.014947
1 0.810674 0.295153 0.019022 0.019022
1 0.785156 0.287109 0.014947 0.014947
1 0.902470 0.230700 0.019022 0.019022
1 0.869141 0.187500 0.014947 0.014947
1 0.650391 0.179688 0.014947 0.014947
1 0.912236 0.172107 0.019022 0.019022
1 0.810674 0.076403 0.019022 0.019022
1 0.847783 0.054919 0.019022 0.019022
1 0.937627 0.033435 0.019022 0.019022
1 0.959111 0.984607 0.019022 0.019022
1 0.753906 0.976562 0.014947 0.014947
1 0.812500 0.962891 0.014947 0.014947
1 0.859502 0.959216 0.019022 0.019022
1 0.810547 0.894531 0.014947 0.014947
1 0.777470 0.890857 0.019022 0.019022
1 0.714970 0.888903 0.019022 0.019022
1 0.746094 0.867188 0.014947 0.014947
1 0.804814 0.861560 0.019022 0.019022
1 0.855469 0.855469 0.014947 0.014947
1 0.849609 0.769531 0.014947 0.014947
1 0.943359 0.757812 0.014947 0.014947
1 0.718877 0.750232 0.019022 0.019022
1 0.603642 0.633044 0.019022 0.019022
1 0.629033 0.576403 0.019022 0.019022
1 0.767705 0.564685 0.019022 0.019022
1 0.636845 0.295153 0.019022 0.019022
1 0.687500 0.939453 0.030378 0.030378
1 0.732422 0.699219 0.030378 0.030378
1 0.572437 0.838094 0.034741 0.034741
