1 0.921875 0.898438 0.022475 0.022475
1 0.962891 0.894531 0.022475 0.022475
1 0.966797 0.744141 0.022475 0.022475
1 0.603642 0.521716 0.019022 0.019022
1 0.523564 0.504138 0.019022 0.019022
1 0.535283 0.433825 0.019022 0.019022
1 0.154424 0.431872 0.019022 0.019022
1 0.781377 0.328357 0.019022 0.019022
1 0.211064 0.320544 0.019022 0.019022
1 0.542969 0.314453 0.022475 0.022475
1 0.482549 0.279528 0.019022 0.019022
1 0.380859 0.242188 0.022475 0.022475
1 0.960938 0.195312 0.022475 0.022475
1 0.179814 0.189685 0.019022 0.019022
1 0.302734 0.156250 0.014947 0.014947
1 0.326172 0.148438 0.014947 0.014947
1 0.279297 0.142578 0.014947 0.014947
1 0.744267 0.105700 0.019022 0.019022
1 0.449345 0.070544 0.019022 0.019022
1 0.263799 0.066638 0.019022 0.019022
1 0.689453 0.044922 0.022475 0.022475
1 0.320439 0.021716 0.019022 0.019022
1 0.353516 0.019531 0.022475 0.022475
1 0.546875 0.017578 0.022475 0.022475
1 0.451299 0.861560 0.019022 0.019022
1 0.125127 0.775622 0.019022 0.019022
1 0.193486 0.695544 0.019022 0.019022
1 0.390752 0.644763 0.019022 0.019022
1 0.088017 0.129138 0.019022 0.019022
1 0.095830 0.931872 0.019022 0.019022
1 0.191533 0.810778 0.019022 0.019022
1 0.047002 0.900622 0.019022 0.019022
1 0.988281 0.867188 0.014947 0.014947
1 0.978567 0.492518 0.012369 0.012369
1 0.927734 0.158203 0.014947 0.014947
1 0.894531 0.058594 0.022475 0.022475
1 0.931767 0.574450 0.019022 0.019022
1 0.875000 0.955078 0.014947 0.014947
1 0.931767 0.791247 0.019022 0.019022
1 0.902344 0.742188 0.014947 0.014947
1 0.916016 0.667969 0.022475 0.022475
1 0.906377 0.461169 0.019022 0.019022
1 0.851689 0.242419 0.019022 0.019022
1 0.859502 0.525622 0.019022 0.019022
1 0.738281 0.154297 0.014947 0.014947
1 0.710938 0.222656 0.022475 0.022475
1 0.519658 0.045153 0.019022 0.019022
1 0.478516 0.009766 0.014947 0.014947
1 0.564453 0.140625 0.022475 0.022475
1 0.406377 0.056872 0.019022 0.019022
1 0.453252 0.023669 0.019022 0.019022
1 0.709111 0.953357 0.019022 0.019022
1 0.504033 0.367419 0.019022 0.019022
1 0.240234 0.250000 0.014947 0.014947
1 0.222783 0.193591 0.019022 0.019022
1 0.091924 0.054919 0.019022 0.019022
1 0.150391 0.169922 0.022475 0.022475
1 0.578125 0.843750 0.014947 0.014947
1 0.400517 0.531482 0.019022 0.019022
1 0.265752 0.855700 0.019022 0.019022
1 0.339844 0.832031 0.022475 0.022475
1 0.195439 0.759997 0.019022 0.019022
