1 0.447392 0.957263 0.019022 0.019022
1 0.429814 0.918200 0.019022 0.019022
1 0.023564 0.865466 0.019022 0.019022
1 0.507939 0.720935 0.019022 0.019022
1 0.537236 0.607653 0.019022 0.019022
1 0.482549 0.541247 0.019022 0.019022
1 0.220830 0.426013 0.019022 0.019022
1 0.109502 0.384997 0.019022 0.019022
1 0.826299 0.345935 0.019022 0.019022
1 0.789062 0.322266 0.022475 0.022475
1 0.240361 0.285388 0.019022 0.019022
1 0.720830 0.250232 0.019022 0.019022
1 0.707158 0.224841 0.019022 0.019022
1 0.351689 0.207263 0.019022 0.019022
1 0.693486 0.113513 0.019022 0.019022
1 0.029424 0.103747 0.019022 0.019022
1 0.125127 0.974841 0.019022 0.019022
1 0.613281 0.406250 0.022475 0.022475
1 0.195312 0.037109 0.022475 0.022475
