1 0.697422 0.015835 0.026766 0.026766
1 0.705205 0.250232 0.019022 0.019022
1 0.769658 0.029528 0.019022 0.019022
1 0.785283 0.398669 0.019022 0.019022
1 0.576299 0.367419 0.019022 0.019022
1 0.630986 0.176013 0.019022 0.019022
1 0.296875 0.644531 0.014947 0.014947
1 0.271484 0.638672 0.014947 0.014947
1 0.064580 0.537341 0.019022 0.019022
1 0.693359 0.357422 0.022475 0.022475
1 0.273564 0.324450 0.019022 0.019022
1 0.035156 0.195312 0.014947 0.014947
1 0.347783 0.959216 0.019022 0.019022
1 0.974736 0.900622 0.019022 0.019022
1 0.636845 0.742419 0.019022 0.019022
1 0.800908 0.730700 0.019022 0.019022
1 0.023564 0.666247 0.019022 0.019022
1 0.279424 0.521716 0.019022 0.019022
1 0.029424 0.467028 0.019022 0.019022
1 0.017705 0.422107 0.019022 0.019022
1 0.349736 0.338122 0.019022 0.019022
1 0.009766 0.269531 0.014947 0.014947
1 0.193486 0.220935 0.019022 0.019022
1 0.007864 0.183924 0.012369 0.012369
1 0.222783 0.093982 0.019022 0.019022
1 0.587891 0.990234 0.014947 0.014947
1 0.377080 0.984607 0.019022 0.019022
1 0.463017 0.859607 0.019022 0.019022
1 0.332158 0.777575 0.019022 0.019022
1 0.138799 0.736560 0.019022 0.019022
1 0.045049 0.763903 0.019022 0.019022
1 0.410095 0.808594 0.039301 0.039301
1 0.873047 0.187500 0.022475 0.022475
1 0.750127 0.541247 0.019022 0.019022
