1 0.689580 0.613513 0.019022 0.019022
1 0.597783 0.603747 0.019022 0.019022
1 0.863408 0.574450 0.019022 0.019022
1 0.621220 0.502185 0.019022 0.019022
1 0.379033 0.474841 0.019022 0.019022
1 0.162236 0.418200 0.019022 0.019022
1 0.970830 0.304919 0.019022 0.019022
1 0.017705 0.215075 0.019022 0.019022
1 0.168095 0.207263 0.019022 0.019022
1 0.115361 0.193591 0.019022 0.019022
1 0.427861 0.193591 0.019022 0.019022
1 0.572266 0.185547 0.022475 0.022475
1 0.056767 0.152575 0.019022 0.019022
1 0.244267 0.115466 0.019022 0.019022
1 0.966924 0.062732 0.019022 0.019022
1 0.851562 0.017578 0.022475 0.022475
1 0.914062 0.015625 0.022475 0.022475
1 0.859502 0.867419 0.019022 0.019022
1 0.892705 0.763903 0.019022 0.019022
1 0.224736 0.476794 0.019022 0.019022
1 0.453252 0.842028 0.019022 0.019022
1 0.672002 0.802966 0.019022 0.019022
1 0.326172 0.529297 0.022475 0.022475
1 0.535156 0.009766 0.014947 0.014947
1 0.941406 0.314453 0.014947 0.014947
1 0.402470 0.084216 0.019022 0.019022
1 0.468877 0.359607 0.019022 0.019022
1 0.746094 0.298828 0.006233 0.006233
1 0.779424 0.677966 0.019022 0.019022
1 0.958984 0.656250 0.022475 0.022475
1 0.912236 0.621325 0.019022 0.019022
1 0.703252 0.531482 0.019022 0.019022
1 0.177861 0.461169 0.019022 0.019022
1 0.093750 0.367188 0.022475 0.022475
