1 0.445439 0.787341 0.019022 0.019022
1 0.693486 0.713122 0.019022 0.019022
1 0.951299 0.666247 0.019022 0.019022
1 0.539189 0.656482 0.019022 0.019022
1 0.990234 0.537109 0.014947 0.014947
1 0.058720 0.500232 0.019022 0.019022
1 0.957158 0.467028 0.019022 0.019022
1 0.586064 0.461169 0.019022 0.019022
1 0.060547 0.460938 0.022475 0.022475
1 0.945439 0.422107 0.019022 0.019022
1 0.894658 0.381091 0.019022 0.019022
1 0.214970 0.279528 0.019022 0.019022
1 0.937627 0.269763 0.019022 0.019022
1 0.529297 0.208984 0.022475 0.022475
1 0.322392 0.195544 0.019022 0.019022
1 0.963017 0.195544 0.019022 0.019022
1 0.935674 0.183825 0.019022 0.019022
1 0.814580 0.150622 0.019022 0.019022
1 0.775517 0.131091 0.019022 0.019022
1 0.470830 0.082263 0.019022 0.019022
1 0.378906 0.070312 0.022475 0.022475
1 0.726689 0.054919 0.019022 0.019022
1 0.722656 0.980469 0.014947 0.014947
1 0.476689 0.853747 0.019022 0.019022
1 0.972783 0.763903 0.019022 0.019022
1 0.072392 0.631091 0.019022 0.019022
1 0.244267 0.484607 0.019022 0.019022
1 0.445439 0.955310 0.019022 0.019022
1 0.390752 0.851794 0.019022 0.019022
1 0.062627 0.738513 0.019022 0.019022
1 0.279297 0.595703 0.022475 0.022475
1 0.257939 0.812732 0.019022 0.019022
