1 0.949345 0.459216 0.019022 0.019022
1 0.974609 0.738281 0.014947 0.014947
1 0.793095 0.390857 0.019022 0.019022
1 0.759766 0.271484 0.022475 0.022475
1 0.695439 0.230700 0.019022 0.019022
1 0.607422 0.138672 0.022475 0.022475
1 0.793095 0.777575 0.019022 0.019022
1 0.597783 0.191638 0.019022 0.019022
1 0.547002 0.176013 0.019022 0.019022
1 0.193486 0.009997 0.019022 0.019022
1 0.673828 0.023438 0.014947 0.014947
1 0.808720 0.888903 0.019022 0.019022
1 0.976614 0.596034 0.012369 0.012369
1 0.787236 0.935778 0.019022 0.019022
1 0.990234 0.789062 0.014947 0.014947
1 0.472783 0.433825 0.019022 0.019022
1 0.148564 0.275622 0.019022 0.019022
1 0.328252 0.176013 0.019022 0.019022
1 0.236455 0.140857 0.019022 0.019022
1 0.158203 0.025391 0.014947 0.014947
1 0.533330 0.963122 0.019022 0.019022
1 0.146611 0.677966 0.019022 0.019022
1 0.111455 0.656482 0.019022 0.019022
1 0.121220 0.342028 0.019022 0.019022
1 0.449345 0.338122 0.019022 0.019022
1 0.050908 0.322497 0.019022 0.019022
1 0.275517 0.285388 0.019022 0.019022
1 0.013672 0.242188 0.014947 0.014947
1 0.330205 0.238513 0.019022 0.019022
1 0.216924 0.213122 0.019022 0.019022
1 0.017578 0.193359 0.014947 0.014947
1 0.461064 0.929919 0.019022 0.019022
1 0.367314 0.896716 0.019022 0.019022
1 0.304814 0.896716 0.019022 0.019022
1 0.441533 0.892810 0.019022 0.019022
1 0.923828 0.785156 0.014947 0.014947
1 0.310674 0.582263 0.019022 0.019022
1 0.160283 0.982653 0.019022 0.019022
1 0.244267 0.670153 0.019022 0.019022
1 0.634766 0.298828 0.022475 0.022475
1 0.845703 0.939453 0.014947 0.014947
1 0.556641 0.251953 0.022475 0.022475
1 0.630986 0.537341 0.019022 0.019022
1 0.230469 0.039062 0.006233 0.006233
1 0.689580 0.806872 0.019022 0.019022
1 0.482474 0.472987 0.012369 0.012369
1 0.101562 0.109375 0.022475 0.022475
1 0.097783 0.488513 0.019022 0.019022
