1 0.656377 0.627185 0.019022 0.019022
1 0.980595 0.521716 0.019022 0.019022
1 0.787109 0.220703 0.022475 0.022475
1 0.298955 0.179919 0.019022 0.019022
1 0.478642 0.082263 0.019022 0.019022
1 0.982422 0.080078 0.022475 0.022475
1 0.650517 0.080310 0.019022 0.019022
1 0.652470 0.697497 0.019022 0.019022
1 0.572266 0.986328 0.014947 0.014947
1 0.806767 0.894763 0.019022 0.019022
1 0.496220 0.672107 0.019022 0.019022
1 0.351689 0.621325 0.019022 0.019022
1 0.322392 0.488513 0.019022 0.019022
1 0.222783 0.939685 0.019022 0.019022
1 0.500052 0.883143 0.012369 0.012369
1 0.529424 0.810778 0.019022 0.019022
1 0.132939 0.808825 0.019022 0.019022
1 0.254033 0.732653 0.019022 0.019022
1 0.410283 0.621325 0.019022 0.019022
1 0.166142 0.172107 0.019022 0.019022
1 0.019658 0.164294 0.019022 0.019022
1 0.078252 0.142810 0.019022 0.019022
1 0.511770 0.894862 0.012369 0.012369
1 0.291142 0.832263 0.019022 0.019022
1 0.082158 0.758044 0.019022 0.019022
1 0.005911 0.240565 0.012369 0.012369
1 0.658330 0.984607 0.019022 0.019022
1 0.328252 0.974841 0.019022 0.019022
1 0.117314 0.769763 0.019022 0.019022
1 0.021611 0.742419 0.019022 0.019022
1 0.240361 0.886950 0.019022 0.019022
1 0.015782 0.814663 0.026766 0.026766
1 0.015625 0.947266 0.014947 0.014947
1 0.632812 0.009766 0.014947 0.014947
1 0.244141 0.687500 0.014947 0.014947
1 0.922032 0.742397 0.026766 0.026766
