1 0.804814 0.984607 0.019022 0.019022
1 0.754033 0.924060 0.019022 0.019022
1 0.640752 0.920153 0.019022 0.019022
1 0.353642 0.867419 0.019022 0.019022
1 0.855595 0.759997 0.019022 0.019022
1 0.257939 0.750232 0.019022 0.019022
1 0.388799 0.730700 0.019022 0.019022
1 0.160283 0.705310 0.019022 0.019022
1 0.382939 0.703357 0.019022 0.019022
1 0.875127 0.627185 0.019022 0.019022
1 0.683594 0.546875 0.022475 0.022475
1 0.189580 0.437732 0.019022 0.019022
1 0.238281 0.425781 0.022475 0.022475
1 0.695312 0.394531 0.022475 0.022475
1 0.978516 0.322266 0.022475 0.022475
1 0.043095 0.304919 0.019022 0.019022
1 0.941406 0.242188 0.022475 0.022475
1 0.945312 0.193359 0.022475 0.022475
1 0.455205 0.189685 0.019022 0.019022
1 0.179688 0.167969 0.022475 0.022475
1 0.085938 0.111328 0.022475 0.022475
1 0.533203 0.082031 0.022475 0.022475
1 0.818359 0.066406 0.022475 0.022475
1 0.039062 0.062500 0.022475 0.022475
1 0.898438 0.060547 0.022475 0.022475
1 0.220703 0.029297 0.022475 0.022475
1 0.359427 0.006190 0.012369 0.012369
1 0.404297 0.006329 0.014452 0.014452
1 0.150391 0.006329 0.014452 0.014452
1 0.255859 0.982422 0.014947 0.014947
1 0.195439 0.832263 0.019022 0.019022
1 0.144658 0.785388 0.019022 0.019022
1 0.463017 0.759997 0.019022 0.019022
1 0.433720 0.445544 0.019022 0.019022
1 0.988333 0.008143 0.012369 0.012369
1 0.888799 0.107653 0.019022 0.019022
1 0.890625 0.310547 0.014947 0.014947
1 0.865361 0.228747 0.019022 0.019022
1 0.851689 0.158435 0.019022 0.019022
1 0.619267 0.117419 0.019022 0.019022
1 0.564453 0.046875 0.014947 0.014947
1 0.728642 0.543200 0.019022 0.019022
1 0.672002 0.521716 0.019022 0.019022
1 0.675908 0.463122 0.019022 0.019022
1 0.672002 0.439685 0.019022 0.019022
1 0.630859 0.380859 0.022475 0.022475
1 0.861455 0.310778 0.019022 0.019022
1 0.443359 0.125000 0.022475 0.022475
1 0.990234 0.804688 0.014947 0.014947
1 0.755986 0.603747 0.019022 0.019022
1 0.429814 0.416247 0.019022 0.019022
1 0.490361 0.246325 0.019022 0.019022
1 0.164062 0.189453 0.014947 0.014947
1 0.283330 0.162341 0.019022 0.019022
1 0.404424 0.150622 0.019022 0.019022
1 0.265625 0.115234 0.022475 0.022475
1 0.066533 0.072497 0.019022 0.019022
1 0.734502 0.941638 0.019022 0.019022
1 0.826299 0.801013 0.019022 0.019022
1 0.400517 0.502185 0.019022 0.019022
1 0.253906 0.384766 0.014947 0.014947
1 0.509892 0.691638 0.019022 0.019022
1 0.601689 0.978747 0.019022 0.019022
1 0.035283 0.539294 0.019022 0.019022
1 0.015752 0.474841 0.019022 0.019022
1 0.412109 0.978516 0.014947 0.014947
1 0.476562 0.923828 0.022475 0.022475
1 0.017705 0.613513 0.019022 0.019022
