1 0.732549 0.732653 0.019022 0.019022
1 0.714970 0.707263 0.019022 0.019022
1 0.496220 0.640857 0.019022 0.019022
1 0.939580 0.625232 0.019022 0.019022
1 0.670049 0.521716 0.019022 0.019022
1 0.453252 0.519763 0.019022 0.019022
1 0.707158 0.517810 0.019022 0.019022
1 0.591924 0.513903 0.019022 0.019022
1 0.867188 0.435547 0.022475 0.022475
1 0.670049 0.328357 0.019022 0.019022
1 0.379033 0.285388 0.019022 0.019022
1 0.929688 0.253906 0.022475 0.022475
1 0.628906 0.234375 0.022475 0.022475
1 0.586064 0.222888 0.019022 0.019022
1 0.113408 0.129138 0.019022 0.019022
1 0.375127 0.113513 0.019022 0.019022
1 0.054814 0.080310 0.019022 0.019022
1 0.677734 0.048828 0.022475 0.022475
1 0.978516 0.007812 0.014947 0.014947
1 0.658330 0.926013 0.019022 0.019022
1 0.244267 0.879138 0.019022 0.019022
1 0.052861 0.521716 0.019022 0.019022
1 0.336064 0.422107 0.019022 0.019022
1 0.173955 0.084216 0.019022 0.019022
1 0.431767 0.937732 0.019022 0.019022
1 0.314580 0.929919 0.019022 0.019022
1 0.222783 0.676013 0.019022 0.019022
