1 0.541142 0.279528 0.019022 0.019022
1 0.283203 0.226562 0.022475 0.022475
1 0.912236 0.207263 0.019022 0.019022
1 0.771611 0.193591 0.019022 0.019022
1 0.984502 0.152575 0.019022 0.019022
1 0.588017 0.115466 0.019022 0.019022
1 0.662236 0.099841 0.019022 0.019022
1 0.890752 0.084216 0.019022 0.019022
1 0.816533 0.572497 0.019022 0.019022
1 0.945439 0.215075 0.019022 0.019022
1 0.634892 0.191638 0.019022 0.019022
1 0.418095 0.056872 0.019022 0.019022
1 0.599736 0.820544 0.019022 0.019022
1 0.607549 0.756091 0.019022 0.019022
1 0.666142 0.412341 0.019022 0.019022
1 0.226689 0.228747 0.019022 0.019022
1 0.105595 0.869372 0.019022 0.019022
1 0.382939 0.642810 0.019022 0.019022
1 0.134892 0.525622 0.019022 0.019022
1 0.505986 0.863513 0.019022 0.019022
1 0.873047 0.277344 0.022475 0.022475
1 0.894531 0.388672 0.022475 0.022475
1 0.615361 0.410388 0.019022 0.019022
1 0.410283 0.088122 0.019022 0.019022
