1 0.644531 0.402344 0.022475 0.022475
1 0.933720 0.302966 0.019022 0.019022
1 0.955205 0.767810 0.019022 0.019022
1 0.802861 0.613513 0.019022 0.019022
1 0.855595 0.525622 0.019022 0.019022
1 0.869267 0.465075 0.019022 0.019022
1 0.664189 0.025622 0.019022 0.019022
1 0.621220 0.750232 0.019022 0.019022
1 0.691533 0.562732 0.019022 0.019022
1 0.765752 0.439685 0.019022 0.019022
1 0.474609 0.085938 0.022475 0.022475
1 0.798955 0.695544 0.019022 0.019022
1 0.027470 0.388903 0.019022 0.019022
1 0.568359 0.177734 0.022475 0.022475
1 0.595830 0.021716 0.019022 0.019022
1 0.464970 0.777575 0.019022 0.019022
1 0.347783 0.672107 0.019022 0.019022
1 0.470703 0.564453 0.022475 0.022475
1 0.275517 0.414294 0.019022 0.019022
1 0.148564 0.324450 0.019022 0.019022
1 0.099736 0.142810 0.019022 0.019022
1 0.086064 0.672107 0.019022 0.019022
1 0.351562 0.570312 0.022475 0.022475
1 0.318486 0.509997 0.019022 0.019022
1 0.281377 0.488513 0.019022 0.019022
1 0.105469 0.412109 0.022475 0.022475
1 0.265752 0.804919 0.019022 0.019022
1 0.127080 0.650622 0.019022 0.019022
