1 0.812500 0.746094 0.022475 0.022475
1 0.851562 0.578125 0.022475 0.022475
1 0.869141 0.445312 0.022475 0.022475
1 0.613408 0.203357 0.019022 0.019022
1 0.547002 0.136950 0.019022 0.019022
1 0.804688 0.111328 0.022475 0.022475
1 0.267578 0.062500 0.022475 0.022475
1 0.789062 0.056641 0.022475 0.022475
1 0.429814 0.943591 0.019022 0.019022
1 0.496220 0.736560 0.019022 0.019022
1 0.365361 0.642810 0.019022 0.019022
1 0.988281 0.062500 0.014947 0.014947
1 0.119267 0.687732 0.019022 0.019022
1 0.853642 0.363513 0.019022 0.019022
1 0.738281 0.640625 0.014947 0.014947
1 0.683594 0.251953 0.014947 0.014947
1 0.695312 0.130859 0.022475 0.022475
1 0.447266 0.119141 0.022475 0.022475
1 0.193359 0.316406 0.022475 0.022475
1 0.191406 0.591797 0.022475 0.022475
