1 0.697266 0.072266 0.030378 0.030378
1 0.275517 0.439685 0.019022 0.019022
1 0.662236 0.285388 0.019022 0.019022
1 0.750127 0.256091 0.019022 0.019022
1 0.558720 0.140857 0.019022 0.019022
1 0.443486 0.045153 0.019022 0.019022
1 0.406250 0.986328 0.014947 0.014947
1 0.017578 0.955078 0.014947 0.014947
1 0.991718 0.757812 0.014452 0.014452
1 0.287236 0.593982 0.019022 0.019022
1 0.086064 0.578357 0.019022 0.019022
1 0.666142 0.445544 0.019022 0.019022
1 0.291142 0.384997 0.019022 0.019022
1 0.238408 0.357653 0.019022 0.019022
1 0.285283 0.345935 0.019022 0.019022
1 0.982549 0.261950 0.019022 0.019022
1 0.211064 0.158435 0.019022 0.019022
