1 0.425908 0.904528 0.019022 0.019022
1 0.943486 0.867419 0.019022 0.019022
1 0.779424 0.843982 0.019022 0.019022
1 0.933720 0.830310 0.019022 0.019022
1 0.941406 0.566406 0.022475 0.022475
1 0.451299 0.558825 0.019022 0.019022
1 0.904297 0.501953 0.022475 0.022475
1 0.547002 0.492419 0.019022 0.019022
1 0.037236 0.449450 0.019022 0.019022
1 0.119267 0.426013 0.019022 0.019022
1 0.814580 0.414294 0.019022 0.019022
1 0.861328 0.138672 0.022475 0.022475
1 0.550908 0.129138 0.019022 0.019022
1 0.730469 0.097656 0.022475 0.022475
1 0.787109 0.093750 0.022475 0.022475
1 0.625127 0.082263 0.019022 0.019022
1 0.515752 0.078357 0.019022 0.019022
1 0.300908 0.066638 0.019022 0.019022
1 0.990234 0.044922 0.014947 0.014947
1 0.492314 0.802966 0.019022 0.019022
1 0.095830 0.666247 0.019022 0.019022
1 0.244267 0.617419 0.019022 0.019022
1 0.263799 0.361560 0.019022 0.019022
1 0.990234 0.248047 0.014947 0.014947
1 0.175781 0.125000 0.022475 0.022475
1 0.896484 0.007812 0.014947 0.014947
1 0.218750 0.986328 0.014947 0.014947
1 0.951172 0.412109 0.014947 0.014947
1 0.835938 0.316406 0.014947 0.014947
1 0.968750 0.765625 0.014947 0.014947
1 0.989874 0.750189 0.018505 0.018505
1 0.968750 0.894531 0.014947 0.014947
1 0.910283 0.627185 0.019022 0.019022
1 0.777344 0.164062 0.014947 0.014947
1 0.775391 0.140625 0.014947 0.014947
1 0.849736 0.572497 0.019022 0.019022
1 0.705078 0.166016 0.022475 0.022475
1 0.894658 0.732653 0.019022 0.019022
1 0.794922 0.523438 0.014947 0.014947
1 0.849736 0.978747 0.019022 0.019022
1 0.787236 0.547107 0.019022 0.019022
1 0.769531 0.521484 0.022475 0.022475
1 0.689453 0.320312 0.014947 0.014947
1 0.640625 0.244141 0.014947 0.014947
1 0.672002 0.523669 0.019022 0.019022
1 0.355469 0.058594 0.014947 0.014947
1 0.422002 0.039294 0.019022 0.019022
1 0.693359 0.974609 0.014947 0.014947
1 0.750000 0.955078 0.014947 0.014947
1 0.750127 0.916247 0.019022 0.019022
1 0.640752 0.896716 0.019022 0.019022
1 0.501953 0.566406 0.014947 0.014947
1 0.611328 0.548828 0.022475 0.022475
1 0.619267 0.476794 0.019022 0.019022
1 0.494267 0.429919 0.019022 0.019022
1 0.218750 0.351562 0.014947 0.014947
1 0.142578 0.210938 0.014947 0.014947
1 0.353642 0.205310 0.019022 0.019022
1 0.152344 0.046875 0.022475 0.022475
1 0.099609 0.025391 0.014947 0.014947
1 0.556641 0.962891 0.014947 0.014947
1 0.685674 0.935778 0.019022 0.019022
1 0.417969 0.560547 0.022475 0.022475
1 0.197392 0.541247 0.019022 0.019022
1 0.410283 0.484607 0.019022 0.019022
1 0.146484 0.466797 0.014947 0.014947
1 0.058720 0.388903 0.019022 0.019022
1 0.257939 0.287341 0.019022 0.019022
1 0.316533 0.207263 0.019022 0.019022
1 0.080205 0.164294 0.019022 0.019022
1 0.017578 0.148438 0.014947 0.014947
1 0.158330 0.074450 0.019022 0.019022
1 0.177734 0.966797 0.014947 0.014947
1 0.183594 0.925781 0.014947 0.014947
