1 0.945439 0.955310 0.019022 0.019022
1 0.873174 0.799060 0.019022 0.019022
1 0.746220 0.767810 0.019022 0.019022
1 0.568486 0.713122 0.019022 0.019022
1 0.824345 0.627185 0.019022 0.019022
1 0.619267 0.609607 0.019022 0.019022
1 0.578252 0.566638 0.019022 0.019022
1 0.345830 0.494372 0.019022 0.019022
1 0.898564 0.441638 0.019022 0.019022
1 0.574345 0.396716 0.019022 0.019022
1 0.785156 0.146484 0.022475 0.022475
1 0.859502 0.103747 0.019022 0.019022
1 0.093877 0.078357 0.019022 0.019022
1 0.103642 0.027575 0.019022 0.019022
1 0.250127 0.017810 0.019022 0.019022
1 0.097783 0.580310 0.019022 0.019022
1 0.066533 0.506091 0.019022 0.019022
1 0.976614 0.681971 0.012369 0.012369
1 0.955078 0.580078 0.014947 0.014947
1 0.923955 0.424060 0.019022 0.019022
1 0.873174 0.976794 0.019022 0.019022
1 0.054688 0.300781 0.022475 0.022475
