1 0.386875 0.609585 0.026766 0.026766
1 0.736455 0.511950 0.019022 0.019022
1 0.964970 0.449450 0.019022 0.019022
1 0.709111 0.384997 0.019022 0.019022
1 0.160283 0.289294 0.019022 0.019022
1 0.238408 0.273669 0.019022 0.019022
1 0.816533 0.119372 0.019022 0.019022
1 0.705205 0.056872 0.019022 0.019022
1 0.759892 0.017810 0.019022 0.019022
1 0.806767 0.861560 0.019022 0.019022
1 0.908330 0.818591 0.019022 0.019022
1 0.773564 0.744372 0.019022 0.019022
1 0.904424 0.705310 0.019022 0.019022
1 0.894531 0.630859 0.022475 0.022475
1 0.652470 0.609607 0.019022 0.019022
1 0.658330 0.461169 0.019022 0.019022
1 0.326299 0.017810 0.019022 0.019022
1 0.252080 0.818591 0.019022 0.019022
1 0.066533 0.758044 0.019022 0.019022
1 0.312627 0.736560 0.019022 0.019022
1 0.054814 0.261950 0.019022 0.019022
1 0.115361 0.974841 0.019022 0.019022
1 0.154424 0.619372 0.019022 0.019022
1 0.408330 0.929919 0.019022 0.019022
1 0.990234 0.414062 0.014947 0.014947
1 0.990234 0.916016 0.014947 0.014947
1 0.921875 0.904297 0.022475 0.022475
1 0.886845 0.750232 0.019022 0.019022
1 0.562500 0.748047 0.014947 0.014947
1 0.841924 0.662341 0.019022 0.019022
1 0.644658 0.338122 0.019022 0.019022
1 0.367314 0.314685 0.019022 0.019022
1 0.652344 0.306641 0.022475 0.022475
1 0.433720 0.297107 0.019022 0.019022
1 0.792969 0.984375 0.014947 0.014947
1 0.828252 0.931872 0.019022 0.019022
1 0.523438 0.646484 0.022475 0.022475
1 0.482422 0.509766 0.022475 0.022475
1 0.300908 0.373278 0.019022 0.019022
1 0.294922 0.298828 0.022475 0.022475
1 0.277470 0.156482 0.019022 0.019022
1 0.392578 0.955078 0.014947 0.014947
