1 0.156377 0.722888 0.019022 0.019022
1 0.509817 0.902674 0.012369 0.012369
1 0.511770 0.918299 0.012369 0.012369
1 0.554739 0.863612 0.012369 0.012369
1 0.562552 0.849940 0.012369 0.012369
1 0.134817 0.984706 0.012369 0.012369
1 0.201224 0.986659 0.012369 0.012369
1 0.187552 0.967128 0.012369 0.012369
1 0.142630 0.920253 0.012369 0.012369
1 0.138724 0.902674 0.012369 0.012369
1 0.244192 0.736659 0.012369 0.012369
1 0.248099 0.756190 0.012369 0.012369
1 0.183645 0.793299 0.012369 0.012369
1 0.175833 0.801112 0.012369 0.012369
1 0.386770 0.754237 0.012369 0.012369
1 0.351614 0.756190 0.012369 0.012369
1 0.369192 0.754237 0.012369 0.012369
1 0.449270 0.867518 0.012369 0.012369
1 0.429739 0.871424 0.012369 0.012369
1 0.439505 0.887049 0.012369 0.012369
1 0.412161 0.916346 0.012369 0.012369
1 0.427786 0.924159 0.012369 0.012369
1 0.423880 0.939784 0.012369 0.012369
1 0.480520 0.990565 0.012369 0.012369
1 0.882892 0.994569 0.009978 0.009978
1 0.882864 0.984706 0.012369 0.012369
1 0.730520 0.902674 0.012369 0.012369
1 0.724661 0.883143 0.012369 0.012369
1 0.810599 0.890956 0.012369 0.012369
1 0.773489 0.941737 0.012369 0.012369
1 0.783255 0.955409 0.012369 0.012369
1 0.660208 0.822596 0.012369 0.012369
1 0.666067 0.803065 0.012369 0.012369
1 0.993501 0.875237 0.011557 0.011557
1 0.919974 0.789393 0.012369 0.012369
1 0.937552 0.795253 0.012369 0.012369
1 0.783255 0.553065 0.012369 0.012369
1 0.908255 0.590174 0.012369 0.012369
1 0.927786 0.592128 0.012369 0.012369
1 0.744192 0.088221 0.012369 0.012369
1 0.732474 0.068690 0.012369 0.012369
1 0.847708 0.176112 0.012369 0.012369
1 0.835989 0.160487 0.012369 0.012369
1 0.689505 0.222987 0.012369 0.012369
1 0.697317 0.209315 0.012369 0.012369
1 0.732474 0.207362 0.012369 0.012369
1 0.716849 0.199549 0.012369 0.012369
1 0.814505 0.160487 0.012369 0.012369
1 0.816458 0.178065 0.012369 0.012369
1 0.478567 0.162440 0.012369 0.012369
1 0.488333 0.174159 0.012369 0.012369
1 0.390677 0.135096 0.012369 0.012369
1 0.394583 0.121424 0.012369 0.012369
1 0.187552 0.041346 0.012369 0.012369
1 0.197317 0.045253 0.012369 0.012369
1 0.210989 0.051112 0.012369 0.012369
1 0.234427 0.074549 0.012369 0.012369
1 0.234427 0.094081 0.012369 0.012369
1 0.289114 0.156581 0.012369 0.012369
1 0.279349 0.197596 0.012369 0.012369
1 0.353567 0.115565 0.012369 0.012369
1 0.341849 0.123378 0.012369 0.012369
1 0.275442 0.105799 0.012369 0.012369
1 0.285208 0.121424 0.012369 0.012369
1 0.544974 0.113612 0.012369 0.012369
1 0.539114 0.086268 0.012369 0.012369
1 0.535208 0.101893 0.012369 0.012369
1 0.642630 0.113612 0.012369 0.012369
1 0.111380 0.238612 0.012369 0.012369
1 0.103567 0.222987 0.012369 0.012369
1 0.095755 0.209315 0.012369 0.012369
1 0.048880 0.349940 0.012369 0.012369
1 0.146536 0.199549 0.012369 0.012369
1 0.146536 0.215174 0.012369 0.012369
1 0.222708 0.365565 0.012369 0.012369
1 0.127005 0.533534 0.012369 0.012369
1 0.119192 0.517909 0.012369 0.012369
1 0.111380 0.529628 0.012369 0.012369
1 0.101614 0.537440 0.012369 0.012369
1 0.093802 0.547206 0.012369 0.012369
1 0.076224 0.555018 0.012369 0.012369
1 0.066458 0.580409 0.012369 0.012369
1 0.052786 0.586268 0.012369 0.012369
1 0.505911 0.326503 0.012369 0.012369
1 0.484427 0.328456 0.012369 0.012369
1 0.404349 0.283534 0.012369 0.012369
1 0.396536 0.295253 0.012369 0.012369
1 0.250052 0.289393 0.012369 0.012369
1 0.273489 0.295253 0.012369 0.012369
1 0.261770 0.303065 0.012369 0.012369
1 0.265677 0.281581 0.012369 0.012369
1 0.451224 0.365565 0.012369 0.012369
1 0.406302 0.371424 0.012369 0.012369
1 0.390677 0.381190 0.012369 0.012369
1 0.580130 0.338221 0.012369 0.012369
1 0.574270 0.357753 0.012369 0.012369
1 0.533255 0.402674 0.012369 0.012369
1 0.541067 0.385096 0.012369 0.012369
1 0.609427 0.514003 0.012369 0.012369
1 0.595755 0.517909 0.012369 0.012369
1 0.457083 0.635096 0.012369 0.012369
1 0.484427 0.635096 0.012369 0.012369
1 0.478567 0.650721 0.012369 0.012369
1 0.437552 0.588221 0.012369 0.012369
1 0.449270 0.578456 0.012369 0.012369
1 0.474661 0.568690 0.012369 0.012369
1 0.482474 0.551112 0.012369 0.012369
1 0.390677 0.566737 0.012369 0.012369
1 0.390677 0.588221 0.012369 0.012369
1 0.369192 0.584315 0.012369 0.012369
1 0.353567 0.582362 0.012369 0.012369
1 0.035208 0.500331 0.012369 0.012369
1 0.048880 0.502284 0.012369 0.012369
1 0.140677 0.420253 0.012369 0.012369
1 0.150442 0.437831 0.012369 0.012369
1 0.291067 0.496424 0.012369 0.012369
1 0.310599 0.506190 0.012369 0.012369
1 0.216849 0.555018 0.012369 0.012369
1 0.201224 0.549159 0.012369 0.012369
1 0.191458 0.560878 0.012369 0.012369
1 0.205130 0.568690 0.012369 0.012369
1 0.925833 0.947596 0.012369 0.012369
1 0.445312 0.833984 0.014947 0.014947
1 0.578125 0.458984 0.030378 0.030378
1 0.218802 0.342128 0.012369 0.012369
1 0.466968 0.947469 0.034741 0.034741
1 0.308594 0.390625 0.014947 0.014947
1 0.982422 0.218750 0.014947 0.014947
1 0.339844 0.009766 0.014947 0.014947
1 0.916067 0.984706 0.012369 0.012369
1 0.642630 0.849940 0.012369 0.012369
1 0.925781 0.433594 0.014947 0.014947
1 0.847656 0.400391 0.014947 0.014947
1 0.695312 0.250000 0.014947 0.014947
1 0.959111 0.191638 0.019022 0.019022
1 0.095703 0.101562 0.030378 0.030378
1 0.791067 0.906581 0.012369 0.012369
1 0.714844 0.716797 0.014947 0.014947
1 0.750000 0.478516 0.014947 0.014947
1 0.964970 0.369372 0.019022 0.019022
1 0.982474 0.164393 0.012369 0.012369
1 0.447266 0.058594 0.014947 0.014947
1 0.261719 0.968750 0.014947 0.014947
1 0.041016 0.958984 0.014947 0.014947
1 0.417969 0.845703 0.014947 0.014947
1 0.435547 0.761719 0.014947 0.014947
1 0.492314 0.580310 0.019022 0.019022
1 0.033203 0.398438 0.014947 0.014947
1 0.685547 0.298828 0.006233 0.006233
1 0.294974 0.139003 0.012369 0.012369
1 0.718802 0.928065 0.012369 0.012369
1 0.957031 0.910156 0.022475 0.022475
1 0.621145 0.617518 0.012369 0.012369
1 0.984375 0.482422 0.022475 0.022475
1 0.855520 0.472987 0.012369 0.012369
1 0.777395 0.441737 0.012369 0.012369
1 0.607422 0.242188 0.022475 0.022475
1 0.396536 0.082362 0.012369 0.012369
1 0.982422 0.054688 0.014947 0.014947
1 0.740234 0.046875 0.014947 0.014947
1 0.345703 0.041016 0.014947 0.014947
1 0.794922 0.029297 0.014947 0.014947
1 0.095860 0.945522 0.026766 0.026766
1 0.048828 0.873047 0.022475 0.022475
1 0.847813 0.691616 0.026766 0.026766
1 0.650442 0.668299 0.012369 0.012369
1 0.683645 0.660487 0.012369 0.012369
1 0.332083 0.668299 0.012369 0.012369
1 0.990286 0.662440 0.012369 0.012369
1 0.554739 0.625331 0.012369 0.012369
1 0.859427 0.582362 0.012369 0.012369
1 0.800833 0.566737 0.012369 0.012369
1 0.849736 0.509997 0.019022 0.019022
1 0.722656 0.500000 0.014947 0.014947
1 0.591849 0.480799 0.012369 0.012369
1 0.357474 0.439784 0.012369 0.012369
1 0.328125 0.433594 0.014947 0.014947
1 0.365286 0.422206 0.012369 0.012369
1 0.904349 0.404628 0.012369 0.012369
1 0.640625 0.396484 0.014947 0.014947
1 0.121145 0.398768 0.012369 0.012369
1 0.923880 0.392909 0.012369 0.012369
1 0.300833 0.383143 0.012369 0.012369
1 0.875000 0.375000 0.014947 0.014947
1 0.847656 0.355469 0.014947 0.014947
1 0.908255 0.359706 0.012369 0.012369
1 0.845755 0.342128 0.012369 0.012369
1 0.919974 0.334315 0.012369 0.012369
1 0.310599 0.318690 0.012369 0.012369
1 0.820364 0.314784 0.012369 0.012369
1 0.378958 0.297206 0.012369 0.012369
1 0.792969 0.267578 0.014947 0.014947
1 0.671927 0.258143 0.012369 0.012369
1 0.824270 0.254237 0.012369 0.012369
1 0.152470 0.244372 0.019022 0.019022
1 0.960938 0.234375 0.014947 0.014947
1 0.558594 0.228516 0.014947 0.014947
1 0.888724 0.224940 0.012369 0.012369
1 0.255911 0.203456 0.012369 0.012369
1 0.414062 0.197266 0.014947 0.014947
1 0.558594 0.187500 0.014947 0.014947
1 0.277395 0.181971 0.012369 0.012369
1 0.091797 0.167969 0.022475 0.022475
1 0.955078 0.152344 0.014947 0.014947
1 0.970755 0.131190 0.012369 0.012369
1 0.951172 0.105469 0.014947 0.014947
1 0.328177 0.103846 0.012369 0.012369
1 0.835938 0.093750 0.014947 0.014947
1 0.935599 0.092128 0.012369 0.012369
1 0.441458 0.088221 0.012369 0.012369
1 0.914062 0.080078 0.014947 0.014947
1 0.462942 0.076503 0.012369 0.012369
1 0.421875 0.074219 0.014947 0.014947
1 0.601562 0.070312 0.014947 0.014947
1 0.957031 0.062500 0.014947 0.014947
1 0.509766 0.048828 0.014947 0.014947
1 0.384766 0.031250 0.014947 0.014947
1 0.064505 0.027674 0.012369 0.012369
1 0.650391 0.027344 0.014947 0.014947
1 0.587891 0.025391 0.014947 0.014947
1 0.513672 0.021484 0.014947 0.014947
1 0.341924 0.957263 0.019022 0.019022
1 0.875052 0.900721 0.012369 0.012369
1 0.822317 0.871424 0.012369 0.012369
1 0.937500 0.859375 0.014947 0.014947
1 0.365234 0.824219 0.014947 0.014947
1 0.527500 0.824428 0.026766 0.026766
1 0.939453 0.814453 0.014947 0.014947
1 0.084036 0.717128 0.012369 0.012369
1 0.587891 0.697266 0.014947 0.014947
1 0.648489 0.685878 0.012369 0.012369
1 0.753958 0.662440 0.012369 0.012369
1 0.560599 0.644862 0.012369 0.012369
1 0.958984 0.640625 0.014947 0.014947
1 0.810547 0.623047 0.014947 0.014947
1 0.865286 0.615565 0.012369 0.012369
1 0.843750 0.603516 0.014947 0.014947
1 0.578125 0.593750 0.014947 0.014947
1 0.634892 0.584216 0.019022 0.019022
1 0.960938 0.574219 0.014947 0.014947
1 0.681641 0.546875 0.014947 0.014947
1 0.861380 0.539393 0.012369 0.012369
1 0.488333 0.521815 0.012369 0.012369
1 0.064580 0.523669 0.019022 0.019022
1 0.707031 0.517578 0.014947 0.014947
1 0.873099 0.508143 0.012369 0.012369
1 0.968750 0.505859 0.014947 0.014947
1 0.486380 0.504237 0.012369 0.012369
1 0.820364 0.494471 0.012369 0.012369
1 0.507864 0.488612 0.012369 0.012369
1 0.964895 0.480799 0.012369 0.012369
1 0.910156 0.466797 0.014947 0.014947
1 0.271484 0.457031 0.014947 0.014947
1 0.429688 0.455078 0.014947 0.014947
1 0.603516 0.447266 0.014947 0.014947
1 0.427786 0.424159 0.012369 0.012369
1 0.666016 0.414062 0.014947 0.014947
1 0.712942 0.410487 0.012369 0.012369
1 0.363333 0.402674 0.012369 0.012369
1 0.767578 0.373047 0.014947 0.014947
1 0.933594 0.369141 0.014947 0.014947
1 0.328177 0.367518 0.012369 0.012369
1 0.550781 0.363281 0.014947 0.014947
1 0.347656 0.349609 0.014947 0.014947
1 0.308645 0.344081 0.012369 0.012369
1 0.701224 0.340174 0.012369 0.012369
1 0.431641 0.330078 0.014947 0.014947
1 0.617188 0.324219 0.014947 0.014947
1 0.958984 0.318359 0.014947 0.014947
1 0.158203 0.304688 0.014947 0.014947
1 0.910283 0.301013 0.019022 0.019022
1 0.320312 0.296875 0.014947 0.014947
1 0.746094 0.294922 0.014947 0.014947
1 0.587891 0.294922 0.014947 0.014947
1 0.841797 0.285156 0.014947 0.014947
1 0.869141 0.242188 0.014947 0.014947
1 0.089895 0.236659 0.012369 0.012369
1 0.910156 0.230469 0.014947 0.014947
1 0.398438 0.228516 0.014947 0.014947
1 0.587942 0.224940 0.012369 0.012369
1 0.507812 0.218750 0.014947 0.014947
1 0.548880 0.215174 0.012369 0.012369
1 0.166016 0.201172 0.014947 0.014947
1 0.482474 0.191737 0.012369 0.012369
1 0.460938 0.181641 0.014947 0.014947
1 0.621094 0.179688 0.014947 0.014947
1 0.509766 0.179688 0.014947 0.014947
1 0.226562 0.167969 0.014947 0.014947
1 0.759766 0.166016 0.014947 0.014947
1 0.548828 0.156250 0.014947 0.014947
1 0.652344 0.150391 0.014947 0.014947
1 0.623047 0.152344 0.014947 0.014947
1 0.511719 0.148438 0.014947 0.014947
1 0.023438 0.148438 0.014947 0.014947
1 0.714895 0.144862 0.012369 0.012369
1 0.007864 0.131190 0.012369 0.012369
1 0.257812 0.130859 0.014947 0.014947
1 0.705130 0.127284 0.012369 0.012369
1 0.671875 0.126953 0.014947 0.014947
1 0.191406 0.123047 0.014947 0.014947
1 0.728516 0.117188 0.014947 0.014947
1 0.128906 0.105469 0.014947 0.014947
1 0.052734 0.082031 0.014947 0.014947
1 0.687500 0.082031 0.014947 0.014947
1 0.574219 0.062500 0.014947 0.014947
1 0.066406 0.060547 0.014947 0.014947
1 0.257812 0.048828 0.014947 0.014947
1 0.398489 0.045253 0.012369 0.012369
1 0.847656 0.039062 0.014947 0.014947
1 0.033255 0.037440 0.012369 0.012369
1 0.308594 0.035156 0.014947 0.014947
1 0.916016 0.029297 0.014947 0.014947
1 0.136719 0.017578 0.014947 0.014947
1 0.453125 0.011719 0.014947 0.014947
1 0.363281 0.004883 0.011662 0.011662
1 0.974609 0.991718 0.014452 0.014452
1 0.972656 0.955078 0.014947 0.014947
1 0.880911 0.922206 0.012369 0.012369
1 0.068359 0.921875 0.014947 0.014947
1 0.941406 0.841797 0.014947 0.014947
1 0.808645 0.822596 0.012369 0.012369
1 0.419974 0.803065 0.012369 0.012369
1 0.820312 0.802734 0.022475 0.022475
1 0.638724 0.764003 0.012369 0.012369
1 0.755859 0.763672 0.014947 0.014947
1 0.939453 0.740234 0.014947 0.014947
1 0.595755 0.740565 0.012369 0.012369
1 0.437552 0.736659 0.012369 0.012369
1 0.275391 0.718750 0.014947 0.014947
1 0.873047 0.699219 0.014947 0.014947
1 0.750000 0.689453 0.014947 0.014947
1 0.101562 0.687500 0.014947 0.014947
1 0.318411 0.678065 0.012369 0.012369
1 0.576224 0.676112 0.012369 0.012369
1 0.902344 0.673828 0.014947 0.014947
1 0.835938 0.656250 0.014947 0.014947
1 0.652344 0.644531 0.014947 0.014947
1 0.291067 0.642909 0.012369 0.012369
1 0.509766 0.630859 0.014947 0.014947
1 0.771484 0.625000 0.014947 0.014947
1 0.949219 0.615234 0.014947 0.014947
1 0.443411 0.613612 0.012369 0.012369
1 0.500000 0.611328 0.014947 0.014947
1 0.044922 0.603516 0.006233 0.006233
1 0.820312 0.599609 0.014947 0.014947
1 0.257812 0.593750 0.014947 0.014947
1 0.796875 0.589844 0.014947 0.014947
1 0.085989 0.586268 0.012369 0.012369
1 0.681692 0.568690 0.012369 0.012369
1 0.287161 0.558924 0.012369 0.012369
1 0.640625 0.552734 0.014947 0.014947
1 0.527344 0.552734 0.014947 0.014947
1 0.271536 0.545253 0.012369 0.012369
1 0.650391 0.519531 0.014947 0.014947
1 0.814453 0.515625 0.014947 0.014947
1 0.240391 0.519741 0.026766 0.026766
1 0.519531 0.511719 0.014947 0.014947
1 0.775391 0.500000 0.014947 0.014947
1 0.164114 0.488612 0.012369 0.012369
1 0.070364 0.494471 0.012369 0.012369
1 0.125000 0.486328 0.014947 0.014947
1 0.625127 0.465075 0.019022 0.019022
1 0.179688 0.458984 0.014947 0.014947
1 0.726562 0.441406 0.014947 0.014947
1 0.882812 0.441406 0.014947 0.014947
1 0.529424 0.441638 0.019022 0.019022
1 0.408203 0.433594 0.014947 0.014947
1 0.755859 0.427734 0.014947 0.014947
1 0.623047 0.425781 0.014947 0.014947
1 0.220703 0.402344 0.014947 0.014947
1 0.529297 0.349609 0.014947 0.014947
1 0.019583 0.344081 0.012369 0.012369
1 0.728516 0.339844 0.014947 0.014947
1 0.285156 0.335938 0.014947 0.014947
1 0.261719 0.328125 0.014947 0.014947
1 0.093750 0.326172 0.014947 0.014947
1 0.755911 0.318690 0.012369 0.012369
1 0.078125 0.304688 0.014947 0.014947
1 0.453125 0.287109 0.014947 0.014947
1 0.501953 0.285156 0.014947 0.014947
1 0.130859 0.279297 0.014947 0.014947
1 0.345703 0.275391 0.014947 0.014947
1 0.203125 0.273438 0.014947 0.014947
1 0.107422 0.267578 0.014947 0.014947
1 0.056641 0.263672 0.014947 0.014947
1 0.039062 0.248047 0.014947 0.014947
1 0.363281 0.240234 0.014947 0.014947
1 0.228516 0.236328 0.014947 0.014947
1 0.296875 0.232422 0.014947 0.014947
1 0.474609 0.228516 0.014947 0.014947
1 0.121094 0.197266 0.014947 0.014947
1 0.058645 0.195643 0.012369 0.012369
1 0.390625 0.164062 0.014947 0.014947
1 0.041067 0.164393 0.012369 0.012369
1 0.251953 0.156250 0.014947 0.014947
1 0.689453 0.984375 0.014947 0.014947
1 0.246145 0.984706 0.012369 0.012369
1 0.599661 0.980799 0.012369 0.012369
1 0.574219 0.962891 0.014947 0.014947
1 0.304739 0.963221 0.012369 0.012369
1 0.539114 0.959315 0.012369 0.012369
1 0.062552 0.949549 0.012369 0.012369
1 0.843750 0.951172 0.014947 0.014947
1 0.763724 0.926112 0.012369 0.012369
1 0.677734 0.917969 0.014947 0.014947
1 0.347656 0.917969 0.014947 0.014947
1 0.255859 0.908203 0.014947 0.014947
1 0.062500 0.902344 0.014947 0.014947
1 0.281250 0.902344 0.014947 0.014947
1 0.929688 0.900391 0.014947 0.014947
1 0.841797 0.902344 0.014947 0.014947
1 0.529349 0.898768 0.012369 0.012369
1 0.363281 0.898438 0.014947 0.014947
1 0.496094 0.882812 0.014947 0.014947
1 0.617188 0.878906 0.014947 0.014947
1 0.478567 0.869471 0.012369 0.012369
1 0.341924 0.865466 0.019022 0.019022
1 0.191458 0.863612 0.012369 0.012369
1 0.914062 0.857422 0.014947 0.014947
1 0.867188 0.857422 0.014947 0.014947
1 0.209036 0.847987 0.012369 0.012369
1 0.986328 0.816406 0.014947 0.014947
1 0.572392 0.812732 0.019022 0.019022
1 0.630859 0.808594 0.014947 0.014947
1 0.500000 0.800781 0.014947 0.014947
1 0.312500 0.787109 0.014947 0.014947
1 0.621094 0.781250 0.014947 0.014947
1 0.666016 0.769531 0.014947 0.014947
1 0.193411 0.765956 0.012369 0.012369
1 0.585938 0.763672 0.014947 0.014947
1 0.720703 0.753906 0.014947 0.014947
1 0.410156 0.748047 0.014947 0.014947
1 0.269583 0.744471 0.012369 0.012369
1 0.070312 0.744141 0.014947 0.014947
1 0.638672 0.732422 0.014947 0.014947
1 0.376953 0.722656 0.014947 0.014947
1 0.668095 0.715075 0.019022 0.019022
1 0.191406 0.716797 0.022475 0.022475
1 0.550781 0.707031 0.014947 0.014947
1 0.423828 0.695312 0.014947 0.014947
1 0.271484 0.695312 0.014947 0.014947
1 0.177734 0.662109 0.014947 0.014947
1 0.605595 0.662341 0.019022 0.019022
1 0.398438 0.662109 0.014947 0.014947
1 0.732474 0.646815 0.012369 0.012369
1 0.345703 0.628906 0.014947 0.014947
1 0.537161 0.609706 0.012369 0.012369
1 0.662109 0.605469 0.014947 0.014947
1 0.164062 0.601562 0.014947 0.014947
1 0.138672 0.593750 0.014947 0.014947
1 0.335938 0.542969 0.014947 0.014947
1 0.033203 0.537109 0.014947 0.014947
1 0.335938 0.509766 0.014947 0.014947
1 0.208984 0.500000 0.014947 0.014947
1 0.093750 0.480469 0.014947 0.014947
1 0.044922 0.447266 0.014947 0.014947
1 0.197266 0.427734 0.014947 0.014947
1 0.007864 0.390956 0.012369 0.012369
1 0.177734 0.380859 0.014947 0.014947
1 0.146484 0.375000 0.014947 0.014947
1 0.259892 0.361560 0.019022 0.019022
1 0.179688 0.339844 0.014947 0.014947
1 0.560674 0.304919 0.019022 0.019022
1 0.009766 0.021484 0.014947 0.014947
1 0.291077 0.993625 0.011345 0.011345
1 0.013672 0.970703 0.014947 0.014947
1 0.160156 0.951172 0.014947 0.014947
1 0.240234 0.945312 0.014947 0.014947
1 0.300833 0.935878 0.012369 0.012369
1 0.371094 0.929688 0.014947 0.014947
1 0.535156 0.925781 0.014947 0.014947
1 0.044974 0.928065 0.012369 0.012369
1 0.599736 0.918200 0.019022 0.019022
1 0.216797 0.908203 0.014947 0.014947
1 0.689453 0.886719 0.014947 0.014947
1 0.085938 0.869141 0.014947 0.014947
1 0.376953 0.865234 0.014947 0.014947
1 0.291016 0.843750 0.014947 0.014947
1 0.404297 0.818359 0.014947 0.014947
1 0.308720 0.816638 0.019022 0.019022
1 0.892705 0.799060 0.019022 0.019022
1 0.087891 0.792969 0.014947 0.014947
1 0.160156 0.785156 0.014947 0.014947
1 0.117188 0.726562 0.014947 0.014947
1 0.039062 0.712891 0.014947 0.014947
1 0.306767 0.582263 0.019022 0.019022
1 0.121094 0.576172 0.014947 0.014947
1 0.005911 0.810878 0.012369 0.012369
1 0.316533 0.744372 0.019022 0.019022
