1 0.976614 0.560878 0.012369 0.012369
1 0.919974 0.474940 0.012369 0.012369
1 0.279424 0.213122 0.019022 0.019022
1 0.609502 0.172107 0.019022 0.019022
1 0.189580 0.144763 0.019022 0.019022
1 0.679688 0.048828 0.014947 0.014947
1 0.775442 0.459315 0.012369 0.012369
1 0.855469 0.365234 0.014947 0.014947
1 0.630859 0.109375 0.014947 0.014947
1 0.615286 0.019862 0.012369 0.012369
1 0.308645 0.939784 0.012369 0.012369
1 0.718750 0.779297 0.014947 0.014947
1 0.744267 0.625232 0.019022 0.019022
1 0.224609 0.562500 0.014947 0.014947
1 0.787161 0.517909 0.012369 0.012369
1 0.330078 0.390625 0.014947 0.014947
1 0.708984 0.357422 0.014947 0.014947
1 0.043095 0.314685 0.019022 0.019022
1 0.726562 0.281250 0.014947 0.014947
1 0.478567 0.279628 0.012369 0.012369
1 0.677786 0.236659 0.012369 0.012369
1 0.595703 0.205078 0.014947 0.014947
1 0.505859 0.054688 0.014947 0.014947
1 0.099609 0.054688 0.014947 0.014947
1 0.410156 0.951172 0.022475 0.022475
1 0.242314 0.843982 0.019022 0.019022
1 0.144531 0.841797 0.014947 0.014947
1 0.970703 0.833984 0.014947 0.014947
1 0.908255 0.789393 0.012369 0.012369
1 0.546875 0.726562 0.014947 0.014947
1 0.265677 0.726893 0.012369 0.012369
1 0.890625 0.685547 0.006233 0.006233
1 0.738281 0.480469 0.014947 0.014947
1 0.207031 0.283203 0.022475 0.022475
1 0.252110 0.166225 0.026766 0.026766
1 0.345703 0.158203 0.022475 0.022475
1 0.582158 0.109607 0.019022 0.019022
1 0.496145 0.078456 0.012369 0.012369
1 0.375052 0.012049 0.012369 0.012369
1 0.900442 0.953456 0.012369 0.012369
1 0.839895 0.933924 0.012369 0.012369
1 0.677734 0.580078 0.014947 0.014947
1 0.689453 0.519531 0.014947 0.014947
1 0.166067 0.504237 0.012369 0.012369
1 0.603567 0.445643 0.012369 0.012369
1 0.560547 0.439453 0.014947 0.014947
1 0.787236 0.424060 0.019022 0.019022
1 0.021484 0.404297 0.014947 0.014947
1 0.015677 0.385096 0.012369 0.012369
1 0.832031 0.240234 0.006233 0.006233
1 0.478516 0.195312 0.014947 0.014947
1 0.494267 0.164294 0.019022 0.019022
1 0.378906 0.064453 0.014947 0.014947
1 0.404297 0.037109 0.014947 0.014947
1 0.326172 0.019531 0.014947 0.014947
1 0.701172 0.865234 0.014947 0.014947
1 0.218802 0.853846 0.012369 0.012369
1 0.830130 0.826503 0.012369 0.012369
1 0.693359 0.798828 0.014947 0.014947
1 0.603516 0.642578 0.014947 0.014947
1 0.556692 0.594081 0.012369 0.012369
1 0.388724 0.447596 0.012369 0.012369
1 0.363281 0.371094 0.014947 0.014947
1 0.277344 0.369141 0.014947 0.014947
1 0.414062 0.361328 0.014947 0.014947
1 0.279297 0.345703 0.014947 0.014947
1 0.486328 0.324219 0.014947 0.014947
1 0.341849 0.283534 0.012369 0.012369
1 0.355520 0.230799 0.012369 0.012369
1 0.222656 0.208984 0.014947 0.014947
1 0.023489 0.144862 0.012369 0.012369
1 0.072317 0.041346 0.012369 0.012369
1 0.658203 0.988281 0.014947 0.014947
1 0.804688 0.931641 0.014947 0.014947
1 0.646536 0.916346 0.012369 0.012369
1 0.537161 0.904628 0.012369 0.012369
1 0.744141 0.869141 0.014947 0.014947
1 0.626953 0.789062 0.014947 0.014947
1 0.224661 0.785487 0.012369 0.012369
1 0.748174 0.779528 0.019022 0.019022
1 0.662109 0.656250 0.014947 0.014947
1 0.960989 0.619471 0.012369 0.012369
1 0.589844 0.615234 0.014947 0.014947
1 0.255859 0.611328 0.014947 0.014947
1 0.480469 0.531250 0.022475 0.022475
1 0.357474 0.523768 0.012369 0.012369
1 0.335938 0.523438 0.014947 0.014947
1 0.420049 0.517810 0.019022 0.019022
1 0.390677 0.512049 0.012369 0.012369
1 0.255911 0.515956 0.012369 0.012369
1 0.402344 0.466797 0.014947 0.014947
1 0.392705 0.406482 0.019022 0.019022
1 0.076172 0.402344 0.014947 0.014947
1 0.417969 0.384766 0.014947 0.014947
1 0.234427 0.377284 0.012369 0.012369
1 0.162161 0.363612 0.012369 0.012369
1 0.455078 0.316406 0.014947 0.014947
1 0.365286 0.269862 0.012369 0.012369
1 0.302734 0.248047 0.014947 0.014947
1 0.193411 0.219081 0.012369 0.012369
1 0.068359 0.210938 0.014947 0.014947
1 0.140625 0.167969 0.014947 0.014947
1 0.097656 0.160156 0.014947 0.014947
1 0.211064 0.021716 0.019022 0.019022
1 0.314505 0.971034 0.012369 0.012369
1 0.152344 0.945312 0.014947 0.014947
1 0.185599 0.924159 0.012369 0.012369
1 0.431641 0.929688 0.014947 0.014947
1 0.017705 0.922107 0.019022 0.019022
1 0.347708 0.885096 0.012369 0.012369
1 0.529349 0.842128 0.012369 0.012369
1 0.335989 0.822596 0.012369 0.012369
1 0.111380 0.775721 0.012369 0.012369
1 0.330078 0.773438 0.014947 0.014947
1 0.959036 0.769862 0.012369 0.012369
1 0.082083 0.756190 0.012369 0.012369
1 0.578177 0.697596 0.012369 0.012369
1 0.556641 0.667969 0.014947 0.014947
1 0.335938 0.666016 0.014947 0.014947
1 0.437627 0.664294 0.019022 0.019022
1 0.126953 0.527344 0.014947 0.014947
1 0.101614 0.512049 0.012369 0.012369
1 0.033203 0.507812 0.014947 0.014947
1 0.511719 0.439453 0.022475 0.022475
1 0.316458 0.330409 0.012369 0.012369
1 0.716849 0.306971 0.012369 0.012369
1 0.187552 0.303065 0.012369 0.012369
1 0.117188 0.208984 0.014947 0.014947
1 0.379033 0.967028 0.019022 0.019022
1 0.183594 0.955078 0.014947 0.014947
1 0.271484 0.943359 0.014947 0.014947
1 0.160208 0.883143 0.012369 0.012369
1 0.115361 0.881091 0.019022 0.019022
1 0.218750 0.804688 0.014947 0.014947
1 0.126953 0.798828 0.014947 0.014947
1 0.273438 0.789062 0.014947 0.014947
1 0.031250 0.773438 0.022475 0.022475
1 0.449345 0.754138 0.019022 0.019022
1 0.220703 0.705078 0.014947 0.014947
1 0.013672 0.699219 0.014947 0.014947
1 0.410156 0.679688 0.022475 0.022475
1 0.378958 0.043299 0.012369 0.012369
1 0.363281 0.988281 0.014947 0.014947
1 0.080078 0.828125 0.014947 0.014947
1 0.158203 0.720703 0.022475 0.022475
1 0.720755 0.586268 0.012369 0.012369
1 0.527395 0.197596 0.012369 0.012369
1 0.382812 0.882812 0.022475 0.022475
1 0.042969 0.691406 0.030378 0.030378
1 0.410156 0.285156 0.006233 0.006233
1 0.443411 0.250331 0.012369 0.012369
1 0.619192 0.885096 0.012369 0.012369
1 0.181692 0.459315 0.012369 0.012369
1 0.246094 0.439453 0.006233 0.006233
1 0.296927 0.869471 0.012369 0.012369
1 0.343802 0.849940 0.012369 0.012369
1 0.283255 0.551112 0.012369 0.012369
1 0.478567 0.988612 0.012369 0.012369
1 0.039114 0.935878 0.012369 0.012369
