1 0.101562 0.173828 0.014947 0.014947
1 0.203125 0.158203 0.014947 0.014947
1 0.083984 0.162109 0.014947 0.014947
1 0.804688 0.144531 0.014947 0.014947
1 0.441458 0.140956 0.012369 0.012369
1 0.359427 0.133143 0.012369 0.012369
1 0.537109 0.121094 0.014947 0.014947
1 0.859502 0.109607 0.019022 0.019022
1 0.705205 0.111560 0.019022 0.019022
1 0.433594 0.107422 0.014947 0.014947
1 0.591849 0.097987 0.012369 0.012369
1 0.257939 0.097888 0.019022 0.019022
1 0.802734 0.083984 0.014947 0.014947
1 0.490286 0.080409 0.012369 0.012369
1 0.201172 0.078125 0.014947 0.014947
1 0.380859 0.076172 0.014947 0.014947
1 0.136770 0.066737 0.012369 0.012369
1 0.275517 0.062732 0.019022 0.019022
1 0.529297 0.056641 0.014947 0.014947
1 0.328125 0.054688 0.014947 0.014947
1 0.072392 0.049060 0.019022 0.019022
1 0.796875 0.044922 0.014947 0.014947
1 0.380859 0.023438 0.014947 0.014947
1 0.660156 0.011719 0.014947 0.014947
1 0.787161 0.006190 0.012369 0.012369
1 0.431641 0.004883 0.011662 0.011662
1 0.289062 0.006329 0.014452 0.014452
1 0.132812 0.945312 0.014947 0.014947
1 0.875000 0.935547 0.014947 0.014947
1 0.546875 0.927734 0.014947 0.014947
1 0.144583 0.912440 0.012369 0.012369
1 0.921875 0.878906 0.014947 0.014947
1 0.716797 0.837891 0.014947 0.014947
1 0.015625 0.828125 0.014947 0.014947
1 0.993501 0.824455 0.011557 0.011557
1 0.468750 0.812500 0.014947 0.014947
1 0.945439 0.802966 0.019022 0.019022
1 0.312552 0.805018 0.012369 0.012369
1 0.306692 0.785487 0.012369 0.012369
1 0.439505 0.773768 0.012369 0.012369
1 0.478516 0.771484 0.030378 0.030378
1 0.642578 0.751953 0.014947 0.014947
1 0.773438 0.740234 0.014947 0.014947
1 0.703125 0.734375 0.014947 0.014947
1 0.542969 0.732422 0.014947 0.014947
1 0.509817 0.736659 0.012369 0.012369
1 0.658255 0.730799 0.012369 0.012369
1 0.011719 0.699219 0.014947 0.014947
1 0.423880 0.670253 0.012369 0.012369
1 0.185547 0.654297 0.014947 0.014947
1 0.582083 0.640956 0.012369 0.012369
1 0.302786 0.640956 0.012369 0.012369
1 0.636770 0.629237 0.012369 0.012369
1 0.162161 0.623378 0.012369 0.012369
1 0.584036 0.619471 0.012369 0.012369
1 0.771536 0.603846 0.012369 0.012369
1 0.662109 0.599609 0.014947 0.014947
1 0.564453 0.585938 0.014947 0.014947
1 0.367239 0.568690 0.012369 0.012369
1 0.341797 0.552734 0.014947 0.014947
1 0.566406 0.546875 0.014947 0.014947
1 0.847708 0.545253 0.012369 0.012369
1 0.021484 0.544922 0.014947 0.014947
1 0.667969 0.525391 0.014947 0.014947
1 0.580130 0.519862 0.012369 0.012369
1 0.621094 0.515625 0.014947 0.014947
1 0.357422 0.511719 0.014947 0.014947
1 0.324219 0.513672 0.014947 0.014947
1 0.136719 0.498047 0.014947 0.014947
1 0.314453 0.488281 0.014947 0.014947
1 0.199219 0.464844 0.014947 0.014947
1 0.031250 0.462891 0.014947 0.014947
1 0.703125 0.447266 0.014947 0.014947
1 0.199270 0.430018 0.012369 0.012369
1 0.347708 0.424159 0.012369 0.012369
1 0.259817 0.422206 0.012369 0.012369
1 0.542969 0.417969 0.014947 0.014947
1 0.470830 0.416247 0.019022 0.019022
1 0.185599 0.392909 0.012369 0.012369
1 0.435547 0.388672 0.014947 0.014947
1 0.494141 0.371094 0.014947 0.014947
1 0.416016 0.369141 0.014947 0.014947
1 0.310547 0.361328 0.014947 0.014947
1 0.250000 0.359375 0.014947 0.014947
1 0.027344 0.357422 0.014947 0.014947
1 0.162109 0.343750 0.014947 0.014947
1 0.810547 0.339844 0.014947 0.014947
1 0.562500 0.333984 0.014947 0.014947
1 0.091797 0.335938 0.014947 0.014947
1 0.509766 0.324219 0.014947 0.014947
1 0.341797 0.312500 0.014947 0.014947
1 0.025442 0.306971 0.012369 0.012369
1 0.892705 0.273669 0.019022 0.019022
1 0.240361 0.263903 0.019022 0.019022
1 0.660156 0.257812 0.014947 0.014947
1 0.476562 0.255859 0.022475 0.022475
1 0.857422 0.230469 0.014947 0.014947
1 0.144531 0.169922 0.014947 0.014947
1 0.748047 0.146484 0.014947 0.014947
1 0.802734 0.687500 0.014947 0.014947
1 0.966797 0.693359 0.022475 0.022475
1 0.810547 0.939453 0.014947 0.014947
1 0.968802 0.953456 0.012369 0.012369
1 0.509817 0.014003 0.012369 0.012369
1 0.927786 0.992518 0.012369 0.012369
1 0.585938 0.982422 0.014947 0.014947
1 0.500052 0.949549 0.012369 0.012369
1 0.468750 0.951172 0.014947 0.014947
1 0.697266 0.935547 0.014947 0.014947
1 0.437552 0.924159 0.012369 0.012369
1 0.632939 0.894763 0.019022 0.019022
1 0.377005 0.890956 0.012369 0.012369
1 0.726614 0.877284 0.012369 0.012369
1 0.004738 0.867332 0.011452 0.011452
1 0.177734 0.857422 0.014947 0.014947
1 0.146611 0.853747 0.019022 0.019022
1 0.337891 0.851562 0.014947 0.014947
1 0.611380 0.847987 0.012369 0.012369
1 0.640625 0.847656 0.014947 0.014947
1 0.392630 0.847987 0.012369 0.012369
1 0.183594 0.837891 0.014947 0.014947
1 0.279297 0.833984 0.014947 0.014947
1 0.363281 0.802734 0.014947 0.014947
1 0.453177 0.791346 0.012369 0.012369
1 0.974736 0.791247 0.019022 0.019022
1 0.863408 0.783435 0.019022 0.019022
1 0.359427 0.777674 0.012369 0.012369
1 0.556641 0.771484 0.014947 0.014947
1 0.232474 0.738612 0.012369 0.012369
1 0.470755 0.732753 0.012369 0.012369
1 0.054688 0.718750 0.014947 0.014947
1 0.388799 0.697497 0.019022 0.019022
1 0.328125 0.679688 0.014947 0.014947
1 0.027344 0.671875 0.014947 0.014947
1 0.419922 0.636719 0.014947 0.014947
1 0.363333 0.609706 0.012369 0.012369
1 0.099661 0.601893 0.012369 0.012369
1 0.841797 0.583984 0.014947 0.014947
1 0.041016 0.560547 0.014947 0.014947
1 0.242314 0.560778 0.019022 0.019022
1 0.160283 0.539294 0.019022 0.019022
1 0.113281 0.539062 0.014947 0.014947
1 0.517578 0.523438 0.014947 0.014947
1 0.093750 0.513672 0.014947 0.014947
1 0.183594 0.482422 0.014947 0.014947
1 0.164114 0.426112 0.012369 0.012369
1 0.515625 0.412109 0.014947 0.014947
1 0.388672 0.373047 0.014947 0.014947
1 0.117188 0.359375 0.014947 0.014947
1 0.160156 0.986328 0.014947 0.014947
1 0.394583 0.961268 0.012369 0.012369
1 0.746094 0.958984 0.014947 0.014947
1 0.417969 0.945312 0.014947 0.014947
1 0.326224 0.933924 0.012369 0.012369
1 0.199219 0.927734 0.014947 0.014947
1 0.222656 0.917969 0.014947 0.014947
1 0.085938 0.912109 0.014947 0.014947
1 0.556767 0.898669 0.019022 0.019022
1 0.009817 0.892909 0.012369 0.012369
1 0.441533 0.834216 0.019022 0.019022
1 0.279297 0.810547 0.014947 0.014947
1 0.019531 0.787109 0.014947 0.014947
1 0.224609 0.771484 0.014947 0.014947
1 0.304688 0.687500 0.014947 0.014947
1 0.004738 0.664207 0.011452 0.011452
1 0.068359 0.621094 0.014947 0.014947
1 0.261845 0.595935 0.019022 0.019022
1 0.419922 0.974609 0.014947 0.014947
1 0.244141 0.962891 0.014947 0.014947
1 0.218750 0.816406 0.014947 0.014947
1 0.070312 0.748047 0.014947 0.014947
1 0.474736 0.549060 0.019022 0.019022
1 0.115234 0.425781 0.030378 0.030378
1 0.130986 0.623278 0.019022 0.019022
1 0.834036 0.338221 0.012369 0.012369
1 0.111380 0.236659 0.012369 0.012369
1 0.109427 0.217128 0.012369 0.012369
1 0.117239 0.105799 0.012369 0.012369
1 0.130911 0.099940 0.012369 0.012369
1 0.863438 0.472866 0.026766 0.026766
1 0.798880 0.422206 0.012369 0.012369
1 0.285283 0.236560 0.019022 0.019022
1 0.400391 0.898438 0.014947 0.014947
1 0.613333 0.767909 0.012369 0.012369
1 0.896536 0.715174 0.012369 0.012369
1 0.718802 0.576503 0.012369 0.012369
1 0.402344 0.462891 0.014947 0.014947
1 0.812552 0.211268 0.012369 0.012369
1 0.662161 0.207362 0.012369 0.012369
1 0.988408 0.726794 0.019022 0.019022
1 0.498099 0.711268 0.012369 0.012369
1 0.261719 0.632812 0.014947 0.014947
1 0.767630 0.070643 0.012369 0.012369
1 0.611328 0.011719 0.014947 0.014947
1 0.152344 0.714844 0.006233 0.006233
1 0.597656 0.585938 0.014947 0.014947
1 0.900517 0.533435 0.019022 0.019022
1 0.720703 0.474609 0.030378 0.030378
1 0.814453 0.443359 0.006233 0.006233
1 0.213017 0.404528 0.019022 0.019022
1 0.783203 0.404297 0.014947 0.014947
1 0.042969 0.400391 0.014947 0.014947
1 0.281302 0.269862 0.012369 0.012369
1 0.431641 0.238281 0.022475 0.022475
1 0.644583 0.137049 0.012369 0.012369
1 0.933594 0.093750 0.022475 0.022475
1 0.683594 0.072266 0.014947 0.014947
1 0.322266 0.019531 0.014947 0.014947
1 0.107483 0.993625 0.011345 0.011345
1 0.085989 0.980799 0.012369 0.012369
1 0.693359 0.867188 0.014947 0.014947
1 0.490286 0.842128 0.012369 0.012369
1 0.929688 0.753906 0.014947 0.014947
1 0.338017 0.738513 0.019022 0.019022
1 0.367314 0.732653 0.019022 0.019022
1 0.337942 0.705409 0.012369 0.012369
1 0.511845 0.662341 0.019022 0.019022
1 0.404424 0.593982 0.019022 0.019022
1 0.314453 0.544922 0.022475 0.022475
1 0.220830 0.441638 0.019022 0.019022
1 0.324219 0.394531 0.006233 0.006233
1 0.910156 0.390625 0.022475 0.022475
1 0.763672 0.310547 0.014947 0.014947
1 0.810704 0.293178 0.026766 0.026766
1 0.005911 0.166346 0.012369 0.012369
1 0.414114 0.873378 0.012369 0.012369
1 0.814453 0.777344 0.014947 0.014947
1 0.703125 0.685547 0.014947 0.014947
1 0.365361 0.679919 0.019022 0.019022
1 0.730595 0.677966 0.019022 0.019022
1 0.994141 0.625000 0.006233 0.006233
1 0.119267 0.588122 0.019022 0.019022
1 0.650517 0.558825 0.019022 0.019022
1 0.226689 0.484607 0.019022 0.019022
1 0.056767 0.468982 0.019022 0.019022
1 0.892630 0.457362 0.012369 0.012369
1 0.675781 0.433594 0.022475 0.022475
1 0.414114 0.410487 0.012369 0.012369
1 0.982422 0.324219 0.014947 0.014947
1 0.949270 0.197596 0.012369 0.012369
1 0.582031 0.144531 0.022475 0.022475
1 0.824219 0.082031 0.014947 0.014947
1 0.962891 0.064453 0.014947 0.014947
1 0.716849 0.049159 0.012369 0.012369
1 0.822317 0.041346 0.012369 0.012369
1 0.951224 0.010096 0.012369 0.012369
1 0.047002 0.927966 0.019022 0.019022
1 0.968750 0.894531 0.014947 0.014947
1 0.666067 0.750331 0.012369 0.012369
1 0.820364 0.670253 0.012369 0.012369
1 0.863281 0.591797 0.014947 0.014947
1 0.753906 0.509766 0.014947 0.014947
1 0.875052 0.508143 0.012369 0.012369
1 0.572266 0.464844 0.014947 0.014947
1 0.871094 0.441406 0.014947 0.014947
1 0.968802 0.430018 0.012369 0.012369
1 0.535283 0.353747 0.019022 0.019022
1 0.757812 0.330078 0.014947 0.014947
1 0.699219 0.248047 0.014947 0.014947
1 0.990286 0.209315 0.012369 0.012369
1 0.341849 0.205409 0.012369 0.012369
1 0.908255 0.195643 0.012369 0.012369
1 0.531302 0.187831 0.012369 0.012369
1 0.857422 0.181641 0.014947 0.014947
1 0.373099 0.170253 0.012369 0.012369
1 0.990286 0.154628 0.012369 0.012369
1 0.714895 0.150721 0.012369 0.012369
1 0.849609 0.146484 0.014947 0.014947
1 0.101562 0.146484 0.014947 0.014947
1 0.779297 0.142578 0.014947 0.014947
1 0.119141 0.136719 0.014947 0.014947
1 0.400442 0.135096 0.012369 0.012369
1 0.753958 0.127284 0.012369 0.012369
1 0.490234 0.117188 0.014947 0.014947
1 0.666067 0.115565 0.012369 0.012369
1 0.333984 0.097656 0.014947 0.014947
1 0.548828 0.080078 0.014947 0.014947
1 0.160156 0.076172 0.014947 0.014947
1 0.562552 0.060878 0.012369 0.012369
1 0.902395 0.060878 0.012369 0.012369
1 0.486380 0.058924 0.012369 0.012369
1 0.654349 0.043299 0.012369 0.012369
1 0.234427 0.047206 0.012369 0.012369
1 0.759817 0.029628 0.012369 0.012369
1 0.572266 0.029297 0.014947 0.014947
1 0.271536 0.961268 0.012369 0.012369
1 0.857474 0.969081 0.012369 0.012369
1 0.722783 0.916247 0.019022 0.019022
1 0.767630 0.892909 0.012369 0.012369
1 0.562500 0.855469 0.014947 0.014947
1 0.668020 0.836268 0.012369 0.012369
1 0.896484 0.826172 0.014947 0.014947
1 0.720755 0.816737 0.012369 0.012369
1 0.375000 0.761719 0.014947 0.014947
1 0.566458 0.670253 0.012369 0.012369
1 0.253958 0.656581 0.012369 0.012369
1 0.759817 0.652674 0.012369 0.012369
1 0.664114 0.652674 0.012369 0.012369
1 0.925833 0.629237 0.012369 0.012369
1 0.896484 0.613281 0.014947 0.014947
1 0.197317 0.580409 0.012369 0.012369
1 0.910208 0.586268 0.012369 0.012369
1 0.871220 0.566638 0.019022 0.019022
1 0.697266 0.560547 0.014947 0.014947
1 0.587891 0.556641 0.014947 0.014947
1 0.962942 0.537440 0.012369 0.012369
1 0.423828 0.535156 0.022475 0.022475
1 0.408255 0.515956 0.012369 0.012369
1 0.691406 0.503906 0.014947 0.014947
1 0.236380 0.506190 0.012369 0.012369
1 0.408255 0.496424 0.012369 0.012369
1 0.681641 0.480469 0.014947 0.014947
1 0.341849 0.467128 0.012369 0.012369
1 0.496145 0.463221 0.012369 0.012369
1 0.293020 0.443690 0.012369 0.012369
1 0.562552 0.441737 0.012369 0.012369
1 0.722708 0.437831 0.012369 0.012369
1 0.318359 0.433594 0.014947 0.014947
1 0.601562 0.423828 0.014947 0.014947
1 0.136719 0.404297 0.014947 0.014947
1 0.746094 0.392578 0.014947 0.014947
1 0.986328 0.386719 0.014947 0.014947
1 0.019583 0.387049 0.012369 0.012369
1 0.830078 0.375000 0.014947 0.014947
1 0.660208 0.377284 0.012369 0.012369
1 0.769531 0.373047 0.014947 0.014947
1 0.849609 0.365234 0.014947 0.014947
1 0.750052 0.349940 0.012369 0.012369
1 0.660156 0.343750 0.014947 0.014947
1 0.367188 0.330078 0.014947 0.014947
1 0.716797 0.322266 0.014947 0.014947
1 0.884817 0.322596 0.012369 0.012369
1 0.238281 0.310547 0.014947 0.014947
1 0.697317 0.308924 0.012369 0.012369
1 0.105469 0.306641 0.014947 0.014947
1 0.505859 0.287109 0.014947 0.014947
1 0.378906 0.275391 0.014947 0.014947
1 0.519531 0.246094 0.014947 0.014947
1 0.232474 0.226893 0.012369 0.012369
1 0.720703 0.210938 0.014947 0.014947
1 0.244141 0.199219 0.014947 0.014947
1 0.765625 0.193359 0.014947 0.014947
1 0.554739 0.187831 0.012369 0.012369
1 0.445312 0.175781 0.014947 0.014947
1 0.890625 0.167969 0.014947 0.014947
1 0.121145 0.779628 0.012369 0.012369
1 0.140677 0.777674 0.012369 0.012369
1 0.123099 0.795253 0.012369 0.012369
1 0.105520 0.793299 0.012369 0.012369
1 0.818411 0.849940 0.012369 0.012369
1 0.775442 0.869471 0.012369 0.012369
1 0.781302 0.853846 0.012369 0.012369
1 0.087942 0.656581 0.012369 0.012369
1 0.093802 0.672206 0.012369 0.012369
1 0.099661 0.683924 0.012369 0.012369
1 0.662161 0.416346 0.012369 0.012369
1 0.644583 0.390956 0.012369 0.012369
1 0.628958 0.402674 0.012369 0.012369
1 0.630911 0.385096 0.012369 0.012369
1 0.597708 0.389003 0.012369 0.012369
1 0.607474 0.402674 0.012369 0.012369
1 0.593802 0.359706 0.012369 0.012369
1 0.584036 0.349940 0.012369 0.012369
1 0.543020 0.498378 0.012369 0.012369
1 0.527395 0.506190 0.012369 0.012369
1 0.515677 0.488612 0.012369 0.012369
1 0.488333 0.435878 0.012369 0.012369
1 0.502005 0.443690 0.012369 0.012369
1 0.371145 0.492518 0.012369 0.012369
1 0.377005 0.474940 0.012369 0.012369
1 0.412161 0.449549 0.012369 0.012369
1 0.877005 0.806971 0.012369 0.012369
1 0.861380 0.818690 0.012369 0.012369
1 0.796927 0.810878 0.012369 0.012369
1 0.808645 0.814784 0.012369 0.012369
1 0.820364 0.824549 0.012369 0.012369
1 0.847708 0.828456 0.012369 0.012369
1 0.660208 0.808924 0.012369 0.012369
1 0.671927 0.816737 0.012369 0.012369
1 0.687552 0.822596 0.012369 0.012369
1 0.699270 0.812831 0.012369 0.012369
1 0.533203 0.855469 0.014947 0.014947
1 0.537109 0.873047 0.014947 0.014947
1 0.537109 0.892578 0.014947 0.014947
1 0.525391 0.837891 0.014947 0.014947
1 0.501953 0.833984 0.014947 0.014947
1 0.527344 0.781250 0.014947 0.014947
1 0.507812 0.771484 0.014947 0.014947
1 0.583984 0.826172 0.014947 0.014947
1 0.554688 0.820312 0.014947 0.014947
1 0.587891 0.804688 0.014947 0.014947
1 0.675781 0.990234 0.014947 0.014947
1 0.865234 0.882812 0.014947 0.014947
1 0.351562 0.880859 0.014947 0.014947
1 0.175781 0.958984 0.014947 0.014947
1 0.080078 0.724609 0.014947 0.014947
1 0.105469 0.718750 0.014947 0.014947
1 0.455078 0.031250 0.014947 0.014947
1 0.478516 0.031250 0.014947 0.014947
1 0.193359 0.035156 0.014947 0.014947
1 0.238281 0.068359 0.014947 0.014947
1 0.158203 0.058594 0.014947 0.014947
1 0.052861 0.086169 0.019022 0.019022
1 0.418020 0.181971 0.012369 0.012369
1 0.404349 0.181971 0.012369 0.012369
1 0.375052 0.193690 0.012369 0.012369
1 0.394583 0.201503 0.012369 0.012369
1 0.462942 0.107753 0.012369 0.012369
1 0.523489 0.226893 0.012369 0.012369
1 0.517630 0.213221 0.012369 0.012369
1 0.507864 0.203456 0.012369 0.012369
1 0.281302 0.291346 0.012369 0.012369
1 0.310599 0.226893 0.012369 0.012369
1 0.326224 0.228846 0.012369 0.012369
1 0.154349 0.283534 0.012369 0.012369
1 0.140677 0.285487 0.012369 0.012369
1 0.132864 0.316737 0.012369 0.012369
1 0.242239 0.172206 0.012369 0.012369
1 0.267630 0.176112 0.012369 0.012369
1 0.220755 0.119471 0.012369 0.012369
1 0.236380 0.109706 0.012369 0.012369
1 0.087942 0.135096 0.012369 0.012369
1 0.087942 0.119471 0.012369 0.012369
1 0.043020 0.107753 0.012369 0.012369
1 0.054739 0.121424 0.012369 0.012369
1 0.031302 0.191737 0.012369 0.012369
1 0.017630 0.199549 0.012369 0.012369
1 0.060599 0.246424 0.012369 0.012369
1 0.046927 0.230799 0.012369 0.012369
1 0.009817 0.234706 0.012369 0.012369
1 0.021536 0.232753 0.012369 0.012369
