1 0.972656 0.927734 0.014947 0.014947
1 0.709111 0.988513 0.019022 0.019022
1 0.494079 0.292969 0.039301 0.039301
1 0.341924 0.892810 0.019022 0.019022
1 0.838017 0.904528 0.019022 0.019022
1 0.541142 0.949450 0.019022 0.019022
1 0.460989 0.453456 0.012369 0.012369
1 0.277470 0.509997 0.019022 0.019022
1 0.277470 0.765857 0.019022 0.019022
1 0.083984 0.775391 0.014947 0.014947
1 0.218750 0.781250 0.014947 0.014947
1 0.058720 0.816638 0.019022 0.019022
1 0.254033 0.869372 0.019022 0.019022
1 0.242188 0.906250 0.014947 0.014947
1 0.230469 0.949219 0.014947 0.014947
1 0.044922 0.955078 0.014947 0.014947
1 0.593750 0.957031 0.014947 0.014947
1 0.046927 0.992518 0.012369 0.012369
1 0.619267 0.271716 0.019022 0.019022
1 0.234427 0.488612 0.012369 0.012369
1 0.033203 0.574219 0.014947 0.014947
1 0.228642 0.574450 0.019022 0.019022
1 0.021484 0.615234 0.014947 0.014947
1 0.031250 0.642578 0.014947 0.014947
1 0.515625 0.716797 0.014947 0.014947
1 0.410156 0.738281 0.014947 0.014947
1 0.011719 0.740234 0.014947 0.014947
1 0.068359 0.759766 0.014947 0.014947
1 0.115286 0.771815 0.012369 0.012369
1 0.806767 0.783435 0.019022 0.019022
1 0.400442 0.791346 0.012369 0.012369
1 0.914062 0.818359 0.014947 0.014947
1 0.289062 0.824219 0.014947 0.014947
1 0.515625 0.830078 0.014947 0.014947
1 0.013724 0.844081 0.012369 0.012369
1 0.876953 0.857422 0.014947 0.014947
1 0.068359 0.873047 0.014947 0.014947
1 0.175781 0.875000 0.014947 0.014947
1 0.195364 0.883143 0.012369 0.012369
1 0.873047 0.884766 0.014947 0.014947
1 0.937500 0.894531 0.014947 0.014947
1 0.546875 0.902344 0.014947 0.014947
1 0.164062 0.912109 0.014947 0.014947
1 0.458984 0.927734 0.014947 0.014947
1 0.136719 0.931641 0.014947 0.014947
1 0.363281 0.941406 0.014947 0.014947
1 0.335989 0.945643 0.012369 0.012369
1 0.621094 0.951172 0.014947 0.014947
1 0.740286 0.953456 0.012369 0.012369
1 0.478516 0.966797 0.014947 0.014947
1 0.769531 0.968750 0.014947 0.014947
1 0.322266 0.984375 0.014947 0.014947
1 0.089895 0.988612 0.012369 0.012369
1 0.896484 0.990234 0.014947 0.014947
1 0.074219 0.015625 0.014947 0.014947
1 0.588017 0.029528 0.019022 0.019022
1 0.109375 0.048828 0.014947 0.014947
1 0.460938 0.123047 0.014947 0.014947
1 0.130859 0.156250 0.014947 0.014947
1 0.101614 0.207362 0.012369 0.012369
1 0.033203 0.234375 0.014947 0.014947
1 0.232422 0.236328 0.014947 0.014947
1 0.683594 0.287109 0.014947 0.014947
1 0.031250 0.318359 0.014947 0.014947
1 0.210938 0.320312 0.014947 0.014947
1 0.365286 0.322596 0.012369 0.012369
1 0.328125 0.332031 0.014947 0.014947
1 0.459036 0.363612 0.012369 0.012369
1 0.006329 0.369141 0.014452 0.014452
1 0.164062 0.373047 0.014947 0.014947
1 0.841797 0.421875 0.014947 0.014947
1 0.091797 0.425781 0.014947 0.014947
1 0.306692 0.428065 0.012369 0.012369
1 0.070312 0.435547 0.014947 0.014947
1 0.037109 0.480469 0.014947 0.014947
1 0.566406 0.496094 0.014947 0.014947
1 0.093750 0.505859 0.014947 0.014947
1 0.041067 0.508143 0.012369 0.012369
1 0.816406 0.507812 0.014947 0.014947
1 0.541016 0.515625 0.014947 0.014947
1 0.435674 0.529528 0.019022 0.019022
1 0.968750 0.560547 0.014947 0.014947
1 0.406250 0.591797 0.014947 0.014947
1 0.437500 0.597656 0.014947 0.014947
1 0.892705 0.609607 0.019022 0.019022
1 0.404297 0.630859 0.014947 0.014947
1 0.337891 0.638672 0.014947 0.014947
1 0.599609 0.662109 0.014947 0.014947
1 0.931692 0.664393 0.012369 0.012369
1 0.888672 0.664062 0.014947 0.014947
1 0.677861 0.672107 0.019022 0.019022
1 0.955078 0.671875 0.014947 0.014947
1 0.388672 0.675781 0.014947 0.014947
1 0.347656 0.681641 0.014947 0.014947
1 0.134766 0.687500 0.014947 0.014947
1 0.833984 0.695312 0.014947 0.014947
1 0.486328 0.699219 0.014947 0.014947
1 0.904297 0.701172 0.014947 0.014947
1 0.437500 0.708984 0.014947 0.014947
1 0.982422 0.718750 0.014947 0.014947
1 0.882864 0.719081 0.012369 0.012369
1 0.726562 0.726562 0.014947 0.014947
1 0.197266 0.728516 0.014947 0.014947
1 0.103567 0.734706 0.012369 0.012369
1 0.875052 0.756190 0.012369 0.012369
1 0.138724 0.760096 0.012369 0.012369
1 0.896536 0.760096 0.012369 0.012369
1 0.750000 0.765625 0.014947 0.014947
1 0.345755 0.775721 0.012369 0.012369
1 0.882864 0.777674 0.012369 0.012369
1 0.947266 0.787109 0.014947 0.014947
1 0.005911 0.791346 0.012369 0.012369
1 0.462891 0.800781 0.014947 0.014947
1 0.931692 0.801112 0.012369 0.012369
1 0.533255 0.801112 0.012369 0.012369
1 0.630859 0.800781 0.014947 0.014947
1 0.013672 0.814453 0.014947 0.014947
1 0.205130 0.838221 0.012369 0.012369
1 0.187552 0.849940 0.012369 0.012369
1 0.716849 0.849940 0.012369 0.012369
1 0.009817 0.863612 0.012369 0.012369
1 0.742188 0.871094 0.014947 0.014947
1 0.619141 0.878906 0.014947 0.014947
1 0.671875 0.906250 0.014947 0.014947
1 0.722708 0.912440 0.012369 0.012369
1 0.308645 0.926112 0.012369 0.012369
1 0.785208 0.924159 0.012369 0.012369
1 0.794974 0.943690 0.012369 0.012369
1 0.677786 0.951503 0.012369 0.012369
1 0.812500 0.964844 0.014947 0.014947
1 0.273438 0.017578 0.014947 0.014947
1 0.140625 0.019531 0.014947 0.014947
1 0.638672 0.023438 0.014947 0.014947
1 0.183594 0.025391 0.014947 0.014947
1 0.513724 0.029628 0.012369 0.012369
1 0.667969 0.035156 0.014947 0.014947
1 0.544922 0.031250 0.014947 0.014947
1 0.486380 0.041346 0.012369 0.012369
1 0.029297 0.062500 0.014947 0.014947
1 0.076172 0.062500 0.014947 0.014947
1 0.515625 0.087891 0.014947 0.014947
1 0.007864 0.092128 0.012369 0.012369
1 0.660156 0.099609 0.014947 0.014947
1 0.023438 0.105469 0.014947 0.014947
1 0.068359 0.125000 0.014947 0.014947
1 0.043020 0.131190 0.012369 0.012369
1 0.523438 0.140625 0.014947 0.014947
1 0.654297 0.140625 0.014947 0.014947
1 0.027344 0.152344 0.014947 0.014947
1 0.376953 0.154297 0.014947 0.014947
1 0.818359 0.164062 0.014947 0.014947
1 0.427734 0.169922 0.014947 0.014947
1 0.300781 0.175781 0.014947 0.014947
1 0.396484 0.175781 0.014947 0.014947
1 0.105520 0.181971 0.012369 0.012369
1 0.541016 0.189453 0.014947 0.014947
1 0.349609 0.193359 0.014947 0.014947
1 0.841797 0.199219 0.014947 0.014947
1 0.484375 0.205078 0.014947 0.014947
1 0.724609 0.214844 0.014947 0.014947
1 0.320312 0.214844 0.014947 0.014947
1 0.158203 0.222656 0.014947 0.014947
1 0.830078 0.236328 0.014947 0.014947
1 0.751953 0.244141 0.014947 0.014947
1 0.447266 0.251953 0.014947 0.014947
1 0.123099 0.254237 0.012369 0.012369
1 0.919922 0.263672 0.014947 0.014947
1 0.455130 0.285487 0.012369 0.012369
1 0.253906 0.285156 0.014947 0.014947
1 0.712891 0.296875 0.014947 0.014947
1 0.664062 0.300781 0.014947 0.014947
1 0.085938 0.312500 0.014947 0.014947
1 0.443359 0.322266 0.014947 0.014947
1 0.806692 0.340174 0.012369 0.012369
1 0.605595 0.345935 0.019022 0.019022
1 0.382812 0.357422 0.014947 0.014947
1 0.701172 0.357422 0.014947 0.014947
1 0.162109 0.398438 0.014947 0.014947
1 0.509817 0.396815 0.012369 0.012369
1 0.371094 0.398438 0.014947 0.014947
1 0.738281 0.406250 0.014947 0.014947
1 0.884766 0.410156 0.014947 0.014947
1 0.232474 0.433924 0.012369 0.012369
1 0.406407 0.451382 0.026766 0.026766
1 0.441458 0.449549 0.012369 0.012369
1 0.250000 0.453125 0.014947 0.014947
1 0.958984 0.462891 0.014947 0.014947
1 0.083984 0.474609 0.014947 0.014947
1 0.837891 0.476562 0.014947 0.014947
1 0.423828 0.484375 0.014947 0.014947
1 0.900442 0.488612 0.012369 0.012369
1 0.209036 0.494471 0.012369 0.012369
1 0.921875 0.498047 0.014947 0.014947
1 0.367188 0.500000 0.014947 0.014947
1 0.253958 0.515956 0.012369 0.012369
1 0.269531 0.529297 0.014947 0.014947
1 0.080078 0.546875 0.014947 0.014947
1 0.671875 0.556641 0.014947 0.014947
1 0.306692 0.555018 0.012369 0.012369
1 0.791067 0.568690 0.012369 0.012369
1 0.597708 0.584315 0.012369 0.012369
1 0.638672 0.587891 0.014947 0.014947
1 0.273438 0.589844 0.014947 0.014947
1 0.285208 0.607753 0.012369 0.012369
1 0.625000 0.613281 0.014947 0.014947
1 0.312500 0.619141 0.014947 0.014947
1 0.535208 0.625331 0.012369 0.012369
1 0.705205 0.625232 0.019022 0.019022
1 0.460938 0.632812 0.014947 0.014947
1 0.580078 0.654297 0.022475 0.022475
1 0.583984 0.683594 0.014947 0.014947
1 0.787161 0.687831 0.012369 0.012369
1 0.529297 0.695312 0.014947 0.014947
1 0.242239 0.721034 0.012369 0.012369
1 0.222708 0.728846 0.012369 0.012369
1 0.652344 0.732422 0.014947 0.014947
1 0.681692 0.736659 0.012369 0.012369
1 0.929688 0.742188 0.014947 0.014947
1 0.332083 0.746424 0.012369 0.012369
1 0.320364 0.762049 0.012369 0.012369
1 0.697266 0.767578 0.014947 0.014947
1 0.185599 0.805018 0.012369 0.012369
1 0.822317 0.820643 0.012369 0.012369
1 0.943359 0.828125 0.014947 0.014947
1 0.443411 0.879237 0.012369 0.012369
1 0.169974 0.041346 0.012369 0.012369
1 0.886719 0.041016 0.014947 0.014947
1 0.130859 0.042969 0.014947 0.014947
1 0.521484 0.042969 0.014947 0.014947
1 0.357422 0.052734 0.014947 0.014947
1 0.054739 0.055018 0.012369 0.012369
1 0.921875 0.066406 0.014947 0.014947
1 0.332083 0.088221 0.012369 0.012369
1 0.175781 0.095703 0.014947 0.014947
1 0.781302 0.101893 0.012369 0.012369
1 0.753906 0.105469 0.014947 0.014947
1 0.738281 0.128906 0.014947 0.014947
1 0.865286 0.144862 0.012369 0.012369
1 0.453125 0.148438 0.014947 0.014947
1 0.468802 0.164393 0.012369 0.012369
1 0.562500 0.207031 0.014947 0.014947
1 0.906250 0.220703 0.014947 0.014947
1 0.439453 0.226562 0.014947 0.014947
1 0.117239 0.236659 0.012369 0.012369
1 0.281302 0.236659 0.012369 0.012369
1 0.869141 0.250000 0.014947 0.014947
1 0.787109 0.263672 0.014947 0.014947
1 0.226562 0.287109 0.014947 0.014947
1 0.539114 0.303065 0.012369 0.012369
1 0.835989 0.306971 0.012369 0.012369
1 0.955130 0.306971 0.012369 0.012369
1 0.709036 0.338221 0.012369 0.012369
1 0.636770 0.342128 0.012369 0.012369
1 0.779297 0.355469 0.014947 0.014947
1 0.955078 0.357422 0.014947 0.014947
1 0.648489 0.359706 0.012369 0.012369
1 0.765677 0.369471 0.012369 0.012369
1 0.339844 0.373047 0.014947 0.014947
1 0.947266 0.386719 0.014947 0.014947
1 0.669974 0.402674 0.012369 0.012369
1 0.253958 0.426112 0.012369 0.012369
1 0.207083 0.447596 0.012369 0.012369
1 0.871145 0.459315 0.012369 0.012369
1 0.589895 0.463221 0.012369 0.012369
1 0.220703 0.472656 0.014947 0.014947
1 0.056641 0.480469 0.022475 0.022475
1 0.861328 0.478516 0.014947 0.014947
1 0.847708 0.506190 0.012369 0.012369
1 0.191458 0.537440 0.012369 0.012369
1 0.949219 0.544922 0.014947 0.014947
1 0.660156 0.576172 0.014947 0.014947
1 0.785208 0.603846 0.012369 0.012369
1 0.939453 0.699219 0.014947 0.014947
1 0.609427 0.760096 0.012369 0.012369
1 0.714895 0.805018 0.012369 0.012369
1 0.759892 0.027575 0.019022 0.019022
1 0.281250 0.050781 0.014947 0.014947
1 0.250052 0.072596 0.012369 0.012369
1 0.345703 0.072266 0.014947 0.014947
1 0.752005 0.137049 0.012369 0.012369
1 0.613281 0.212891 0.014947 0.014947
1 0.287161 0.252284 0.012369 0.012369
1 0.875000 0.281250 0.014947 0.014947
1 0.849661 0.326503 0.012369 0.012369
1 0.847708 0.351893 0.012369 0.012369
1 0.703177 0.447596 0.012369 0.012369
1 0.716797 0.472656 0.014947 0.014947
1 0.687552 0.525721 0.012369 0.012369
1 0.556692 0.625331 0.012369 0.012369
1 0.837942 0.635096 0.012369 0.012369
1 0.664189 0.707263 0.019022 0.019022
1 0.523489 0.775721 0.012369 0.012369
1 0.029297 0.910156 0.022475 0.022475
1 0.898489 0.912440 0.012369 0.012369
1 0.126953 0.966797 0.014947 0.014947
1 0.916067 0.144862 0.012369 0.012369
1 0.835938 0.150391 0.014947 0.014947
1 0.871145 0.314784 0.012369 0.012369
1 0.037236 0.369372 0.019022 0.019022
1 0.834036 0.371424 0.012369 0.012369
1 0.873047 0.375000 0.022475 0.022475
1 0.127005 0.832362 0.012369 0.012369
1 0.115234 0.919922 0.014947 0.014947
1 0.609427 0.172206 0.012369 0.012369
1 0.654424 0.933825 0.019022 0.019022
1 0.732549 0.013903 0.019022 0.019022
1 0.679814 0.353747 0.019022 0.019022
1 0.101562 0.392578 0.022475 0.022475
1 0.126953 0.400391 0.014947 0.014947
1 0.984502 0.468982 0.019022 0.019022
1 0.607549 0.480700 0.019022 0.019022
1 0.568359 0.539062 0.014947 0.014947
1 0.248174 0.629138 0.019022 0.019022
1 0.099609 0.648438 0.014947 0.014947
1 0.214970 0.707263 0.019022 0.019022
1 0.353642 0.720935 0.019022 0.019022
1 0.169974 0.935878 0.012369 0.012369
1 0.857474 0.961268 0.012369 0.012369
1 0.908203 0.964844 0.014947 0.014947
1 0.742314 0.482653 0.019022 0.019022
1 0.587942 0.781581 0.012369 0.012369
1 0.191458 0.988612 0.012369 0.012369
1 0.183720 0.060778 0.019022 0.019022
1 0.656377 0.211169 0.019022 0.019022
1 0.398489 0.537440 0.012369 0.012369
1 0.869192 0.810878 0.012369 0.012369
1 0.162109 0.990234 0.014947 0.014947
1 0.232422 0.013672 0.022475 0.022475
1 0.875000 0.011719 0.014947 0.014947
1 0.734427 0.342128 0.012369 0.012369
1 0.970755 0.400721 0.012369 0.012369
1 0.751953 0.445312 0.014947 0.014947
1 0.564505 0.834315 0.012369 0.012369
1 0.418020 0.084315 0.012369 0.012369
1 0.392630 0.041346 0.012369 0.012369
1 0.386770 0.055018 0.012369 0.012369
1 0.269583 0.066737 0.012369 0.012369
1 0.234427 0.078456 0.012369 0.012369
1 0.068411 0.185878 0.012369 0.012369
1 0.052786 0.178065 0.012369 0.012369
1 0.533255 0.219081 0.012369 0.012369
1 0.527395 0.240565 0.012369 0.012369
1 0.634817 0.230799 0.012369 0.012369
1 0.763724 0.168299 0.012369 0.012369
1 0.613333 0.195643 0.012369 0.012369
1 0.056692 0.219081 0.012369 0.012369
1 0.056692 0.158534 0.012369 0.012369
1 0.226614 0.099940 0.012369 0.012369
1 0.193411 0.078456 0.012369 0.012369
1 0.169974 0.074549 0.012369 0.012369
1 0.103567 0.119471 0.012369 0.012369
1 0.117239 0.139003 0.012369 0.012369
1 0.125052 0.125331 0.012369 0.012369
1 0.228567 0.129237 0.012369 0.012369
1 0.242239 0.123378 0.012369 0.012369
1 0.242239 0.101893 0.012369 0.012369
1 0.261770 0.099940 0.012369 0.012369
1 0.277395 0.117518 0.012369 0.012369
1 0.310599 0.115565 0.012369 0.012369
1 0.294974 0.123378 0.012369 0.012369
1 0.310599 0.133143 0.012369 0.012369
1 0.353567 0.023768 0.012369 0.012369
1 0.447317 0.058924 0.012369 0.012369
1 0.431692 0.060878 0.012369 0.012369
1 0.392630 0.107753 0.012369 0.012369
1 0.398489 0.121424 0.012369 0.012369
1 0.558645 0.139003 0.012369 0.012369
1 0.578177 0.135096 0.012369 0.012369
1 0.255911 0.160487 0.012369 0.012369
1 0.253958 0.178065 0.012369 0.012369
1 0.171927 0.172206 0.012369 0.012369
1 0.164114 0.189784 0.012369 0.012369
1 0.029349 0.203456 0.012369 0.012369
1 0.031302 0.183924 0.012369 0.012369
1 0.103567 0.248378 0.012369 0.012369
1 0.138724 0.328456 0.012369 0.012369
1 0.152395 0.330409 0.012369 0.012369
1 0.169974 0.336268 0.012369 0.012369
1 0.253958 0.334315 0.012369 0.012369
1 0.273489 0.340174 0.012369 0.012369
1 0.275442 0.324549 0.012369 0.012369
1 0.341849 0.281581 0.012369 0.012369
1 0.365286 0.281581 0.012369 0.012369
1 0.377005 0.258143 0.012369 0.012369
1 0.353567 0.260096 0.012369 0.012369
1 0.300833 0.885096 0.012369 0.012369
1 0.287161 0.902674 0.012369 0.012369
1 0.271536 0.896815 0.012369 0.012369
1 0.369192 0.869471 0.012369 0.012369
1 0.462942 0.875331 0.012369 0.012369
1 0.474661 0.890956 0.012369 0.012369
1 0.539114 0.978846 0.012369 0.012369
1 0.523489 0.988612 0.012369 0.012369
1 0.130911 0.904628 0.012369 0.012369
1 0.115286 0.877284 0.012369 0.012369
1 0.294974 0.943690 0.012369 0.012369
1 0.310599 0.957362 0.012369 0.012369
1 0.062552 0.654628 0.012369 0.012369
1 0.062552 0.676112 0.012369 0.012369
1 0.107474 0.699549 0.012369 0.012369
1 0.101614 0.719081 0.012369 0.012369
1 0.240286 0.740565 0.012369 0.012369
1 0.253958 0.750331 0.012369 0.012369
1 0.400442 0.709315 0.012369 0.012369
1 0.394583 0.730799 0.012369 0.012369
1 0.394583 0.730799 0.012369 0.012369
1 0.371145 0.439784 0.012369 0.012369
1 0.365286 0.457362 0.012369 0.012369
1 0.349661 0.457362 0.012369 0.012369
1 0.486380 0.476893 0.012369 0.012369
1 0.482474 0.494471 0.012369 0.012369
1 0.482474 0.514003 0.012369 0.012369
1 0.486380 0.547206 0.012369 0.012369
1 0.464895 0.555018 0.012369 0.012369
1 0.363333 0.539393 0.012369 0.012369
1 0.343802 0.529628 0.012369 0.012369
1 0.285208 0.578456 0.012369 0.012369
1 0.312552 0.547206 0.012369 0.012369
1 0.304739 0.572596 0.012369 0.012369
1 0.353567 0.586268 0.012369 0.012369
1 0.195364 0.621424 0.012369 0.012369
1 0.189505 0.584315 0.012369 0.012369
1 0.189505 0.568690 0.012369 0.012369
1 0.168020 0.541346 0.012369 0.012369
1 0.150442 0.529628 0.012369 0.012369
1 0.496145 0.363612 0.012369 0.012369
1 0.478567 0.363612 0.012369 0.012369
1 0.558645 0.367518 0.012369 0.012369
1 0.578177 0.381190 0.012369 0.012369
1 0.601614 0.400721 0.012369 0.012369
1 0.617239 0.390956 0.012369 0.012369
1 0.621145 0.418299 0.012369 0.012369
1 0.636770 0.402674 0.012369 0.012369
1 0.646536 0.387049 0.012369 0.012369
1 0.660208 0.381190 0.012369 0.012369
1 0.587942 0.439784 0.012369 0.012369
1 0.605520 0.453456 0.012369 0.012369
1 0.548880 0.607753 0.012369 0.012369
1 0.707083 0.578456 0.012369 0.012369
1 0.720755 0.576503 0.012369 0.012369
1 0.763724 0.519862 0.012369 0.012369
1 0.783255 0.514003 0.012369 0.012369
1 0.787161 0.625331 0.012369 0.012369
1 0.828177 0.656581 0.012369 0.012369
1 0.845755 0.617518 0.012369 0.012369
1 0.888724 0.570643 0.012369 0.012369
1 0.902395 0.570643 0.012369 0.012369
1 0.993501 0.623284 0.011557 0.011557
1 0.912161 0.435878 0.012369 0.012369
1 0.918020 0.418299 0.012369 0.012369
1 0.894583 0.451503 0.012369 0.012369
1 0.804739 0.431971 0.012369 0.012369
1 0.199270 0.428065 0.012369 0.012369
1 0.078177 0.578456 0.012369 0.012369
1 0.097708 0.568690 0.012369 0.012369
1 0.748099 0.051112 0.012369 0.012369
1 0.748099 0.070643 0.012369 0.012369
1 0.433645 0.109706 0.012369 0.012369
1 0.496145 0.074549 0.012369 0.012369
1 0.478567 0.070643 0.012369 0.012369
1 0.627005 0.062831 0.012369 0.012369
1 0.560599 0.105799 0.012369 0.012369
1 0.558645 0.117518 0.012369 0.012369
1 0.613333 0.084315 0.012369 0.012369
1 0.683645 0.055018 0.012369 0.012369
1 0.709036 0.043299 0.012369 0.012369
1 0.839895 0.070643 0.012369 0.012369
1 0.855520 0.078456 0.012369 0.012369
1 0.798880 0.039393 0.012369 0.012369
1 0.820364 0.031581 0.012369 0.012369
1 0.826224 0.291346 0.012369 0.012369
1 0.949270 0.234706 0.012369 0.012369
1 0.933645 0.234706 0.012369 0.012369
1 0.982474 0.228846 0.012369 0.012369
1 0.992239 0.250331 0.012369 0.012369
1 0.906302 0.160487 0.012369 0.012369
1 0.904349 0.172206 0.012369 0.012369
1 0.939505 0.166346 0.012369 0.012369
1 0.945364 0.203456 0.012369 0.012369
1 0.955130 0.191737 0.012369 0.012369
1 0.970755 0.107753 0.012369 0.012369
1 0.980520 0.121424 0.012369 0.012369
1 0.980520 0.080409 0.012369 0.012369
1 0.291067 0.721034 0.012369 0.012369
1 0.701224 0.908534 0.012369 0.012369
1 0.718802 0.890956 0.012369 0.012369
1 0.716849 0.873378 0.012369 0.012369
1 0.705130 0.822596 0.012369 0.012369
1 0.794974 0.846034 0.012369 0.012369
1 0.806692 0.851893 0.012369 0.012369
1 0.789114 0.820643 0.012369 0.012369
1 0.775442 0.824549 0.012369 0.012369
1 0.644583 0.752284 0.012369 0.012369
1 0.628958 0.752284 0.012369 0.012369
1 0.933645 0.869471 0.012369 0.012369
1 0.929739 0.847987 0.012369 0.012369
1 0.898489 0.875331 0.012369 0.012369
1 0.894583 0.896815 0.012369 0.012369
1 0.914114 0.890956 0.012369 0.012369
1 0.742239 0.795253 0.012369 0.012369
1 0.724661 0.787440 0.012369 0.012369
1 0.607474 0.139003 0.012369 0.012369
1 0.613333 0.158534 0.012369 0.012369
