1 0.464970 0.009997 0.019022 0.019022
1 0.957031 0.806641 0.014947 0.014947
1 0.722708 0.717128 0.012369 0.012369
1 0.250127 0.232653 0.019022 0.019022
1 0.609502 0.127185 0.019022 0.019022
1 0.632812 0.949219 0.014947 0.014947
1 0.451172 0.519531 0.014947 0.014947
1 0.193359 0.474609 0.014947 0.014947
1 0.253906 0.179688 0.022475 0.022475
1 0.814453 0.951172 0.014947 0.014947
1 0.189453 0.912109 0.014947 0.014947
1 0.992976 0.812500 0.013586 0.013586
1 0.220830 0.793200 0.019022 0.019022
1 0.517578 0.771484 0.014947 0.014947
1 0.279424 0.582263 0.019022 0.019022
1 0.292969 0.445312 0.014947 0.014947
1 0.781250 0.341797 0.014947 0.014947
1 0.363281 0.158203 0.014947 0.014947
1 0.162109 0.966797 0.014947 0.014947
1 0.261719 0.937500 0.014947 0.014947
1 0.988281 0.884766 0.014947 0.014947
1 0.560674 0.865466 0.019022 0.019022
1 0.144658 0.474841 0.019022 0.019022
1 0.164189 0.236560 0.019022 0.019022
1 0.787161 0.041346 0.012369 0.012369
1 0.009766 0.002325 0.005831 0.005831
1 0.494141 0.873047 0.014947 0.014947
1 0.185547 0.570312 0.022475 0.022475
1 0.886845 0.492419 0.019022 0.019022
1 0.982474 0.359706 0.012369 0.012369
1 0.209036 0.326503 0.012369 0.012369
1 0.285208 0.310878 0.012369 0.012369
1 0.656302 0.221034 0.012369 0.012369
1 0.923880 0.199549 0.012369 0.012369
1 0.939505 0.183924 0.012369 0.012369
1 0.947392 0.150622 0.019022 0.019022
1 0.882812 0.080078 0.014947 0.014947
1 0.986328 0.066406 0.014947 0.014947
1 0.646484 0.066406 0.014947 0.014947
1 0.855469 0.058594 0.014947 0.014947
1 0.828125 0.054688 0.014947 0.014947
1 0.869141 0.031250 0.014947 0.014947
1 0.861380 0.031581 0.012369 0.012369
1 0.726562 0.027344 0.014947 0.014947
1 0.648438 0.013672 0.014947 0.014947
1 0.488333 0.014003 0.012369 0.012369
1 0.878906 0.009766 0.014947 0.014947
1 0.189505 0.006190 0.012369 0.012369
1 0.867188 0.960938 0.006233 0.006233
1 0.834036 0.957362 0.012369 0.012369
1 0.695364 0.789393 0.012369 0.012369
1 0.195312 0.728516 0.022475 0.022475
1 0.753958 0.668299 0.012369 0.012369
1 0.849609 0.107422 0.014947 0.014947
1 0.447266 0.103516 0.014947 0.014947
1 0.353516 0.097656 0.014947 0.014947
1 0.611328 0.076172 0.014947 0.014947
1 0.714844 0.074219 0.014947 0.014947
1 0.369141 0.070312 0.014947 0.014947
1 0.736380 0.066737 0.012369 0.012369
1 0.384817 0.058924 0.012369 0.012369
1 0.941406 0.048828 0.014947 0.014947
1 0.083984 0.048828 0.014947 0.014947
1 0.748047 0.037109 0.014947 0.014947
1 0.519531 0.033203 0.014947 0.014947
1 0.421875 0.033203 0.014947 0.014947
1 0.605469 0.029297 0.014947 0.014947
1 0.447317 0.027674 0.012369 0.012369
1 0.898438 0.970703 0.014947 0.014947
1 0.910208 0.953456 0.012369 0.012369
1 0.679739 0.945643 0.012369 0.012369
1 0.833984 0.935547 0.014947 0.014947
1 0.515677 0.580409 0.012369 0.012369
1 0.529349 0.570643 0.012369 0.012369
1 0.683645 0.592128 0.012369 0.012369
1 0.685599 0.574549 0.012369 0.012369
1 0.613333 0.541346 0.012369 0.012369
1 0.603567 0.549159 0.012369 0.012369
1 0.679739 0.535487 0.012369 0.012369
1 0.689505 0.545253 0.012369 0.012369
1 0.697317 0.537440 0.012369 0.012369
1 0.744192 0.474940 0.012369 0.012369
1 0.732474 0.461268 0.012369 0.012369
1 0.603567 0.482753 0.012369 0.012369
1 0.619192 0.480799 0.012369 0.012369
1 0.880911 0.461268 0.012369 0.012369
1 0.896536 0.467128 0.012369 0.012369
1 0.916067 0.453456 0.012369 0.012369
1 0.933645 0.457362 0.012369 0.012369
1 0.945364 0.455409 0.012369 0.012369
1 0.882864 0.371424 0.012369 0.012369
1 0.880911 0.389003 0.012369 0.012369
1 0.898489 0.390956 0.012369 0.012369
1 0.490286 0.283534 0.012369 0.012369
1 0.470755 0.275721 0.012369 0.012369
1 0.505911 0.254237 0.012369 0.012369
1 0.511770 0.234706 0.012369 0.012369
1 0.345755 0.230799 0.012369 0.012369
1 0.355520 0.221034 0.012369 0.012369
1 0.921927 0.183924 0.012369 0.012369
1 0.986380 0.336268 0.012369 0.012369
1 0.918020 0.332362 0.012369 0.012369
1 0.947317 0.312831 0.012369 0.012369
1 0.933645 0.305018 0.012369 0.012369
1 0.511770 0.332362 0.012369 0.012369
1 0.525442 0.344081 0.012369 0.012369
1 0.402395 0.385096 0.012369 0.012369
1 0.386770 0.377284 0.012369 0.012369
1 0.332083 0.601893 0.012369 0.012369
1 0.314505 0.601893 0.012369 0.012369
1 0.259817 0.644862 0.012369 0.012369
1 0.248099 0.654628 0.012369 0.012369
1 0.255911 0.633143 0.012369 0.012369
1 0.240286 0.681971 0.012369 0.012369
1 0.246145 0.701503 0.012369 0.012369
1 0.283255 0.740565 0.012369 0.012369
1 0.306692 0.742518 0.012369 0.012369
1 0.084036 0.785487 0.012369 0.012369
1 0.068411 0.793299 0.012369 0.012369
1 0.060599 0.781581 0.012369 0.012369
1 0.099661 0.558924 0.012369 0.012369
1 0.084036 0.555018 0.012369 0.012369
1 0.214895 0.549159 0.012369 0.012369
1 0.230520 0.533534 0.012369 0.012369
1 0.343802 0.674159 0.012369 0.012369
1 0.357474 0.664393 0.012369 0.012369
1 0.482474 0.773768 0.012369 0.012369
1 0.502005 0.762049 0.012369 0.012369
1 0.572317 0.797206 0.012369 0.012369
1 0.388724 0.545253 0.012369 0.012369
1 0.582083 0.785487 0.012369 0.012369
1 0.591849 0.629237 0.012369 0.012369
1 0.597708 0.611659 0.012369 0.012369
1 0.224661 0.326503 0.012369 0.012369
1 0.195364 0.336268 0.012369 0.012369
1 0.306692 0.355799 0.012369 0.012369
1 0.306692 0.340174 0.012369 0.012369
1 0.886770 0.664393 0.012369 0.012369
1 0.750052 0.646815 0.012369 0.012369
1 0.058720 0.566638 0.019022 0.019022
1 0.457083 0.555018 0.012369 0.012369
1 0.863333 0.471034 0.012369 0.012369
1 0.714844 0.441406 0.014947 0.014947
1 0.738333 0.435878 0.012369 0.012369
1 0.943411 0.426112 0.012369 0.012369
1 0.833984 0.410156 0.014947 0.014947
1 0.943411 0.404628 0.012369 0.012369
1 0.810547 0.404297 0.014947 0.014947
1 0.220830 0.402575 0.019022 0.019022
1 0.984375 0.388672 0.014947 0.014947
1 0.658203 0.382812 0.014947 0.014947
1 0.962891 0.373047 0.014947 0.014947
1 0.830078 0.367188 0.014947 0.014947
1 0.693359 0.365234 0.014947 0.014947
1 0.628906 0.359375 0.014947 0.014947
1 0.402344 0.351562 0.014947 0.014947
1 0.730469 0.328125 0.014947 0.014947
1 0.771484 0.318359 0.014947 0.014947
1 0.101689 0.304919 0.019022 0.019022
1 0.886719 0.294922 0.014947 0.014947
1 0.765625 0.273438 0.014947 0.014947
1 0.712891 0.269531 0.014947 0.014947
1 0.127005 0.267909 0.012369 0.012369
1 0.742188 0.261719 0.014947 0.014947
1 0.777344 0.250000 0.014947 0.014947
1 0.826172 0.230469 0.014947 0.014947
1 0.460989 0.213221 0.012369 0.012369
1 0.949219 0.207031 0.014947 0.014947
1 0.988281 0.203125 0.014947 0.014947
1 0.755859 0.199219 0.014947 0.014947
1 0.730469 0.193359 0.014947 0.014947
1 0.476562 0.183594 0.014947 0.014947
1 0.804688 0.175781 0.014947 0.014947
1 0.417969 0.167969 0.014947 0.014947
1 0.650391 0.160156 0.014947 0.014947
1 0.611328 0.154297 0.014947 0.014947
1 0.972708 0.150721 0.012369 0.012369
1 0.740286 0.144862 0.012369 0.012369
1 0.345755 0.142909 0.012369 0.012369
1 0.902344 0.138672 0.014947 0.014947
1 0.064610 0.285366 0.026766 0.026766
1 0.587891 0.431641 0.014947 0.014947
1 0.107422 0.865234 0.014947 0.014947
1 0.989874 0.531439 0.018505 0.018505
1 0.714844 0.646484 0.014947 0.014947
1 0.013672 0.673828 0.014947 0.014947
1 0.119192 0.693690 0.012369 0.012369
1 0.099609 0.699219 0.014947 0.014947
1 0.085938 0.734375 0.014947 0.014947
1 0.664189 0.775622 0.019022 0.019022
1 0.130986 0.806872 0.019022 0.019022
1 0.607422 0.837891 0.014947 0.014947
1 0.136845 0.840075 0.019022 0.019022
1 0.523438 0.873047 0.014947 0.014947
1 0.281250 0.884766 0.014947 0.014947
1 0.126953 0.902344 0.014947 0.014947
1 0.224609 0.902344 0.014947 0.014947
1 0.089844 0.914062 0.014947 0.014947
1 0.326224 0.937831 0.012369 0.012369
1 0.152344 0.947266 0.014947 0.014947
1 0.328125 0.962891 0.014947 0.014947
1 0.460938 0.976562 0.014947 0.014947
1 0.521484 0.980469 0.022475 0.022475
1 0.880859 0.980469 0.014947 0.014947
1 0.205078 0.982422 0.014947 0.014947
1 0.015625 0.078125 0.014947 0.014947
1 0.201172 0.158203 0.014947 0.014947
1 0.283203 0.185547 0.014947 0.014947
1 0.425781 0.201172 0.014947 0.014947
1 0.302734 0.228516 0.014947 0.014947
1 0.099609 0.269531 0.014947 0.014947
1 0.132864 0.279628 0.012369 0.012369
1 0.914062 0.279297 0.014947 0.014947
1 0.238281 0.308594 0.014947 0.014947
1 0.423828 0.322266 0.014947 0.014947
1 0.064453 0.326172 0.014947 0.014947
1 0.019531 0.330078 0.014947 0.014947
1 0.013672 0.361328 0.014947 0.014947
1 0.242188 0.371094 0.014947 0.014947
1 0.027344 0.388672 0.014947 0.014947
1 0.175781 0.410156 0.014947 0.014947
1 0.263672 0.431641 0.014947 0.014947
1 0.078125 0.435547 0.014947 0.014947
1 0.044922 0.441406 0.014947 0.014947
1 0.019531 0.460938 0.014947 0.014947
1 0.257812 0.468750 0.014947 0.014947
1 0.378906 0.498047 0.014947 0.014947
1 0.123099 0.502284 0.012369 0.012369
1 0.257812 0.507812 0.014947 0.014947
1 0.103567 0.514003 0.012369 0.012369
1 0.083984 0.529297 0.014947 0.014947
1 0.021611 0.560778 0.019022 0.019022
1 0.953177 0.566737 0.012369 0.012369
1 0.492188 0.570312 0.014947 0.014947
1 0.550781 0.574219 0.014947 0.014947
1 0.158203 0.593750 0.014947 0.014947
1 0.224661 0.601893 0.012369 0.012369
1 0.222708 0.627284 0.012369 0.012369
1 0.377005 0.627284 0.012369 0.012369
1 0.197266 0.628906 0.014947 0.014947
1 0.156250 0.636719 0.014947 0.014947
1 0.007864 0.652674 0.012369 0.012369
1 0.119192 0.660487 0.012369 0.012369
1 0.447266 0.666016 0.014947 0.014947
1 0.101614 0.672206 0.012369 0.012369
1 0.869192 0.674159 0.012369 0.012369
1 0.966797 0.695312 0.014947 0.014947
1 0.347656 0.701172 0.014947 0.014947
1 0.400391 0.710938 0.014947 0.014947
1 0.259817 0.715174 0.012369 0.012369
1 0.761719 0.716797 0.014947 0.014947
1 0.835938 0.722656 0.014947 0.014947
1 0.369141 0.724609 0.014947 0.014947
1 0.511719 0.730469 0.014947 0.014947
1 0.964844 0.751953 0.022475 0.022475
1 0.337942 0.764003 0.012369 0.012369
1 0.378906 0.779297 0.014947 0.014947
1 0.421875 0.779297 0.014947 0.014947
1 0.339895 0.787440 0.012369 0.012369
1 0.492239 0.806971 0.012369 0.012369
1 0.044974 0.812831 0.012369 0.012369
1 0.259766 0.818359 0.014947 0.014947
1 0.562500 0.832031 0.014947 0.014947
1 0.914062 0.837891 0.014947 0.014947
1 0.531302 0.847987 0.012369 0.012369
1 0.472656 0.849609 0.014947 0.014947
1 0.849609 0.867188 0.014947 0.014947
1 0.650391 0.884766 0.014947 0.014947
1 0.710938 0.892578 0.014947 0.014947
1 0.816406 0.906250 0.014947 0.014947
1 0.304688 0.916016 0.014947 0.014947
1 0.439505 0.941737 0.012369 0.012369
1 0.755859 0.947266 0.014947 0.014947
1 0.986380 0.976893 0.012369 0.012369
1 0.494192 0.980799 0.012369 0.012369
1 0.833984 0.986328 0.014947 0.014947
1 0.033255 0.990565 0.012369 0.012369
1 0.304688 0.017578 0.014947 0.014947
1 0.392630 0.025721 0.012369 0.012369
1 0.146484 0.027344 0.014947 0.014947
1 0.015625 0.048828 0.014947 0.014947
1 0.164062 0.050781 0.014947 0.014947
1 0.097656 0.066406 0.014947 0.014947
1 0.218750 0.089844 0.014947 0.014947
1 0.085938 0.103516 0.014947 0.014947
1 0.378906 0.105469 0.014947 0.014947
1 0.019531 0.111328 0.014947 0.014947
1 0.683594 0.115234 0.014947 0.014947
1 0.654297 0.125000 0.014947 0.014947
1 0.173880 0.127284 0.012369 0.012369
1 0.267578 0.128906 0.014947 0.014947
1 0.019531 0.138672 0.014947 0.014947
1 0.388724 0.148768 0.012369 0.012369
1 0.292969 0.152344 0.014947 0.014947
1 0.148438 0.166016 0.014947 0.014947
1 0.105469 0.177734 0.014947 0.014947
1 0.210938 0.179688 0.014947 0.014947
1 0.050833 0.203456 0.012369 0.012369
1 0.580078 0.214844 0.014947 0.014947
1 0.109375 0.224609 0.014947 0.014947
1 0.476614 0.234706 0.012369 0.012369
1 0.390625 0.244141 0.014947 0.014947
1 0.533203 0.242188 0.014947 0.014947
1 0.617188 0.248047 0.014947 0.014947
1 0.285156 0.251953 0.014947 0.014947
1 0.814453 0.267578 0.014947 0.014947
1 0.027344 0.283203 0.014947 0.014947
1 0.341797 0.298828 0.014947 0.014947
1 0.654297 0.314453 0.014947 0.014947
1 0.419974 0.359706 0.012369 0.012369
1 0.789062 0.365234 0.014947 0.014947
1 0.478516 0.369141 0.014947 0.014947
1 0.707083 0.375331 0.012369 0.012369
1 0.210989 0.377284 0.012369 0.012369
1 0.728516 0.382812 0.014947 0.014947
1 0.173828 0.386719 0.014947 0.014947
1 0.513672 0.386719 0.014947 0.014947
1 0.464844 0.398438 0.014947 0.014947
1 0.578125 0.402344 0.014947 0.014947
1 0.414062 0.406250 0.014947 0.014947
1 0.880859 0.429688 0.014947 0.014947
1 0.156250 0.435547 0.022475 0.022475
1 0.800781 0.435547 0.014947 0.014947
1 0.400391 0.437500 0.014947 0.014947
1 0.822266 0.439453 0.014947 0.014947
1 0.335989 0.441737 0.012369 0.012369
1 0.560599 0.449549 0.012369 0.012369
1 0.609375 0.449219 0.014947 0.014947
1 0.214844 0.449219 0.014947 0.014947
1 0.447266 0.451172 0.014947 0.014947
1 0.238333 0.459315 0.012369 0.012369
1 0.474609 0.462891 0.014947 0.014947
1 0.546927 0.467128 0.012369 0.012369
1 0.332031 0.472656 0.014947 0.014947
1 0.392578 0.472656 0.014947 0.014947
1 0.761719 0.486328 0.014947 0.014947
1 0.654297 0.498047 0.014947 0.014947
1 0.744141 0.503906 0.014947 0.014947
1 0.513672 0.515625 0.014947 0.014947
1 0.199219 0.517578 0.014947 0.014947
1 0.783330 0.521716 0.019022 0.019022
1 0.837891 0.523438 0.014947 0.014947
1 0.888672 0.554688 0.014947 0.014947
1 0.832031 0.560547 0.014947 0.014947
1 0.632812 0.560547 0.014947 0.014947
1 0.978516 0.574219 0.014947 0.014947
1 0.572266 0.580078 0.014947 0.014947
1 0.750000 0.587891 0.014947 0.014947
1 0.427786 0.588221 0.012369 0.012369
1 0.712891 0.599609 0.014947 0.014947
1 0.923828 0.607422 0.014947 0.014947
1 0.349609 0.609375 0.014947 0.014947
1 0.392630 0.611659 0.012369 0.012369
1 0.443411 0.621424 0.012369 0.012369
1 0.564453 0.632812 0.014947 0.014947
1 0.033203 0.634766 0.014947 0.014947
1 0.947266 0.638672 0.014947 0.014947
1 0.591797 0.654297 0.014947 0.014947
1 0.638672 0.662109 0.014947 0.014947
1 0.740286 0.699549 0.012369 0.012369
1 0.910156 0.718750 0.014947 0.014947
1 0.865234 0.728516 0.014947 0.014947
1 0.880911 0.758143 0.012369 0.012369
1 0.462942 0.765956 0.012369 0.012369
1 0.906250 0.767578 0.014947 0.014947
1 0.976614 0.791346 0.012369 0.012369
1 0.457031 0.794922 0.014947 0.014947
1 0.871094 0.826172 0.014947 0.014947
1 0.500000 0.833984 0.014947 0.014947
1 0.958984 0.859375 0.014947 0.014947
1 0.982422 0.859375 0.014947 0.014947
1 0.886719 0.894531 0.014947 0.014947
1 0.675833 0.910487 0.012369 0.012369
1 0.068411 0.914393 0.012369 0.012369
1 0.888672 0.107422 0.014947 0.014947
1 0.279349 0.340174 0.012369 0.012369
1 0.671927 0.222987 0.012369 0.012369
1 0.587942 0.340174 0.012369 0.012369
1 0.576224 0.328456 0.012369 0.012369
1 0.556692 0.330409 0.012369 0.012369
1 0.572317 0.303065 0.012369 0.012369
1 0.072317 0.213221 0.012369 0.012369
1 0.076224 0.195643 0.012369 0.012369
1 0.365286 0.437831 0.012369 0.012369
1 0.363333 0.453456 0.012369 0.012369
1 0.074270 0.158534 0.012369 0.012369
1 0.074270 0.140956 0.012369 0.012369
1 0.060599 0.135096 0.012369 0.012369
1 0.048880 0.139003 0.012369 0.012369
1 0.156302 0.115565 0.012369 0.012369
1 0.136770 0.111659 0.012369 0.012369
1 0.294974 0.090174 0.012369 0.012369
1 0.304739 0.084315 0.012369 0.012369
1 0.294974 0.078456 0.012369 0.012369
1 0.183645 0.025721 0.012369 0.012369
1 0.205130 0.025721 0.012369 0.012369
1 0.373099 0.025721 0.012369 0.012369
1 0.375052 0.037440 0.012369 0.012369
1 0.523489 0.131190 0.012369 0.012369
1 0.544974 0.137049 0.012369 0.012369
1 0.566458 0.041346 0.012369 0.012369
1 0.560599 0.058924 0.012369 0.012369
1 0.908255 0.082362 0.012369 0.012369
1 0.912161 0.101893 0.012369 0.012369
1 0.878958 0.131190 0.012369 0.012369
1 0.867239 0.142909 0.012369 0.012369
1 0.880911 0.154628 0.012369 0.012369
1 0.796927 0.088221 0.012369 0.012369
1 0.785208 0.076503 0.012369 0.012369
1 0.794974 0.062831 0.012369 0.012369
1 0.771536 0.033534 0.012369 0.012369
1 0.841849 0.264003 0.012369 0.012369
1 0.853567 0.248378 0.012369 0.012369
1 0.416067 0.885096 0.012369 0.012369
1 0.388724 0.887049 0.012369 0.012369
1 0.074270 0.883143 0.012369 0.012369
1 0.064505 0.894862 0.012369 0.012369
1 0.683645 0.873378 0.012369 0.012369
1 0.691458 0.857753 0.012369 0.012369
1 0.763724 0.844081 0.012369 0.012369
1 0.742239 0.849940 0.012369 0.012369
1 0.652395 0.992518 0.012369 0.012369
1 0.709036 0.943690 0.012369 0.012369
1 0.699270 0.955409 0.012369 0.012369
1 0.724661 0.967128 0.012369 0.012369
1 0.740286 0.988612 0.012369 0.012369
1 0.875052 0.941737 0.012369 0.012369
1 0.837942 0.910487 0.012369 0.012369
1 0.849661 0.918299 0.012369 0.012369
1 0.863333 0.922206 0.012369 0.012369
1 0.865286 0.783534 0.012369 0.012369
1 0.865286 0.767909 0.012369 0.012369
1 0.949270 0.728846 0.012369 0.012369
1 0.933645 0.726893 0.012369 0.012369
1 0.939505 0.822596 0.012369 0.012369
1 0.914114 0.814784 0.012369 0.012369
1 0.898489 0.816737 0.012369 0.012369
1 0.912161 0.799159 0.012369 0.012369
1 0.709036 0.779628 0.012369 0.012369
1 0.734427 0.760096 0.012369 0.012369
1 0.714895 0.762049 0.012369 0.012369
1 0.699270 0.762049 0.012369 0.012369
1 0.687552 0.752284 0.012369 0.012369
1 0.781302 0.640956 0.012369 0.012369
1 0.783255 0.662440 0.012369 0.012369
1 0.425833 0.072596 0.012369 0.012369
1 0.416067 0.084315 0.012369 0.012369
1 0.681692 0.062831 0.012369 0.012369
1 0.677786 0.080409 0.012369 0.012369
1 0.693411 0.928065 0.012369 0.012369
1 0.964895 0.014003 0.012369 0.012369
1 0.068411 0.490565 0.012369 0.012369
1 0.084036 0.504237 0.012369 0.012369
1 0.142630 0.394862 0.012369 0.012369
1 0.119192 0.408534 0.012369 0.012369
1 0.957083 0.496424 0.012369 0.012369
1 0.955130 0.543299 0.012369 0.012369
1 0.939505 0.531581 0.012369 0.012369
1 0.943411 0.514003 0.012369 0.012369
1 0.535208 0.201503 0.012369 0.012369
1 0.529349 0.213221 0.012369 0.012369
1 0.544974 0.219081 0.012369 0.012369
1 0.037161 0.978846 0.012369 0.012369
1 0.076224 0.849940 0.012369 0.012369
1 0.095755 0.844081 0.012369 0.012369
1 0.283255 0.818690 0.012369 0.012369
1 0.277395 0.803065 0.012369 0.012369
1 0.246145 0.922206 0.012369 0.012369
1 0.263724 0.910487 0.012369 0.012369
1 0.580130 0.291346 0.012369 0.012369
1 0.720755 0.670253 0.012369 0.012369
1 0.695364 0.715174 0.012369 0.012369
1 0.677786 0.711268 0.012369 0.012369
1 0.929739 0.922206 0.012369 0.012369
1 0.933645 0.941737 0.012369 0.012369
1 0.943411 0.930018 0.012369 0.012369
1 0.425833 0.556971 0.012369 0.012369
1 0.439505 0.553065 0.012369 0.012369
1 0.377005 0.556971 0.012369 0.012369
1 0.173828 0.798828 0.022475 0.022475
1 0.804688 0.708984 0.022475 0.022475
1 0.402344 0.666016 0.022475 0.022475
1 0.757864 0.619471 0.012369 0.012369
1 0.968877 0.451403 0.019022 0.019022
1 0.906302 0.346034 0.012369 0.012369
1 0.418125 0.287319 0.026766 0.026766
1 0.435547 0.232422 0.014947 0.014947
1 0.804814 0.133044 0.019022 0.019022
