1 0.261719 0.216797 0.014947 0.014947
1 0.144531 0.171875 0.014947 0.014947
1 0.097783 0.867419 0.019022 0.019022
1 0.009817 0.889003 0.012369 0.012369
1 0.332031 0.916016 0.014947 0.014947
1 0.074270 0.931971 0.012369 0.012369
1 0.109375 0.941406 0.014947 0.014947
1 0.037109 0.953125 0.014947 0.014947
1 0.177734 0.974609 0.014947 0.014947
1 0.535156 0.988281 0.014947 0.014947
1 0.080078 0.197266 0.014947 0.014947
1 0.484375 0.298828 0.014947 0.014947
1 0.255986 0.306872 0.019022 0.019022
1 0.080205 0.343982 0.019022 0.019022
1 0.574219 0.373047 0.014947 0.014947
1 0.011719 0.400391 0.014947 0.014947
1 0.009766 0.441406 0.014947 0.014947
1 0.052734 0.494141 0.014947 0.014947
1 0.208984 0.498047 0.014947 0.014947
1 0.132812 0.613281 0.014947 0.014947
1 0.095830 0.629138 0.019022 0.019022
1 0.039114 0.644862 0.012369 0.012369
1 0.357549 0.664294 0.019022 0.019022
1 0.257812 0.707031 0.014947 0.014947
1 0.279297 0.710938 0.014947 0.014947
1 0.138724 0.732753 0.012369 0.012369
1 0.300781 0.769531 0.014947 0.014947
1 0.480469 0.820312 0.014947 0.014947
1 0.654297 0.833984 0.030378 0.030378
1 0.173828 0.494141 0.014947 0.014947
1 0.373047 0.888672 0.014947 0.014947
1 0.312552 0.931971 0.012369 0.012369
1 0.414189 0.935778 0.019022 0.019022
1 0.697422 0.451382 0.026766 0.026766
1 0.855469 0.076172 0.014947 0.014947
1 0.746094 0.277344 0.014947 0.014947
1 0.991718 0.201172 0.014452 0.014452
1 0.781302 0.129237 0.012369 0.012369
1 0.978516 0.033203 0.014947 0.014947
1 0.812500 0.406250 0.014947 0.014947
1 0.679688 0.375000 0.014947 0.014947
1 0.785283 0.351794 0.019022 0.019022
1 0.763672 0.294922 0.014947 0.014947
1 0.546875 0.251953 0.014947 0.014947
1 0.933594 0.218750 0.014947 0.014947
1 0.601562 0.179688 0.014947 0.014947
1 0.947266 0.158203 0.014947 0.014947
1 0.552734 0.136719 0.014947 0.014947
1 0.857422 0.132812 0.014947 0.014947
1 0.777344 0.105469 0.014947 0.014947
1 0.667969 0.062500 0.014947 0.014947
1 0.529297 0.058594 0.014947 0.014947
1 0.707031 0.046875 0.014947 0.014947
1 0.814453 0.039062 0.014947 0.014947
1 0.943359 0.031250 0.014947 0.014947
1 0.820312 0.712891 0.014947 0.014947
1 0.875000 0.593750 0.014947 0.014947
1 0.890625 0.546875 0.014947 0.014947
1 0.921875 0.503906 0.014947 0.014947
1 0.916016 0.470703 0.014947 0.014947
1 0.990234 0.466797 0.014947 0.014947
1 0.632812 0.455078 0.014947 0.014947
1 0.857422 0.455078 0.014947 0.014947
1 0.820364 0.430018 0.012369 0.012369
1 0.593750 0.394531 0.014947 0.014947
1 0.593750 0.312500 0.014947 0.014947
1 0.765625 0.232422 0.014947 0.014947
1 0.611328 0.224609 0.014947 0.014947
1 0.341797 0.152344 0.014947 0.014947
1 0.558594 0.041016 0.014947 0.014947
1 0.585989 0.797206 0.012369 0.012369
1 0.701172 0.779297 0.014947 0.014947
1 0.732422 0.777344 0.014947 0.014947
1 0.769531 0.763672 0.014947 0.014947
1 0.929814 0.726794 0.019022 0.019022
1 0.582031 0.675781 0.014947 0.014947
1 0.730469 0.654297 0.014947 0.014947
1 0.529297 0.593750 0.014947 0.014947
1 0.433594 0.507812 0.014947 0.014947
1 0.259766 0.492188 0.014947 0.014947
1 0.482549 0.459216 0.019022 0.019022
1 0.400391 0.302734 0.014947 0.014947
1 0.531250 0.289062 0.014947 0.014947
1 0.339844 0.263672 0.014947 0.014947
1 0.179688 0.261719 0.014947 0.014947
1 0.212891 0.224609 0.014947 0.014947
1 0.349609 0.218750 0.014947 0.014947
1 0.449219 0.140625 0.014947 0.014947
1 0.138672 0.130859 0.014947 0.014947
1 0.281250 0.117188 0.014947 0.014947
1 0.068411 0.096034 0.012369 0.012369
1 0.136719 0.076172 0.014947 0.014947
1 0.076224 0.078456 0.012369 0.012369
1 0.341797 0.013672 0.014947 0.014947
1 0.677734 0.976562 0.014947 0.014947
1 0.902470 0.935778 0.019022 0.019022
1 0.779297 0.923828 0.014947 0.014947
1 0.951172 0.912109 0.014947 0.014947
1 0.939453 0.863281 0.014947 0.014947
1 0.541016 0.832031 0.014947 0.014947
1 0.369141 0.818359 0.014947 0.014947
1 0.457083 0.812831 0.012369 0.012369
1 0.484375 0.773438 0.014947 0.014947
1 0.671875 0.746094 0.014947 0.014947
1 0.119192 0.738612 0.012369 0.012369
1 0.578125 0.726562 0.014947 0.014947
1 0.312627 0.699450 0.019022 0.019022
1 0.746094 0.681641 0.014947 0.014947
1 0.605520 0.672206 0.012369 0.012369
1 0.300781 0.570312 0.014947 0.014947
1 0.289062 0.550781 0.014947 0.014947
1 0.332031 0.476562 0.014947 0.014947
1 0.357422 0.470703 0.014947 0.014947
1 0.285156 0.468750 0.014947 0.014947
1 0.447266 0.457031 0.014947 0.014947
1 0.183594 0.410156 0.014947 0.014947
1 0.169922 0.349609 0.014947 0.014947
1 0.453125 0.242188 0.014947 0.014947
1 0.087891 0.226562 0.014947 0.014947
