1 0.015625 0.031250 0.014947 0.014947
1 0.410208 0.584315 0.012369 0.012369
1 0.371220 0.345935 0.019022 0.019022
1 0.859375 0.066406 0.014947 0.014947
1 0.585938 0.316406 0.014947 0.014947
1 0.993501 0.277580 0.011557 0.011557
1 0.945312 0.169922 0.014947 0.014947
1 0.837891 0.148438 0.014947 0.014947
1 0.560547 0.105469 0.014947 0.014947
1 0.742188 0.093750 0.014947 0.014947
1 0.898438 0.039062 0.014947 0.014947
1 0.777344 0.296875 0.014947 0.014947
1 0.597656 0.275391 0.014947 0.014947
1 0.482474 0.217128 0.012369 0.012369
1 0.753906 0.119141 0.014947 0.014947
1 0.322266 0.029297 0.014947 0.014947
1 0.919922 0.025391 0.014947 0.014947
1 0.339844 0.009766 0.014947 0.014947
1 0.382812 0.002325 0.005831 0.005831
1 0.787109 0.617188 0.014947 0.014947
1 0.900391 0.603516 0.014947 0.014947
1 0.798880 0.525721 0.012369 0.012369
1 0.447266 0.513672 0.014947 0.014947
1 0.759766 0.478516 0.014947 0.014947
1 0.173880 0.457362 0.012369 0.012369
1 0.658203 0.453125 0.014947 0.014947
1 0.345703 0.437500 0.014947 0.014947
1 0.769658 0.422107 0.019022 0.019022
1 0.681641 0.373047 0.014947 0.014947
1 0.636719 0.339844 0.014947 0.014947
1 0.218750 0.304688 0.014947 0.014947
1 0.302734 0.292969 0.014947 0.014947
1 0.468750 0.261719 0.014947 0.014947
1 0.261719 0.259766 0.014947 0.014947
1 0.097656 0.244141 0.014947 0.014947
1 0.181641 0.205078 0.014947 0.014947
1 0.064453 0.201172 0.014947 0.014947
1 0.240361 0.189685 0.019022 0.019022
1 0.240234 0.111328 0.014947 0.014947
1 0.230469 0.082031 0.014947 0.014947
1 0.050781 0.033203 0.014947 0.014947
1 0.890625 0.736328 0.014947 0.014947
1 0.783203 0.697266 0.014947 0.014947
1 0.771484 0.669922 0.014947 0.014947
1 0.677734 0.632812 0.014947 0.014947
1 0.576224 0.617518 0.012369 0.012369
1 0.615234 0.583984 0.014947 0.014947
1 0.500000 0.539062 0.014947 0.014947
1 0.820312 0.529297 0.014947 0.014947
1 0.414062 0.513672 0.014947 0.014947
1 0.632812 0.488281 0.014947 0.014947
1 0.150442 0.465174 0.012369 0.012369
1 0.408203 0.451172 0.014947 0.014947
1 0.400391 0.402344 0.014947 0.014947
1 0.005911 0.219081 0.012369 0.012369
1 0.019531 0.158203 0.014947 0.014947
1 0.683594 0.912109 0.014947 0.014947
1 0.656250 0.898438 0.014947 0.014947
1 0.689453 0.857422 0.014947 0.014947
1 0.742188 0.847656 0.014947 0.014947
1 0.958984 0.820312 0.014947 0.014947
1 0.720703 0.798828 0.014947 0.014947
1 0.902344 0.787109 0.014947 0.014947
1 0.988281 0.777344 0.014947 0.014947
1 0.722656 0.746094 0.014947 0.014947
1 0.687500 0.714844 0.014947 0.014947
1 0.296875 0.693359 0.014947 0.014947
1 0.714844 0.687500 0.014947 0.014947
1 0.912109 0.673828 0.014947 0.014947
1 0.414062 0.662109 0.014947 0.014947
1 0.277344 0.656250 0.014947 0.014947
1 0.224609 0.632812 0.014947 0.014947
1 0.558594 0.626953 0.014947 0.014947
1 0.480469 0.562500 0.014947 0.014947
1 0.062500 0.466797 0.014947 0.014947
1 0.226562 0.408203 0.014947 0.014947
1 0.578125 0.986328 0.014947 0.014947
1 0.394531 0.974609 0.014947 0.014947
1 0.945312 0.970703 0.014947 0.014947
1 0.248047 0.962891 0.014947 0.014947
1 0.939580 0.931872 0.019022 0.019022
1 0.349736 0.912341 0.019022 0.019022
1 0.166016 0.845703 0.014947 0.014947
1 0.539062 0.738281 0.014947 0.014947
1 0.296875 0.732422 0.014947 0.014947
1 0.095703 0.732422 0.014947 0.014947
1 0.074219 0.630859 0.014947 0.014947
1 0.089844 0.541016 0.014947 0.014947
1 0.664062 0.982422 0.014947 0.014947
1 0.269531 0.878906 0.014947 0.014947
1 0.011719 0.863281 0.014947 0.014947
1 0.416016 0.851562 0.014947 0.014947
1 0.023438 0.912109 0.014947 0.014947
1 0.335989 0.543299 0.012369 0.012369
1 0.351614 0.531581 0.012369 0.012369
1 0.253958 0.455409 0.012369 0.012369
1 0.240286 0.447596 0.012369 0.012369
1 0.400442 0.597987 0.012369 0.012369
