1 0.869141 0.693359 0.014947 0.014947
1 0.648438 0.759766 0.014947 0.014947
1 0.957083 0.764003 0.012369 0.012369
1 0.826172 0.841797 0.014947 0.014947
1 0.935547 0.863281 0.014947 0.014947
1 0.871094 0.873047 0.014947 0.014947
1 0.300833 0.924159 0.012369 0.012369
1 0.993501 0.965080 0.011557 0.011557
1 0.796875 0.966797 0.014947 0.014947
1 0.669922 0.970703 0.014947 0.014947
1 0.333984 0.003906 0.006233 0.006233
1 0.279297 0.033203 0.014947 0.014947
1 0.794922 0.041016 0.014947 0.014947
1 0.384766 0.068359 0.014947 0.014947
1 0.423828 0.072266 0.014947 0.014947
1 0.525391 0.167969 0.014947 0.014947
1 0.392578 0.171875 0.014947 0.014947
1 0.326172 0.187500 0.014947 0.014947
1 0.748047 0.236328 0.014947 0.014947
1 0.908203 0.238281 0.014947 0.014947
1 0.591849 0.248378 0.012369 0.012369
1 0.993501 0.285393 0.011557 0.011557
1 0.972656 0.324219 0.014947 0.014947
1 0.964844 0.378906 0.014947 0.014947
1 0.677734 0.382812 0.014947 0.014947
1 0.777344 0.402344 0.014947 0.014947
1 0.984375 0.400391 0.014947 0.014947
1 0.751953 0.406250 0.014947 0.014947
1 0.865234 0.447266 0.014947 0.014947
1 0.769531 0.478516 0.014947 0.014947
1 0.695312 0.517578 0.014947 0.014947
1 0.734375 0.550781 0.014947 0.014947
1 0.875127 0.810778 0.019022 0.019022
1 0.861455 0.254138 0.019022 0.019022
1 0.037109 0.167969 0.014947 0.014947
1 0.310674 0.414294 0.019022 0.019022
1 0.056767 0.920153 0.019022 0.019022
1 0.460938 0.033203 0.014947 0.014947
1 0.988408 0.836169 0.019022 0.019022
1 0.744141 0.498047 0.014947 0.014947
1 0.781302 0.453456 0.012369 0.012369
1 0.865234 0.398438 0.014947 0.014947
1 0.269531 0.335938 0.014947 0.014947
1 0.812500 0.320312 0.014947 0.014947
1 0.320364 0.246424 0.012369 0.012369
1 0.660156 0.189453 0.014947 0.014947
1 0.433594 0.185547 0.014947 0.014947
1 0.757812 0.126953 0.014947 0.014947
1 0.791016 0.107422 0.014947 0.014947
1 0.464895 0.070643 0.012369 0.012369
1 0.199270 0.900721 0.012369 0.012369
1 0.884892 0.170153 0.019022 0.019022
1 0.218750 0.908203 0.014947 0.014947
1 0.400391 0.628906 0.014947 0.014947
1 0.128906 0.875000 0.014947 0.014947
1 0.306641 0.943359 0.014947 0.014947
1 0.214970 0.377185 0.019022 0.019022
1 0.130986 0.578357 0.019022 0.019022
1 0.212891 0.632812 0.014947 0.014947
1 0.667969 0.806641 0.014947 0.014947
1 0.369141 0.826172 0.014947 0.014947
1 0.134766 0.830078 0.014947 0.014947
1 0.320312 0.841797 0.014947 0.014947
1 0.066406 0.853516 0.014947 0.014947
1 0.337891 0.880859 0.014947 0.014947
1 0.439453 0.882812 0.014947 0.014947
1 0.589844 0.945312 0.014947 0.014947
1 0.101562 0.044922 0.014947 0.014947
1 0.193359 0.359375 0.014947 0.014947
1 0.404297 0.376953 0.014947 0.014947
1 0.083984 0.410156 0.014947 0.014947
1 0.333984 0.433594 0.014947 0.014947
1 0.005911 0.515956 0.012369 0.012369
1 0.160156 0.531250 0.014947 0.014947
1 0.351614 0.572596 0.012369 0.012369
1 0.394531 0.576172 0.014947 0.014947
1 0.232422 0.623047 0.014947 0.014947
1 0.783203 0.634766 0.014947 0.014947
1 0.253906 0.636719 0.014947 0.014947
1 0.136719 0.642578 0.014947 0.014947
1 0.908203 0.687500 0.014947 0.014947
1 0.597656 0.693359 0.014947 0.014947
1 0.439453 0.703125 0.014947 0.014947
1 0.345703 0.712891 0.014947 0.014947
1 0.902344 0.714844 0.014947 0.014947
1 0.375000 0.726562 0.014947 0.014947
1 0.294922 0.755859 0.014947 0.014947
1 0.074219 0.779297 0.014947 0.014947
1 0.400391 0.804688 0.014947 0.014947
1 0.533203 0.851562 0.014947 0.014947
1 0.341797 0.935547 0.014947 0.014947
1 0.720703 0.937500 0.014947 0.014947
1 0.757812 0.937500 0.014947 0.014947
1 0.005911 0.078456 0.012369 0.012369
1 0.162109 0.099609 0.014947 0.014947
1 0.240234 0.117188 0.014947 0.014947
1 0.156250 0.126953 0.014947 0.014947
1 0.501953 0.136719 0.014947 0.014947
1 0.890625 0.066406 0.014947 0.014947
1 0.408203 0.050781 0.014947 0.014947
1 0.943359 0.037109 0.014947 0.014947
1 0.824219 0.033203 0.014947 0.014947
1 0.757812 0.015625 0.014947 0.014947
1 0.902344 0.931641 0.014947 0.014947
1 0.966849 0.744471 0.012369 0.012369
1 0.638672 0.710938 0.014947 0.014947
1 0.960938 0.708984 0.014947 0.014947
1 0.654297 0.675781 0.014947 0.014947
1 0.904297 0.640625 0.014947 0.014947
1 0.966797 0.638672 0.014947 0.014947
1 0.292969 0.619141 0.014947 0.014947
1 0.914062 0.589844 0.014947 0.014947
1 0.052786 0.238612 0.012369 0.012369
1 0.468802 0.709315 0.012369 0.012369
1 0.484427 0.711268 0.012369 0.012369
1 0.464895 0.722987 0.012369 0.012369
1 0.763724 0.596034 0.012369 0.012369
1 0.765677 0.578456 0.012369 0.012369
1 0.773489 0.976893 0.012369 0.012369
1 0.763724 0.965174 0.012369 0.012369
1 0.134817 0.678065 0.012369 0.012369
1 0.119192 0.689784 0.012369 0.012369
1 0.793020 0.437831 0.012369 0.012369
1 0.791067 0.420253 0.012369 0.012369
1 0.005911 0.244471 0.012369 0.012369
1 0.027395 0.416346 0.012369 0.012369
1 0.037161 0.394862 0.012369 0.012369
1 0.089844 0.144531 0.014947 0.014947
1 0.136770 0.160487 0.012369 0.012369
1 0.269531 0.167969 0.014947 0.014947
1 0.181641 0.199219 0.014947 0.014947
1 0.261719 0.199219 0.014947 0.014947
1 0.953125 0.214844 0.014947 0.014947
1 0.144531 0.220703 0.014947 0.014947
1 0.574219 0.257812 0.014947 0.014947
1 0.294922 0.267578 0.014947 0.014947
1 0.294922 0.291016 0.014947 0.014947
1 0.115234 0.306641 0.014947 0.014947
1 0.132812 0.326172 0.014947 0.014947
1 0.478516 0.332031 0.014947 0.014947
1 0.281250 0.351562 0.014947 0.014947
1 0.617188 0.359375 0.014947 0.014947
1 0.187500 0.406250 0.014947 0.014947
1 0.593750 0.421875 0.014947 0.014947
1 0.710938 0.447266 0.014947 0.014947
1 0.232422 0.494141 0.014947 0.014947
1 0.203125 0.500000 0.014947 0.014947
1 0.912109 0.546875 0.014947 0.014947
1 0.332083 0.578456 0.012369 0.012369
1 0.867188 0.582031 0.014947 0.014947
1 0.728516 0.595703 0.014947 0.014947
1 0.369141 0.607422 0.014947 0.014947
1 0.746094 0.656250 0.014947 0.014947
1 0.689453 0.658203 0.014947 0.014947
1 0.324219 0.685547 0.014947 0.014947
1 0.423828 0.687500 0.014947 0.014947
1 0.513724 0.740565 0.012369 0.012369
