1 0.861380 0.769862 0.012369 0.012369
1 0.822266 0.552734 0.014947 0.014947
1 0.894531 0.378906 0.014947 0.014947
1 0.794922 0.267578 0.014947 0.014947
1 0.324219 0.226562 0.014947 0.014947
1 0.886719 0.210938 0.014947 0.014947
1 0.470755 0.201503 0.012369 0.012369
1 0.970703 0.132812 0.014947 0.014947
1 0.777344 0.105469 0.014947 0.014947
1 0.650391 0.087891 0.014947 0.014947
1 0.683594 0.078125 0.014947 0.014947
1 0.867188 0.052734 0.014947 0.014947
1 0.175781 0.048828 0.014947 0.014947
1 0.154297 0.669922 0.014947 0.014947
1 0.007864 0.863612 0.012369 0.012369
1 0.423828 0.880859 0.014947 0.014947
1 0.505859 0.896484 0.014947 0.014947
1 0.501953 0.964844 0.014947 0.014947
1 0.382864 0.990565 0.012369 0.012369
1 0.644531 0.187500 0.014947 0.014947
1 0.099609 0.257812 0.014947 0.014947
1 0.037109 0.378906 0.014947 0.014947
1 0.058594 0.400391 0.014947 0.014947
1 0.093750 0.421875 0.014947 0.014947
1 0.316406 0.496094 0.014947 0.014947
1 0.236328 0.525391 0.014947 0.014947
1 0.111328 0.527344 0.014947 0.014947
1 0.242188 0.578125 0.014947 0.014947
1 0.558594 0.593750 0.014947 0.014947
1 0.093750 0.611328 0.014947 0.014947
1 0.128906 0.623047 0.014947 0.014947
1 0.039062 0.638672 0.014947 0.014947
1 0.205078 0.660156 0.014947 0.014947
1 0.933594 0.019531 0.014947 0.014947
1 0.808594 0.679688 0.014947 0.014947
1 0.859375 0.660156 0.014947 0.014947
1 0.923828 0.488281 0.014947 0.014947
1 0.845703 0.462891 0.014947 0.014947
1 0.279297 0.447266 0.014947 0.014947
1 0.730520 0.424159 0.012369 0.012369
1 0.345703 0.400391 0.014947 0.014947
1 0.925781 0.355469 0.014947 0.014947
1 0.357422 0.304688 0.014947 0.014947
1 0.748047 0.287109 0.014947 0.014947
1 0.351562 0.277344 0.014947 0.014947
1 0.187500 0.275391 0.014947 0.014947
1 0.951172 0.248047 0.014947 0.014947
1 0.273438 0.203125 0.014947 0.014947
1 0.562500 0.179688 0.014947 0.014947
1 0.642578 0.152344 0.014947 0.014947
1 0.837891 0.126953 0.014947 0.014947
1 0.525391 0.109375 0.014947 0.014947
1 0.210938 0.085938 0.014947 0.014947
1 0.341849 0.080409 0.012369 0.012369
1 0.339844 0.058594 0.014947 0.014947
1 0.369192 0.006190 0.012369 0.012369
1 0.933645 0.972987 0.012369 0.012369
1 0.810547 0.976562 0.014947 0.014947
1 0.912109 0.953125 0.014947 0.014947
1 0.834036 0.902674 0.012369 0.012369
1 0.625000 0.859375 0.014947 0.014947
1 0.470703 0.853516 0.014947 0.014947
1 0.332031 0.818359 0.014947 0.014947
1 0.593750 0.789062 0.014947 0.014947
1 0.904297 0.769531 0.014947 0.014947
1 0.039114 0.744471 0.012369 0.012369
1 0.591797 0.742188 0.014947 0.014947
1 0.617188 0.728516 0.014947 0.014947
1 0.710938 0.710938 0.014947 0.014947
1 0.773438 0.689453 0.014947 0.014947
1 0.068359 0.621094 0.014947 0.014947
1 0.363281 0.593750 0.014947 0.014947
1 0.207083 0.590174 0.012369 0.012369
1 0.388672 0.587891 0.014947 0.014947
1 0.470755 0.586268 0.012369 0.012369
1 0.279297 0.578125 0.014947 0.014947
1 0.078125 0.558594 0.014947 0.014947
1 0.398438 0.542969 0.014947 0.014947
1 0.697266 0.507812 0.014947 0.014947
1 0.460938 0.501953 0.014947 0.014947
1 0.765625 0.498047 0.014947 0.014947
1 0.371094 0.494141 0.014947 0.014947
1 0.271484 0.490234 0.014947 0.014947
1 0.328125 0.462891 0.014947 0.014947
1 0.412109 0.439453 0.014947 0.014947
1 0.970703 0.421875 0.014947 0.014947
1 0.550781 0.402344 0.014947 0.014947
1 0.138672 0.400391 0.014947 0.014947
1 0.189453 0.367188 0.014947 0.014947
1 0.396484 0.365234 0.014947 0.014947
1 0.460938 0.333984 0.014947 0.014947
1 0.044922 0.324219 0.014947 0.014947
1 0.503906 0.292969 0.014947 0.014947
1 0.603516 0.289062 0.014947 0.014947
1 0.068359 0.285156 0.014947 0.014947
1 0.466797 0.175781 0.014947 0.014947
1 0.015625 0.037109 0.014947 0.014947
1 0.589844 0.962891 0.014947 0.014947
1 0.386719 0.902344 0.014947 0.014947
1 0.210989 0.967128 0.012369 0.012369
1 0.224661 0.959315 0.012369 0.012369
1 0.054739 0.836268 0.012369 0.012369
1 0.068411 0.836268 0.012369 0.012369
1 0.425781 0.693359 0.014947 0.014947
1 0.443359 0.693359 0.014947 0.014947
1 0.880859 0.400391 0.014947 0.014947
1 0.869141 0.412109 0.014947 0.014947
1 0.222656 0.308594 0.014947 0.014947
1 0.238281 0.330078 0.014947 0.014947
1 0.589844 0.097656 0.014947 0.014947
1 0.603516 0.109375 0.014947 0.014947
1 0.589844 0.115234 0.014947 0.014947
1 0.066458 0.965174 0.012369 0.012369
1 0.986380 0.945643 0.012369 0.012369
1 0.904297 0.917969 0.014947 0.014947
1 0.314453 0.876953 0.014947 0.014947
1 0.664062 0.855469 0.014947 0.014947
1 0.560547 0.847656 0.014947 0.014947
1 0.195312 0.845703 0.014947 0.014947
1 0.820312 0.830078 0.014947 0.014947
1 0.228567 0.814784 0.012369 0.012369
1 0.128906 0.777344 0.014947 0.014947
1 0.029349 0.764003 0.012369 0.012369
1 0.156250 0.720703 0.014947 0.014947
1 0.839844 0.720703 0.014947 0.014947
1 0.033203 0.708984 0.014947 0.014947
1 0.376953 0.693359 0.014947 0.014947
1 0.687500 0.132812 0.014947 0.014947
1 0.025391 0.214844 0.014947 0.014947
1 0.361328 0.716797 0.014947 0.014947
1 0.433594 0.744141 0.014947 0.014947
1 0.519531 0.818359 0.014947 0.014947
1 0.207083 0.822596 0.012369 0.012369
1 0.386719 0.843750 0.014947 0.014947
1 0.287236 0.056872 0.019022 0.019022
1 0.929814 0.804919 0.019022 0.019022
1 0.972783 0.904528 0.019022 0.019022
1 0.775517 0.748278 0.019022 0.019022
1 0.666016 0.654297 0.014947 0.014947
1 0.449345 0.584216 0.019022 0.019022
1 0.269658 0.968982 0.019022 0.019022
1 0.656302 0.637049 0.012369 0.012369
1 0.990286 0.039393 0.012369 0.012369
