1 0.009817 0.039393 0.012369 0.012369
1 0.769583 0.842128 0.012369 0.012369
1 0.208984 0.755859 0.014947 0.014947
1 0.126953 0.710938 0.014947 0.014947
1 0.914189 0.685778 0.019022 0.019022
1 0.589970 0.664294 0.019022 0.019022
1 0.855469 0.597656 0.014947 0.014947
1 0.523438 0.896484 0.014947 0.014947
1 0.232422 0.017578 0.030378 0.030378
1 0.414062 0.341797 0.014947 0.014947
1 0.486328 0.853516 0.014947 0.014947
1 0.685547 0.035156 0.006233 0.006233
1 0.203252 0.342028 0.019022 0.019022
1 0.904297 0.205078 0.014947 0.014947
1 0.054688 0.164062 0.014947 0.014947
1 0.652344 0.070312 0.014947 0.014947
1 0.300781 0.978516 0.014947 0.014947
1 0.279297 0.875000 0.014947 0.014947
1 0.392578 0.871094 0.014947 0.014947
1 0.332083 0.869471 0.012369 0.012369
1 0.605595 0.349841 0.019022 0.019022
1 0.585938 0.392578 0.014947 0.014947
1 0.451172 0.410156 0.014947 0.014947
1 0.142578 0.447266 0.014947 0.014947
1 0.322266 0.455078 0.014947 0.014947
1 0.576172 0.492188 0.014947 0.014947
1 0.363408 0.494372 0.019022 0.019022
1 0.017578 0.513672 0.014947 0.014947
1 0.673828 0.548828 0.014947 0.014947
1 0.259817 0.578456 0.012369 0.012369
1 0.546875 0.582031 0.014947 0.014947
1 0.701172 0.599609 0.014947 0.014947
1 0.535156 0.619141 0.014947 0.014947
1 0.359375 0.634766 0.014947 0.014947
1 0.437627 0.691638 0.019022 0.019022
1 0.734375 0.751953 0.014947 0.014947
1 0.062500 0.890625 0.014947 0.014947
1 0.662109 0.927734 0.014947 0.014947
1 0.791016 0.017578 0.014947 0.014947
1 0.158203 0.125000 0.014947 0.014947
1 0.251953 0.228516 0.014947 0.014947
1 0.455078 0.238281 0.014947 0.014947
1 0.306641 0.291016 0.014947 0.014947
1 0.974609 0.349609 0.014947 0.014947
1 0.042969 0.365234 0.014947 0.014947
1 0.460938 0.369141 0.014947 0.014947
1 0.785156 0.445312 0.014947 0.014947
1 0.812500 0.537109 0.014947 0.014947
1 0.894531 0.570312 0.014947 0.014947
