1 0.683594 0.285156 0.014947 0.014947
1 0.589844 0.263672 0.014947 0.014947
1 0.726562 0.004883 0.011662 0.011662
1 0.546875 0.990234 0.014947 0.014947
1 0.824219 0.921875 0.014947 0.014947
1 0.875000 0.863281 0.014947 0.014947
1 0.378906 0.628906 0.014947 0.014947
1 0.900391 0.578125 0.014947 0.014947
1 0.539062 0.568359 0.014947 0.014947
1 0.597656 0.449219 0.014947 0.014947
1 0.728642 0.381091 0.019022 0.019022
1 0.564580 0.299060 0.019022 0.019022
1 0.562500 0.275391 0.014947 0.014947
1 0.369141 0.152344 0.014947 0.014947
1 0.709111 0.138903 0.019022 0.019022
1 0.791016 0.125000 0.014947 0.014947
1 0.632812 0.099609 0.014947 0.014947
1 0.076172 0.033203 0.014947 0.014947
1 0.808594 0.945312 0.014947 0.014947
1 0.275391 0.968750 0.014947 0.014947
1 0.175781 0.972656 0.014947 0.014947
1 0.300781 0.972656 0.014947 0.014947
1 0.427734 0.798828 0.014947 0.014947
1 0.468802 0.291346 0.012369 0.012369
1 0.168020 0.273768 0.012369 0.012369
1 0.158255 0.215174 0.012369 0.012369
1 0.900442 0.951503 0.012369 0.012369
1 0.021536 0.318690 0.012369 0.012369
1 0.363281 0.898438 0.014947 0.014947
1 0.039062 0.904297 0.014947 0.014947
1 0.482422 0.931641 0.014947 0.014947
1 0.097656 0.935547 0.014947 0.014947
1 0.027344 0.004883 0.011662 0.011662
1 0.138672 0.029297 0.014947 0.014947
1 0.267578 0.251953 0.014947 0.014947
1 0.033203 0.382812 0.014947 0.014947
1 0.007864 0.523768 0.012369 0.012369
1 0.039062 0.755859 0.014947 0.014947
1 0.654297 0.009766 0.014947 0.014947
1 0.232422 0.029297 0.014947 0.014947
1 0.156250 0.822266 0.014947 0.014947
1 0.808720 0.758044 0.019022 0.019022
1 0.654297 0.837891 0.014947 0.014947
1 0.531250 0.857422 0.014947 0.014947
1 0.955078 0.876953 0.014947 0.014947
1 0.898564 0.902575 0.019022 0.019022
1 0.582158 0.404528 0.019022 0.019022
1 0.993501 0.177971 0.011557 0.011557
1 0.939453 0.103516 0.014947 0.014947
1 0.582031 0.716797 0.014947 0.014947
1 0.708984 0.650391 0.014947 0.014947
1 0.451172 0.539062 0.014947 0.014947
1 0.953125 0.427734 0.014947 0.014947
1 0.535156 0.419922 0.014947 0.014947
1 0.517578 0.363281 0.022475 0.022475
1 0.986328 0.332031 0.014947 0.014947
