1 0.970703 0.853516 0.014947 0.014947
1 0.652344 0.916016 0.014947 0.014947
1 0.753958 0.840174 0.012369 0.012369
1 0.734375 0.822266 0.014947 0.014947
1 0.947266 0.527344 0.014947 0.014947
1 0.539062 0.244141 0.014947 0.014947
1 0.269531 0.234375 0.014947 0.014947
1 0.154297 0.205078 0.014947 0.014947
1 0.531250 0.138672 0.014947 0.014947
1 0.781250 0.037109 0.014947 0.014947
1 0.355469 0.871094 0.014947 0.014947
1 0.197266 0.826172 0.014947 0.014947
1 0.755911 0.863612 0.012369 0.012369
1 0.447266 0.810547 0.014947 0.014947
1 0.294922 0.427734 0.014947 0.014947
1 0.277344 0.988281 0.014947 0.014947
1 0.128906 0.939453 0.014947 0.014947
1 0.031250 0.857422 0.014947 0.014947
1 0.103516 0.767578 0.014947 0.014947
1 0.216797 0.726562 0.014947 0.014947
1 0.148438 0.986328 0.014947 0.014947
1 0.666016 0.980469 0.014947 0.014947
1 0.400391 0.093750 0.014947 0.014947
1 0.283203 0.142578 0.014947 0.014947
1 0.386719 0.386719 0.014947 0.014947
1 0.603516 0.484375 0.014947 0.014947
1 0.037109 0.566406 0.014947 0.014947
1 0.982422 0.570312 0.014947 0.014947
1 0.699219 0.771484 0.014947 0.014947
1 0.634766 0.826172 0.014947 0.014947
