1 0.455078 0.248047 0.014947 0.014947
1 0.787109 0.171875 0.014947 0.014947
1 0.968750 0.531250 0.014947 0.014947
1 0.761719 0.494141 0.014947 0.014947
1 0.800781 0.259766 0.014947 0.014947
1 0.851562 0.160156 0.014947 0.014947
1 0.707031 0.144531 0.014947 0.014947
1 0.976562 0.144531 0.014947 0.014947
1 0.976562 0.892578 0.014947 0.014947
1 0.474609 0.824219 0.014947 0.014947
1 0.894531 0.708984 0.014947 0.014947
1 0.921875 0.578125 0.014947 0.014947
1 0.759766 0.345703 0.014947 0.014947
1 0.931641 0.310547 0.014947 0.014947
1 0.931641 0.261719 0.014947 0.014947
1 0.611328 0.261719 0.014947 0.014947
1 0.470703 0.232422 0.014947 0.014947
1 0.544922 0.193359 0.014947 0.014947
1 0.724609 0.162109 0.014947 0.014947
1 0.457031 0.136719 0.014947 0.014947
1 0.791016 0.091797 0.014947 0.014947
1 0.640625 0.050781 0.014947 0.014947
1 0.777344 0.978516 0.014947 0.014947
1 0.791067 0.947596 0.012369 0.012369
1 0.894531 0.937500 0.014947 0.014947
1 0.740234 0.890625 0.014947 0.014947
1 0.845703 0.863281 0.014947 0.014947
1 0.662109 0.839844 0.014947 0.014947
1 0.972656 0.769531 0.014947 0.014947
1 0.878906 0.662109 0.014947 0.014947
1 0.765625 0.650391 0.014947 0.014947
1 0.132812 0.644531 0.014947 0.014947
1 0.427734 0.490234 0.014947 0.014947
1 0.576172 0.474609 0.014947 0.014947
1 0.359427 0.363612 0.012369 0.012369
1 0.494141 0.343750 0.014947 0.014947
1 0.564580 0.328357 0.019022 0.019022
1 0.830078 0.310547 0.030378 0.030378
1 0.132812 0.279297 0.014947 0.014947
1 0.335938 0.269531 0.014947 0.014947
1 0.398564 0.154528 0.019022 0.019022
1 0.541016 0.240234 0.014947 0.014947
1 0.578252 0.199450 0.019022 0.019022
1 0.417969 0.177734 0.014947 0.014947
1 0.332031 0.068359 0.014947 0.014947
1 0.605469 0.968750 0.014947 0.014947
1 0.835938 0.937500 0.014947 0.014947
1 0.427734 0.908203 0.014947 0.014947
1 0.642578 0.804688 0.014947 0.014947
1 0.150391 0.562500 0.014947 0.014947
1 0.390625 0.484375 0.014947 0.014947
1 0.953125 0.437500 0.014947 0.014947
1 0.222656 0.382812 0.014947 0.014947
1 0.035156 0.330078 0.014947 0.014947
1 0.185674 0.326403 0.019022 0.019022
1 0.248047 0.298828 0.014947 0.014947
1 0.115234 0.140625 0.014947 0.014947
1 0.351562 0.927734 0.014947 0.014947
1 0.277344 0.697266 0.014947 0.014947
1 0.259766 0.681641 0.014947 0.014947
1 0.476562 0.679688 0.014947 0.014947
1 0.087891 0.566406 0.014947 0.014947
1 0.126953 0.542969 0.014947 0.014947
1 0.474609 0.488281 0.014947 0.014947
1 0.066406 0.478516 0.014947 0.014947
1 0.289062 0.429688 0.014947 0.014947
1 0.072317 0.320643 0.012369 0.012369
1 0.023438 0.033203 0.014947 0.014947
1 0.234375 0.968750 0.014947 0.014947
1 0.158203 0.865234 0.014947 0.014947
1 0.050781 0.853516 0.014947 0.014947
1 0.009817 0.799159 0.012369 0.012369
1 0.253906 0.539062 0.014947 0.014947
1 0.236328 0.544922 0.014947 0.014947
1 0.271484 0.640625 0.014947 0.014947
1 0.261719 0.654297 0.014947 0.014947
1 0.685547 0.457031 0.014947 0.014947
1 0.058594 0.294922 0.014947 0.014947
1 0.226562 0.093750 0.014947 0.014947
1 0.109502 0.062732 0.019022 0.019022
