1 0.992239 0.855799 0.012369 0.012369
1 0.511719 0.662109 0.014947 0.014947
1 0.544922 0.542969 0.014947 0.014947
1 0.019531 0.527344 0.014947 0.014947
1 0.591797 0.339844 0.014947 0.014947
1 0.423828 0.787109 0.014947 0.014947
1 0.072266 0.675781 0.014947 0.014947
1 0.042969 0.853516 0.014947 0.014947
1 0.054688 0.570312 0.014947 0.014947
1 0.804688 0.703125 0.014947 0.014947
1 0.238281 0.736328 0.014947 0.014947
1 0.308594 0.017578 0.014947 0.014947
1 0.363281 0.095703 0.014947 0.014947
1 0.335938 0.195312 0.014947 0.014947
1 0.525391 0.207031 0.014947 0.014947
1 0.455078 0.222656 0.014947 0.014947
1 0.402344 0.289062 0.014947 0.014947
1 0.556641 0.349609 0.014947 0.014947
1 0.492188 0.462891 0.014947 0.014947
1 0.339844 0.484375 0.014947 0.014947
1 0.918095 0.494372 0.019022 0.019022
1 0.509766 0.582031 0.014947 0.014947
1 0.308594 0.628906 0.014947 0.014947
1 0.330130 0.633143 0.012369 0.012369
1 0.855469 0.648438 0.014947 0.014947
1 0.710938 0.656250 0.014947 0.014947
1 0.861328 0.837891 0.014947 0.014947
1 0.916016 0.929688 0.014947 0.014947
1 0.824219 0.115234 0.014947 0.014947
1 0.595703 0.148438 0.014947 0.014947
1 0.666016 0.187500 0.014947 0.014947
1 0.529297 0.250000 0.014947 0.014947
1 0.974609 0.482422 0.014947 0.014947
1 0.847656 0.595703 0.014947 0.014947
1 0.876953 0.261719 0.014947 0.014947
1 0.960938 0.123047 0.022475 0.022475
