1 0.576172 0.798828 0.014947 0.014947
1 0.423828 0.800781 0.014947 0.014947
1 0.169922 0.351562 0.030378 0.030378
1 0.441406 0.357422 0.022475 0.022475
1 0.890625 0.476562 0.022475 0.022475
1 0.175833 0.687831 0.012369 0.012369
1 0.562552 0.762049 0.012369 0.012369
1 0.576224 0.752284 0.012369 0.012369
1 0.255911 0.637049 0.012369 0.012369
1 0.250052 0.619471 0.012369 0.012369
1 0.392630 0.594081 0.012369 0.012369
1 0.402395 0.582362 0.012369 0.012369
1 0.074270 0.627284 0.012369 0.012369
1 0.068411 0.613612 0.012369 0.012369
1 0.322317 0.418299 0.012369 0.012369
1 0.334036 0.414393 0.012369 0.012369
1 0.617239 0.476893 0.012369 0.012369
1 0.625052 0.494471 0.012369 0.012369
1 0.781302 0.498378 0.012369 0.012369
1 0.787161 0.482753 0.012369 0.012369
1 0.761770 0.476893 0.012369 0.012369
1 0.755911 0.457362 0.012369 0.012369
1 0.644583 0.431971 0.012369 0.012369
1 0.628958 0.435878 0.012369 0.012369
1 0.636770 0.455409 0.012369 0.012369
1 0.677786 0.459315 0.012369 0.012369
1 0.669974 0.447596 0.012369 0.012369
1 0.677786 0.435878 0.012369 0.012369
1 0.763724 0.519862 0.012369 0.012369
1 0.748099 0.527674 0.012369 0.012369
1 0.750052 0.539393 0.012369 0.012369
1 0.798880 0.586268 0.012369 0.012369
1 0.812552 0.580409 0.012369 0.012369
1 0.810599 0.406581 0.012369 0.012369
1 0.802786 0.390956 0.012369 0.012369
1 0.808645 0.377284 0.012369 0.012369
1 0.812552 0.363612 0.012369 0.012369
1 0.621145 0.390956 0.012369 0.012369
1 0.605520 0.381190 0.012369 0.012369
1 0.601614 0.361659 0.012369 0.012369
1 0.619192 0.349940 0.012369 0.012369
1 0.496145 0.527674 0.012369 0.012369
1 0.500052 0.512049 0.012369 0.012369
1 0.527395 0.525721 0.012369 0.012369
1 0.519583 0.512049 0.012369 0.012369
1 0.080130 0.408534 0.012369 0.012369
1 0.097708 0.418299 0.012369 0.012369
1 0.052786 0.449549 0.012369 0.012369
1 0.058645 0.463221 0.012369 0.012369
1 0.187552 0.482753 0.012369 0.012369
1 0.390677 0.465174 0.012369 0.012369
1 0.402395 0.508143 0.012369 0.012369
1 0.392630 0.488612 0.012369 0.012369
1 0.080130 0.305018 0.012369 0.012369
1 0.080130 0.289393 0.012369 0.012369
1 0.093802 0.287440 0.012369 0.012369
1 0.324270 0.301112 0.012369 0.012369
1 0.322317 0.281581 0.012369 0.012369
1 0.185599 0.297206 0.012369 0.012369
1 0.185599 0.308924 0.012369 0.012369
1 0.210989 0.099940 0.012369 0.012369
1 0.187552 0.090174 0.012369 0.012369
1 0.138724 0.076503 0.012369 0.012369
1 0.136770 0.053065 0.012369 0.012369
1 0.447317 0.019862 0.012369 0.012369
1 0.410208 0.088221 0.012369 0.012369
1 0.433645 0.082362 0.012369 0.012369
1 0.427786 0.097987 0.012369 0.012369
1 0.599661 0.015956 0.012369 0.012369
1 0.580078 0.004883 0.011662 0.011662
1 0.152395 0.203456 0.012369 0.012369
1 0.164114 0.195643 0.012369 0.012369
1 0.005911 0.142909 0.012369 0.012369
1 0.572317 0.168299 0.012369 0.012369
1 0.593802 0.170253 0.012369 0.012369
1 0.675833 0.332362 0.012369 0.012369
1 0.685599 0.322596 0.012369 0.012369
1 0.652395 0.242518 0.012369 0.012369
1 0.638724 0.258143 0.012369 0.012369
1 0.707083 0.260096 0.012369 0.012369
1 0.712942 0.279628 0.012369 0.012369
1 0.726614 0.181971 0.012369 0.012369
1 0.744192 0.180018 0.012369 0.012369
1 0.777395 0.221034 0.012369 0.012369
1 0.794974 0.262049 0.012369 0.012369
1 0.816458 0.265956 0.012369 0.012369
1 0.851614 0.205409 0.012369 0.012369
1 0.835989 0.185878 0.012369 0.012369
1 0.834036 0.199549 0.012369 0.012369
1 0.818411 0.201503 0.012369 0.012369
1 0.769583 0.199549 0.012369 0.012369
1 0.759817 0.062831 0.012369 0.012369
1 0.738333 0.074549 0.012369 0.012369
1 0.740286 0.058924 0.012369 0.012369
1 0.847708 0.449549 0.012369 0.012369
1 0.847708 0.467128 0.012369 0.012369
1 0.865286 0.478846 0.012369 0.012369
1 0.993501 0.342034 0.011557 0.011557
1 0.992239 0.289393 0.012369 0.012369
1 0.992239 0.269862 0.012369 0.012369
1 0.993501 0.250237 0.011557 0.011557
1 0.976614 0.303065 0.012369 0.012369
1 0.427786 0.656581 0.012369 0.012369
1 0.619192 0.711268 0.012369 0.012369
1 0.601614 0.699549 0.012369 0.012369
1 0.587942 0.711268 0.012369 0.012369
1 0.599661 0.719081 0.012369 0.012369
1 0.707083 0.689784 0.012369 0.012369
1 0.660208 0.740565 0.012369 0.012369
1 0.664114 0.756190 0.012369 0.012369
1 0.648489 0.805018 0.012369 0.012369
1 0.646536 0.791346 0.012369 0.012369
1 0.169974 0.928065 0.012369 0.012369
1 0.320364 0.871424 0.012369 0.012369
1 0.332083 0.873378 0.012369 0.012369
1 0.347708 0.877284 0.012369 0.012369
1 0.369192 0.883143 0.012369 0.012369
1 0.441458 0.957362 0.012369 0.012369
1 0.441458 0.943690 0.012369 0.012369
1 0.459036 0.947596 0.012369 0.012369
1 0.408255 0.894862 0.012369 0.012369
1 0.412161 0.908534 0.012369 0.012369
1 0.404349 0.920253 0.012369 0.012369
1 0.406302 0.863612 0.012369 0.012369
1 0.414114 0.847987 0.012369 0.012369
1 0.445364 0.828456 0.012369 0.012369
1 0.462942 0.836268 0.012369 0.012369
1 0.398489 0.732753 0.012369 0.012369
1 0.412161 0.722987 0.012369 0.012369
1 0.156302 0.916346 0.012369 0.012369
1 0.029349 0.863612 0.012369 0.012369
1 0.566458 0.943690 0.012369 0.012369
1 0.574270 0.963221 0.012369 0.012369
1 0.609427 0.961268 0.012369 0.012369
1 0.625052 0.971034 0.012369 0.012369
1 0.910208 0.787440 0.012369 0.012369
1 0.914114 0.769862 0.012369 0.012369
1 0.914114 0.752284 0.012369 0.012369
1 0.804739 0.806971 0.012369 0.012369
1 0.791067 0.797206 0.012369 0.012369
1 0.865286 0.871424 0.012369 0.012369
1 0.847708 0.859706 0.012369 0.012369
1 0.802786 0.889003 0.012369 0.012369
1 0.806692 0.906581 0.012369 0.012369
1 0.910218 0.993625 0.011345 0.011345
1 0.843802 0.953456 0.012369 0.012369
1 0.861380 0.965174 0.012369 0.012369
1 0.816458 0.969081 0.012369 0.012369
1 0.808645 0.984706 0.012369 0.012369
1 0.734427 0.992518 0.012369 0.012369
1 0.937552 0.885096 0.012369 0.012369
1 0.957083 0.879237 0.012369 0.012369
1 0.972708 0.871424 0.012369 0.012369
1 0.993501 0.814690 0.011557 0.011557
1 0.916067 0.971034 0.012369 0.012369
1 0.929739 0.980799 0.012369 0.012369
1 0.941458 0.596034 0.012369 0.012369
1 0.779349 0.676112 0.012369 0.012369
1 0.767630 0.670253 0.012369 0.012369
1 0.882864 0.541346 0.012369 0.012369
1 0.871145 0.521815 0.012369 0.012369
1 0.869192 0.535487 0.012369 0.012369
1 0.455130 0.871424 0.012369 0.012369
1 0.441458 0.853846 0.012369 0.012369
1 0.443411 0.867518 0.012369 0.012369
1 0.025442 0.951503 0.012369 0.012369
1 0.019583 0.965174 0.012369 0.012369
1 0.015677 0.877284 0.012369 0.012369
1 0.164114 0.832362 0.012369 0.012369
1 0.822317 0.806971 0.012369 0.012369
1 0.232422 0.814453 0.014947 0.014947
1 0.593750 0.816406 0.014947 0.014947
1 0.121094 0.816406 0.014947 0.014947
1 0.501953 0.818359 0.014947 0.014947
1 0.199219 0.822266 0.014947 0.014947
1 0.253906 0.828125 0.014947 0.014947
1 0.814453 0.832031 0.014947 0.014947
1 0.111380 0.838221 0.012369 0.012369
1 0.214844 0.839844 0.014947 0.014947
1 0.312500 0.855469 0.014947 0.014947
1 0.830130 0.855799 0.012369 0.012369
1 0.673828 0.863281 0.014947 0.014947
1 0.705078 0.875000 0.014947 0.014947
1 0.642578 0.878906 0.014947 0.014947
1 0.339844 0.914062 0.014947 0.014947
1 0.822317 0.920253 0.012369 0.012369
1 0.451224 0.926112 0.012369 0.012369
1 0.087891 0.931641 0.014947 0.014947
1 0.207031 0.933594 0.014947 0.014947
1 0.691406 0.937500 0.014947 0.014947
1 0.306641 0.941406 0.014947 0.014947
1 0.724609 0.941406 0.014947 0.014947
1 0.654349 0.947596 0.012369 0.012369
1 0.089844 0.955078 0.014947 0.014947
1 0.251953 0.980469 0.014947 0.014947
1 0.224609 0.984375 0.014947 0.014947
1 0.318359 0.988281 0.014947 0.014947
1 0.298828 0.011719 0.022475 0.022475
1 0.828252 0.015857 0.019022 0.019022
1 0.220703 0.021484 0.014947 0.014947
1 0.433645 0.035487 0.012369 0.012369
1 0.929688 0.093750 0.022475 0.022475
1 0.019531 0.097656 0.014947 0.014947
1 0.197266 0.125000 0.014947 0.014947
1 0.025391 0.148438 0.014947 0.014947
1 0.644531 0.146484 0.014947 0.014947
1 0.751953 0.150391 0.014947 0.014947
1 0.445439 0.152575 0.019022 0.019022
1 0.345703 0.167969 0.014947 0.014947
1 0.398438 0.166016 0.014947 0.014947
1 0.810547 0.171875 0.014947 0.014947
1 0.515752 0.185778 0.019022 0.019022
1 0.273438 0.185547 0.014947 0.014947
1 0.369267 0.199450 0.019022 0.019022
1 0.070312 0.203125 0.014947 0.014947
1 0.269531 0.216797 0.014947 0.014947
1 0.617314 0.222888 0.019022 0.019022
1 0.359502 0.226794 0.019022 0.019022
1 0.144531 0.236328 0.014947 0.014947
1 0.107422 0.240234 0.014947 0.014947
1 0.043020 0.240565 0.012369 0.012369
1 0.744267 0.254138 0.019022 0.019022
1 0.164062 0.257812 0.014947 0.014947
1 0.466797 0.261719 0.014947 0.014947
1 0.068359 0.267578 0.014947 0.014947
1 0.197266 0.275391 0.014947 0.014947
1 0.376953 0.277344 0.014947 0.014947
1 0.154297 0.277344 0.014947 0.014947
1 0.212891 0.292969 0.014947 0.014947
1 0.134766 0.296875 0.014947 0.014947
1 0.052786 0.299159 0.012369 0.012369
1 0.250127 0.304919 0.019022 0.019022
1 0.712891 0.302734 0.014947 0.014947
1 0.558594 0.306641 0.014947 0.014947
1 0.404297 0.308594 0.014947 0.014947
1 0.296875 0.312500 0.014947 0.014947
1 0.843877 0.312732 0.019022 0.019022
1 0.900391 0.324219 0.014947 0.014947
1 0.572266 0.324219 0.014947 0.014947
1 0.293020 0.332362 0.012369 0.012369
1 0.136719 0.335938 0.014947 0.014947
1 0.945312 0.339844 0.014947 0.014947
1 0.394531 0.351562 0.014947 0.014947
1 0.279297 0.365234 0.014947 0.014947
1 0.228516 0.371094 0.014947 0.014947
1 0.376953 0.373047 0.014947 0.014947
1 0.304688 0.380859 0.014947 0.014947
1 0.498047 0.386719 0.014947 0.014947
1 0.880859 0.386719 0.014947 0.014947
1 0.417969 0.386719 0.014947 0.014947
1 0.199219 0.388672 0.014947 0.014947
1 0.359375 0.400391 0.014947 0.014947
1 0.300781 0.402344 0.014947 0.014947
1 0.882812 0.408203 0.014947 0.014947
1 0.504033 0.416247 0.019022 0.019022
1 0.304739 0.433924 0.012369 0.012369
1 0.365234 0.435547 0.014947 0.014947
1 0.474736 0.439685 0.019022 0.019022
1 0.869141 0.439453 0.014947 0.014947
1 0.710938 0.449219 0.014947 0.014947
1 0.486328 0.470703 0.014947 0.014947
1 0.560547 0.474609 0.014947 0.014947
1 0.523564 0.478747 0.019022 0.019022
1 0.140625 0.486328 0.014947 0.014947
1 0.828125 0.494141 0.014947 0.014947
1 0.712891 0.494141 0.014947 0.014947
1 0.550781 0.496094 0.014947 0.014947
1 0.027344 0.498047 0.014947 0.014947
1 0.667969 0.501953 0.014947 0.014947
1 0.914062 0.503906 0.014947 0.014947
1 0.992239 0.504237 0.012369 0.012369
1 0.093750 0.521484 0.014947 0.014947
1 0.263672 0.527344 0.014947 0.014947
1 0.656250 0.527344 0.014947 0.014947
1 0.906250 0.539062 0.014947 0.014947
1 0.507812 0.548828 0.014947 0.014947
1 0.451172 0.556641 0.014947 0.014947
1 0.263672 0.558594 0.014947 0.014947
1 0.310547 0.566406 0.014947 0.014947
1 0.505859 0.591797 0.014947 0.014947
1 0.464844 0.591797 0.014947 0.014947
1 0.910156 0.599609 0.014947 0.014947
1 0.595703 0.599609 0.014947 0.014947
1 0.654297 0.603516 0.014947 0.014947
1 0.994141 0.603516 0.006233 0.006233
1 0.109375 0.607422 0.014947 0.014947
1 0.886719 0.613281 0.014947 0.014947
1 0.822317 0.615565 0.012369 0.012369
1 0.345703 0.632812 0.014947 0.014947
1 0.937627 0.636950 0.019022 0.019022
1 0.902470 0.654528 0.019022 0.019022
1 0.816406 0.654297 0.014947 0.014947
1 0.412161 0.658534 0.012369 0.012369
1 0.662161 0.658534 0.012369 0.012369
1 0.728516 0.667969 0.014947 0.014947
1 0.617188 0.671875 0.014947 0.014947
1 0.668020 0.678065 0.012369 0.012369
1 0.310547 0.691406 0.014947 0.014947
1 0.779297 0.693359 0.014947 0.014947
1 0.802734 0.714844 0.014947 0.014947
1 0.564453 0.722656 0.014947 0.014947
1 0.863281 0.722656 0.014947 0.014947
1 0.046875 0.726562 0.014947 0.014947
1 0.435547 0.740234 0.014947 0.014947
1 0.753906 0.740234 0.014947 0.014947
1 0.599661 0.742518 0.012369 0.012369
1 0.876953 0.744141 0.014947 0.014947
1 0.597708 0.758143 0.012369 0.012369
1 0.761719 0.777344 0.014947 0.014947
1 0.884766 0.808594 0.014947 0.014947
1 0.923828 0.810547 0.014947 0.014947
1 0.791016 0.816406 0.014947 0.014947
1 0.134817 0.836268 0.012369 0.012369
1 0.453177 0.834315 0.012369 0.012369
1 0.929814 0.843982 0.019022 0.019022
1 0.982474 0.859706 0.012369 0.012369
1 0.974609 0.890625 0.014947 0.014947
1 0.527344 0.931641 0.022475 0.022475
1 0.632864 0.933924 0.012369 0.012369
1 0.853567 0.961268 0.012369 0.012369
1 0.634817 0.959315 0.012369 0.012369
1 0.767578 0.976562 0.014947 0.014947
1 0.986328 0.982422 0.014947 0.014947
1 0.666016 0.994141 0.006233 0.006233
1 0.753906 0.006329 0.014452 0.014452
1 0.878906 0.004883 0.011662 0.011662
1 0.386770 0.008143 0.012369 0.012369
1 0.775391 0.015625 0.014947 0.014947
1 0.107422 0.029297 0.014947 0.014947
1 0.294922 0.035156 0.014947 0.014947
1 0.695439 0.039294 0.019022 0.019022
1 0.246094 0.041016 0.014947 0.014947
1 0.089844 0.041016 0.014947 0.014947
1 0.271536 0.043299 0.012369 0.012369
1 0.851562 0.042969 0.014947 0.014947
1 0.554688 0.044922 0.014947 0.014947
1 0.939453 0.046875 0.014947 0.014947
1 0.314453 0.054688 0.014947 0.014947
1 0.576172 0.052734 0.014947 0.014947
1 0.355469 0.068359 0.014947 0.014947
1 0.634766 0.070312 0.014947 0.014947
1 0.794974 0.072596 0.012369 0.012369
1 0.377005 0.080409 0.012369 0.012369
1 0.720755 0.080409 0.012369 0.012369
1 0.076172 0.083984 0.014947 0.014947
1 0.656250 0.089844 0.014947 0.014947
1 0.384817 0.097987 0.012369 0.012369
1 0.339844 0.099609 0.014947 0.014947
1 0.875052 0.109706 0.012369 0.012369
1 0.697266 0.121094 0.014947 0.014947
1 0.402344 0.128906 0.014947 0.014947
1 0.072266 0.134766 0.014947 0.014947
1 0.869267 0.142810 0.019022 0.019022
1 0.142578 0.142578 0.014947 0.014947
1 0.890677 0.166346 0.012369 0.012369
1 0.171927 0.172206 0.012369 0.012369
1 0.871145 0.172206 0.012369 0.012369
1 0.623047 0.173828 0.014947 0.014947
1 0.935547 0.199219 0.014947 0.014947
1 0.113281 0.207031 0.014947 0.014947
1 0.416016 0.210938 0.014947 0.014947
1 0.457031 0.220703 0.014947 0.014947
1 0.869141 0.220703 0.014947 0.014947
1 0.541016 0.224609 0.014947 0.014947
1 0.230469 0.236328 0.014947 0.014947
1 0.285208 0.240565 0.012369 0.012369
1 0.392578 0.240234 0.014947 0.014947
1 0.693359 0.240234 0.014947 0.014947
1 0.328125 0.259766 0.014947 0.014947
1 0.912236 0.269763 0.019022 0.019022
1 0.476562 0.283203 0.014947 0.014947
1 0.660156 0.289062 0.014947 0.014947
1 0.435547 0.324219 0.014947 0.014947
1 0.521484 0.326172 0.014947 0.014947
1 0.312552 0.336268 0.012369 0.012369
1 0.609427 0.353846 0.012369 0.012369
1 0.781250 0.349609 0.014947 0.014947
1 0.701172 0.351562 0.014947 0.014947
1 0.502005 0.363612 0.012369 0.012369
1 0.769583 0.385096 0.012369 0.012369
1 0.935547 0.388672 0.014947 0.014947
1 0.576172 0.410156 0.014947 0.014947
1 0.914062 0.412109 0.014947 0.014947
1 0.677734 0.574219 0.014947 0.014947
1 0.935704 0.720913 0.026766 0.026766
1 0.591849 0.010096 0.012369 0.012369
1 0.802786 0.082362 0.012369 0.012369
1 0.324345 0.179919 0.019022 0.019022
1 0.910208 0.435878 0.012369 0.012369
1 0.630859 0.445312 0.006233 0.006233
1 0.271484 0.757812 0.022475 0.022475
1 0.525391 0.789062 0.022475 0.022475
1 0.918095 0.170153 0.019022 0.019022
1 0.962891 0.587891 0.014947 0.014947
1 0.863408 0.924060 0.019022 0.019022
1 0.593877 0.976794 0.019022 0.019022
1 0.970703 0.062500 0.014947 0.014947
1 0.291142 0.093982 0.019022 0.019022
1 0.896484 0.109375 0.014947 0.014947
1 0.544922 0.142578 0.014947 0.014947
1 0.244141 0.177734 0.022475 0.022475
1 0.302734 0.246094 0.014947 0.014947
1 0.695312 0.402344 0.022475 0.022475
1 0.933720 0.439685 0.019022 0.019022
1 0.199219 0.498047 0.014947 0.014947
1 0.707158 0.636950 0.019022 0.019022
1 0.515625 0.982422 0.006233 0.006233
1 0.173880 0.840174 0.012369 0.012369
1 0.029349 0.806971 0.012369 0.012369
1 0.027395 0.820643 0.012369 0.012369
1 0.021536 0.543299 0.012369 0.012369
1 0.019583 0.564784 0.012369 0.012369
1 0.015677 0.312831 0.012369 0.012369
1 0.015677 0.324549 0.012369 0.012369
1 0.587942 0.771815 0.012369 0.012369
1 0.890625 0.080078 0.014947 0.014947
1 0.195439 0.164294 0.019022 0.019022
1 0.254033 0.384997 0.019022 0.019022
1 0.853516 0.621094 0.014947 0.014947
1 0.863408 0.845935 0.019022 0.019022
1 0.343750 0.029297 0.030378 0.030378
1 0.761719 0.113281 0.022475 0.022475
1 0.783203 0.410156 0.014947 0.014947
1 0.726614 0.695643 0.012369 0.012369
1 0.025391 0.707031 0.014947 0.014947
1 0.742344 0.912319 0.026766 0.026766
1 0.978672 0.943569 0.026766 0.026766
1 0.292969 0.597656 0.014947 0.014947
1 0.337891 0.773438 0.014947 0.014947
1 0.382939 0.810778 0.019022 0.019022
1 0.089844 0.816406 0.014947 0.014947
1 0.289062 0.830078 0.014947 0.014947
1 0.824219 0.882812 0.022475 0.022475
1 0.179688 0.890625 0.014947 0.014947
1 0.429739 0.894862 0.012369 0.012369
1 0.675908 0.896716 0.019022 0.019022
1 0.060547 0.898438 0.014947 0.014947
1 0.390625 0.943359 0.014947 0.014947
1 0.373047 0.957031 0.014947 0.014947
1 0.810547 0.978516 0.030378 0.030378
1 0.566458 0.980799 0.012369 0.012369
1 0.644531 0.007812 0.014947 0.014947
1 0.710938 0.199219 0.014947 0.014947
1 0.621220 0.314685 0.019022 0.019022
1 0.388672 0.404297 0.014947 0.014947
1 0.052734 0.410156 0.014947 0.014947
1 0.279297 0.435547 0.014947 0.014947
1 0.224609 0.484375 0.014947 0.014947
1 0.289062 0.498047 0.014947 0.014947
1 0.154297 0.505859 0.014947 0.014947
1 0.378958 0.506190 0.012369 0.012369
1 0.478567 0.504237 0.012369 0.012369
1 0.443359 0.511719 0.014947 0.014947
1 0.462891 0.523438 0.014947 0.014947
1 0.191406 0.537109 0.014947 0.014947
1 0.580078 0.537109 0.014947 0.014947
1 0.718750 0.552734 0.014947 0.014947
1 0.375000 0.560547 0.014947 0.014947
1 0.101562 0.572266 0.014947 0.014947
1 0.585938 0.580078 0.014947 0.014947
1 0.171875 0.582031 0.014947 0.014947
1 0.843750 0.585938 0.014947 0.014947
1 0.152344 0.593750 0.014947 0.014947
1 0.037109 0.595703 0.014947 0.014947
1 0.361328 0.609375 0.014947 0.014947
1 0.015625 0.628906 0.014947 0.014947
1 0.798828 0.628906 0.014947 0.014947
1 0.388672 0.648438 0.014947 0.014947
1 0.023438 0.662109 0.014947 0.014947
1 0.449270 0.670253 0.012369 0.012369
1 0.578125 0.667969 0.014947 0.014947
1 0.240234 0.669922 0.014947 0.014947
1 0.144531 0.673828 0.014947 0.014947
1 0.511719 0.673828 0.014947 0.014947
1 0.041016 0.681641 0.014947 0.014947
1 0.548828 0.691406 0.014947 0.014947
1 0.158255 0.695643 0.012369 0.012369
1 0.101562 0.705078 0.014947 0.014947
1 0.482422 0.705078 0.014947 0.014947
1 0.333984 0.714844 0.014947 0.014947
1 0.646484 0.722656 0.014947 0.014947
1 0.720703 0.734375 0.014947 0.014947
1 0.203125 0.734375 0.014947 0.014947
1 0.482422 0.744141 0.014947 0.014947
1 0.167969 0.744141 0.014947 0.014947
1 0.367188 0.751953 0.014947 0.014947
1 0.228516 0.751953 0.014947 0.014947
1 0.048828 0.777344 0.014947 0.014947
1 0.236328 0.785156 0.014947 0.014947
1 0.378906 0.783203 0.014947 0.014947
1 0.468877 0.787341 0.019022 0.019022
1 0.080078 0.789062 0.014947 0.014947
1 0.855469 0.789062 0.014947 0.014947
1 0.166016 0.792969 0.014947 0.014947
