1 0.460938 0.884766 0.030378 0.030378
1 0.042969 0.509766 0.014947 0.014947
1 0.152344 0.193359 0.014947 0.014947
1 0.265625 0.609375 0.022475 0.022475
1 0.955235 0.424038 0.026766 0.026766
1 0.873047 0.369141 0.014947 0.014947
1 0.183594 0.669922 0.014947 0.014947
1 0.054688 0.486328 0.014947 0.014947
1 0.974766 0.349819 0.026766 0.026766
1 0.105469 0.193359 0.014947 0.014947
1 0.060599 0.912440 0.012369 0.012369
1 0.500052 0.847987 0.012369 0.012369
1 0.113281 0.800781 0.014947 0.014947
1 0.017705 0.681872 0.019022 0.019022
1 0.023438 0.480469 0.014947 0.014947
1 0.125127 0.328357 0.019022 0.019022
1 0.070469 0.300991 0.026766 0.026766
1 0.828252 0.234607 0.019022 0.019022
1 0.560547 0.058594 0.022475 0.022475
1 0.035208 0.785487 0.012369 0.012369
1 0.619192 0.756190 0.012369 0.012369
1 0.672002 0.664294 0.019022 0.019022
1 0.033203 0.554688 0.014947 0.014947
1 0.140752 0.474841 0.019022 0.019022
1 0.023489 0.285487 0.012369 0.012369
1 0.300908 0.222888 0.019022 0.019022
1 0.011719 0.177734 0.014947 0.014947
1 0.388672 0.109375 0.022475 0.022475
1 0.146484 0.957031 0.014947 0.014947
1 0.099609 0.949219 0.014947 0.014947
1 0.031377 0.898669 0.019022 0.019022
1 0.275391 0.828125 0.014947 0.014947
1 0.105595 0.822497 0.019022 0.019022
1 0.029424 0.752185 0.019022 0.019022
1 0.115234 0.697266 0.014947 0.014947
1 0.085938 0.666016 0.014947 0.014947
1 0.144583 0.629237 0.012369 0.012369
1 0.181692 0.625331 0.012369 0.012369
1 0.087891 0.525391 0.014947 0.014947
1 0.191563 0.511928 0.026766 0.026766
1 0.101562 0.498047 0.014947 0.014947
1 0.072317 0.457362 0.012369 0.012369
1 0.113281 0.443359 0.014947 0.014947
1 0.185599 0.437831 0.012369 0.012369
1 0.023564 0.435778 0.019022 0.019022
1 0.093750 0.382812 0.014947 0.014947
1 0.414062 0.371094 0.022475 0.022475
1 0.076172 0.345703 0.014947 0.014947
1 0.169974 0.342128 0.012369 0.012369
1 0.111328 0.300781 0.014947 0.014947
1 0.119141 0.251953 0.014947 0.014947
1 0.037109 0.220703 0.014947 0.014947
1 0.082031 0.212891 0.014947 0.014947
1 0.109502 0.140857 0.019022 0.019022
1 0.068359 0.128906 0.014947 0.014947
1 0.734375 0.087891 0.014947 0.014947
1 0.976562 0.087891 0.014947 0.014947
1 0.072392 0.086169 0.019022 0.019022
1 0.056641 0.046875 0.014947 0.014947
1 0.154297 0.031250 0.014947 0.014947
1 0.193359 0.960938 0.014947 0.014947
1 0.929688 0.859375 0.022475 0.022475
1 0.265677 0.855799 0.012369 0.012369
1 0.150517 0.824450 0.019022 0.019022
1 0.369267 0.816638 0.019022 0.019022
1 0.980520 0.791346 0.012369 0.012369
1 0.464970 0.799060 0.019022 0.019022
1 0.222708 0.777674 0.012369 0.012369
1 0.119141 0.722656 0.014947 0.014947
1 0.435674 0.724841 0.019022 0.019022
1 0.171875 0.708984 0.014947 0.014947
1 0.699270 0.695643 0.012369 0.012369
1 0.127080 0.656482 0.019022 0.019022
1 0.216924 0.650622 0.019022 0.019022
1 0.191406 0.480469 0.014947 0.014947
1 0.222656 0.414062 0.014947 0.014947
1 0.144531 0.382812 0.014947 0.014947
1 0.242239 0.377284 0.012369 0.012369
1 0.169974 0.365565 0.012369 0.012369
1 0.025391 0.367188 0.014947 0.014947
1 0.109375 0.349609 0.014947 0.014947
1 0.201224 0.328456 0.012369 0.012369
1 0.171875 0.271484 0.014947 0.014947
1 0.144583 0.262049 0.012369 0.012369
1 0.453252 0.242419 0.019022 0.019022
1 0.252005 0.228846 0.012369 0.012369
1 0.468802 0.219081 0.012369 0.012369
1 0.164114 0.213221 0.012369 0.012369
1 0.220703 0.166016 0.014947 0.014947
1 0.191533 0.140857 0.019022 0.019022
1 0.968750 0.123047 0.022475 0.022475
1 0.751953 0.076172 0.014947 0.014947
1 0.119267 0.068591 0.019022 0.019022
1 0.291067 0.027674 0.012369 0.012369
1 0.810674 0.021716 0.019022 0.019022
1 0.335938 0.986328 0.014947 0.014947
1 0.263672 0.970703 0.014947 0.014947
1 0.292969 0.960938 0.014947 0.014947
1 0.218877 0.933825 0.019022 0.019022
1 0.373047 0.929688 0.014947 0.014947
1 0.298828 0.912109 0.014947 0.014947
1 0.378958 0.908534 0.012369 0.012369
1 0.238281 0.830078 0.014947 0.014947
1 0.250000 0.810547 0.014947 0.014947
1 0.205078 0.806641 0.014947 0.014947
1 0.308594 0.761719 0.022475 0.022475
1 0.312500 0.734375 0.014947 0.014947
1 0.406250 0.734375 0.014947 0.014947
1 0.185547 0.730469 0.014947 0.014947
1 0.332158 0.717028 0.019022 0.019022
1 0.222656 0.677734 0.014947 0.014947
1 0.547002 0.664294 0.019022 0.019022
1 0.853642 0.652575 0.019022 0.019022
1 0.457031 0.595703 0.022475 0.022475
1 0.150391 0.582031 0.014947 0.014947
1 0.275391 0.558594 0.014947 0.014947
1 0.314505 0.541346 0.012369 0.012369
1 0.222783 0.541247 0.019022 0.019022
1 0.271536 0.494471 0.012369 0.012369
1 0.167969 0.486328 0.014947 0.014947
1 0.257812 0.486328 0.014947 0.014947
1 0.337942 0.439784 0.012369 0.012369
1 0.279297 0.423828 0.014947 0.014947
1 0.320364 0.379237 0.012369 0.012369
1 0.298880 0.377284 0.012369 0.012369
1 0.289114 0.357753 0.012369 0.012369
1 0.658330 0.359607 0.019022 0.019022
1 0.242239 0.355799 0.012369 0.012369
1 0.367188 0.314453 0.014947 0.014947
1 0.269531 0.273438 0.014947 0.014947
1 0.189580 0.238513 0.019022 0.019022
1 0.541172 0.183803 0.026766 0.026766
1 0.255859 0.156250 0.014947 0.014947
1 0.675938 0.160366 0.026766 0.026766
1 0.539062 0.113281 0.022475 0.022475
1 0.244192 0.111659 0.012369 0.012369
1 0.273438 0.097656 0.014947 0.014947
1 0.375000 0.080078 0.014947 0.014947
1 0.259817 0.082362 0.012369 0.012369
1 0.332031 0.072266 0.014947 0.014947
1 0.408255 0.070643 0.012369 0.012369
1 0.388672 0.048828 0.014947 0.014947
1 0.318359 0.042969 0.014947 0.014947
1 0.353516 0.037109 0.014947 0.014947
1 0.351562 0.011719 0.014947 0.014947
1 0.619273 0.990111 0.018635 0.018635
1 0.226562 0.958984 0.014947 0.014947
1 0.339970 0.945544 0.019022 0.019022
1 0.394583 0.941737 0.012369 0.012369
1 0.539062 0.923828 0.014947 0.014947
1 0.343877 0.900622 0.019022 0.019022
1 0.398489 0.898768 0.012369 0.012369
1 0.285283 0.886950 0.019022 0.019022
1 0.318486 0.877185 0.019022 0.019022
1 0.380911 0.834315 0.012369 0.012369
1 0.394531 0.798828 0.014947 0.014947
1 0.542969 0.791016 0.014947 0.014947
1 0.425833 0.777674 0.012369 0.012369
1 0.593750 0.773438 0.014947 0.014947
1 0.232549 0.748278 0.019022 0.019022
1 0.292969 0.716797 0.014947 0.014947
1 0.363333 0.709315 0.012369 0.012369
1 0.466797 0.683594 0.014947 0.014947
1 0.333984 0.687500 0.014947 0.014947
1 0.460989 0.674159 0.012369 0.012369
1 0.642630 0.660487 0.012369 0.012369
1 0.337891 0.656250 0.022475 0.022475
1 0.376953 0.601562 0.014947 0.014947
1 0.402344 0.578125 0.014947 0.014947
1 0.486380 0.584315 0.012369 0.012369
1 0.421927 0.576503 0.012369 0.012369
1 0.367188 0.572266 0.014947 0.014947
1 0.341797 0.564453 0.014947 0.014947
1 0.498099 0.558924 0.012369 0.012369
1 0.414062 0.542969 0.014947 0.014947
1 0.378906 0.476562 0.014947 0.014947
1 0.306641 0.457031 0.014947 0.014947
1 0.460938 0.367188 0.014947 0.014947
1 0.265625 0.320312 0.014947 0.014947
1 0.386719 0.292969 0.014947 0.014947
1 0.462942 0.289393 0.012369 0.012369
1 0.419974 0.269862 0.012369 0.012369
1 0.394531 0.271484 0.014947 0.014947
1 0.363333 0.248378 0.012369 0.012369
1 0.334111 0.234607 0.019022 0.019022
1 0.240286 0.191737 0.012369 0.012369
1 0.705235 0.193569 0.026766 0.026766
1 0.587891 0.187500 0.014947 0.014947
1 0.349609 0.179688 0.014947 0.014947
1 0.451172 0.166016 0.014947 0.014947
1 0.847708 0.158534 0.012369 0.012369
1 0.990286 0.158534 0.012369 0.012369
1 0.939505 0.146815 0.012369 0.012369
1 0.421875 0.125000 0.014947 0.014947
1 0.937500 0.123047 0.014947 0.014947
1 0.646484 0.095703 0.014947 0.014947
1 0.949219 0.089844 0.014947 0.014947
1 0.441533 0.084216 0.019022 0.019022
1 0.498047 0.054688 0.014947 0.014947
1 0.757864 0.051112 0.012369 0.012369
1 0.591797 0.039062 0.014947 0.014947
1 0.421875 0.039062 0.014947 0.014947
1 0.470703 0.033203 0.014947 0.014947
1 0.490234 0.021484 0.014947 0.014947
1 0.718802 0.008143 0.012369 0.012369
1 0.525442 0.990565 0.012369 0.012369
1 0.619192 0.963221 0.012369 0.012369
1 0.597656 0.957031 0.014947 0.014947
1 0.552786 0.955409 0.012369 0.012369
1 0.630859 0.941406 0.014947 0.014947
1 0.498047 0.941406 0.014947 0.014947
1 0.417969 0.925781 0.014947 0.014947
1 0.560547 0.900391 0.014947 0.014947
1 0.519531 0.880859 0.014947 0.014947
1 0.349609 0.863281 0.014947 0.014947
1 0.572317 0.840174 0.012369 0.012369
1 0.662109 0.839844 0.014947 0.014947
1 0.607474 0.834315 0.012369 0.012369
1 0.923880 0.826503 0.012369 0.012369
1 0.484375 0.814453 0.014947 0.014947
1 0.843802 0.806971 0.012369 0.012369
1 0.529424 0.759997 0.019022 0.019022
1 0.628958 0.722987 0.012369 0.012369
1 0.537109 0.720703 0.014947 0.014947
1 0.953125 0.718750 0.014947 0.014947
1 0.423955 0.662341 0.019022 0.019022
1 0.367188 0.664062 0.014947 0.014947
1 0.570312 0.654297 0.014947 0.014947
1 0.646484 0.628906 0.014947 0.014947
1 0.957083 0.633143 0.012369 0.012369
1 0.646536 0.623378 0.012369 0.012369
1 0.519531 0.603516 0.014947 0.014947
1 0.876953 0.574219 0.014947 0.014947
1 0.490234 0.492188 0.014947 0.014947
1 0.515677 0.486659 0.012369 0.012369
1 0.746094 0.476562 0.014947 0.014947
1 0.855625 0.472866 0.026766 0.026766
1 0.835938 0.462891 0.014947 0.014947
1 0.429688 0.447266 0.022475 0.022475
1 0.777344 0.421875 0.014947 0.014947
1 0.462891 0.419922 0.014947 0.014947
1 0.546875 0.408203 0.014947 0.014947
1 0.410283 0.400622 0.019022 0.019022
1 0.447266 0.396484 0.014947 0.014947
1 0.613281 0.394531 0.014947 0.014947
1 0.634817 0.387049 0.012369 0.012369
1 0.886770 0.389003 0.012369 0.012369
1 0.359375 0.388672 0.014947 0.014947
1 0.513724 0.385096 0.012369 0.012369
1 0.492239 0.387049 0.012369 0.012369
1 0.841849 0.381190 0.012369 0.012369
1 0.906302 0.361659 0.012369 0.012369
1 0.501953 0.353516 0.014947 0.014947
1 0.720755 0.347987 0.012369 0.012369
1 0.937500 0.343750 0.014947 0.014947
1 0.521536 0.344081 0.012369 0.012369
1 0.546875 0.330078 0.014947 0.014947
1 0.609375 0.324219 0.014947 0.014947
1 0.876953 0.308594 0.014947 0.014947
1 0.562500 0.298828 0.014947 0.014947
1 0.810547 0.294922 0.014947 0.014947
1 0.242314 0.293200 0.019022 0.019022
1 0.785156 0.287109 0.014947 0.014947
1 0.687552 0.287440 0.012369 0.012369
1 0.843802 0.281581 0.012369 0.012369
1 0.738333 0.271815 0.012369 0.012369
1 0.671927 0.273768 0.012369 0.012369
1 0.845755 0.258143 0.012369 0.012369
1 0.281250 0.255859 0.014947 0.014947
1 0.869141 0.250000 0.014947 0.014947
1 0.791016 0.250000 0.014947 0.014947
1 0.902344 0.230469 0.014947 0.014947
1 0.539062 0.230469 0.014947 0.014947
1 0.785156 0.222656 0.014947 0.014947
1 0.816406 0.208984 0.014947 0.014947
1 0.869141 0.187500 0.014947 0.014947
1 0.615286 0.176112 0.012369 0.012369
1 0.650391 0.179688 0.014947 0.014947
1 0.912109 0.173828 0.014947 0.014947
1 0.804688 0.154297 0.014947 0.014947
1 0.660156 0.132812 0.014947 0.014947
1 0.753906 0.126953 0.014947 0.014947
1 0.834111 0.127185 0.019022 0.019022
1 0.673828 0.107422 0.014947 0.014947
1 0.582031 0.097656 0.014947 0.014947
1 0.529297 0.087891 0.014947 0.014947
1 0.691406 0.082031 0.014947 0.014947
1 0.810547 0.076172 0.014947 0.014947
1 0.898438 0.050781 0.014947 0.014947
1 0.667969 0.042969 0.014947 0.014947
1 0.937500 0.033203 0.014947 0.014947
1 0.876953 0.029297 0.014947 0.014947
1 0.787109 0.019531 0.014947 0.014947
1 0.972656 0.011719 0.014947 0.014947
1 0.847656 0.011719 0.014947 0.014947
1 0.925843 0.993625 0.011345 0.011345
1 0.726614 0.990565 0.012369 0.012369
1 0.990286 0.972987 0.012369 0.012369
1 0.896484 0.966797 0.014947 0.014947
1 0.812500 0.962891 0.014947 0.014947
1 0.859427 0.959315 0.012369 0.012369
1 0.927786 0.953456 0.012369 0.012369
1 0.957031 0.953125 0.014947 0.014947
1 0.742188 0.943359 0.014947 0.014947
1 0.687552 0.939784 0.012369 0.012369
1 0.912161 0.930018 0.012369 0.012369
1 0.724609 0.914062 0.014947 0.014947
1 0.777344 0.890625 0.014947 0.014947
1 0.714844 0.888672 0.014947 0.014947
1 0.941406 0.880859 0.014947 0.014947
1 0.656302 0.871424 0.012369 0.012369
1 0.699219 0.867188 0.014947 0.014947
1 0.804688 0.859375 0.014947 0.014947
1 0.630859 0.828125 0.014947 0.014947
1 0.732422 0.822266 0.014947 0.014947
1 0.558594 0.810547 0.014947 0.014947
1 0.748047 0.806641 0.014947 0.014947
1 0.931641 0.804688 0.014947 0.014947
1 0.679688 0.792969 0.014947 0.014947
1 0.816406 0.789062 0.014947 0.014947
1 0.765625 0.792969 0.022475 0.022475
1 0.945312 0.757812 0.014947 0.014947
1 0.753906 0.755859 0.014947 0.014947
1 0.718750 0.750000 0.014947 0.014947
1 0.845703 0.746094 0.014947 0.014947
1 0.605469 0.726562 0.014947 0.014947
1 0.990286 0.719081 0.012369 0.012369
1 0.648438 0.699219 0.014947 0.014947
1 0.888724 0.695643 0.012369 0.012369
1 0.953125 0.667969 0.014947 0.014947
1 0.757812 0.640625 0.014947 0.014947
1 0.824219 0.630859 0.014947 0.014947
1 0.603516 0.632812 0.014947 0.014947
1 0.533203 0.632812 0.014947 0.014947
1 0.669974 0.627284 0.012369 0.012369
1 0.779297 0.619141 0.014947 0.014947
1 0.859375 0.617188 0.014947 0.014947
1 0.832031 0.607422 0.014947 0.014947
1 0.486328 0.605469 0.014947 0.014947
1 0.796875 0.587891 0.014947 0.014947
1 0.816406 0.580078 0.014947 0.014947
1 0.628906 0.576172 0.014947 0.014947
1 0.890677 0.574549 0.012369 0.012369
1 0.767578 0.564453 0.014947 0.014947
1 0.576172 0.564453 0.014947 0.014947
1 0.658203 0.554688 0.014947 0.014947
1 0.972656 0.537109 0.014947 0.014947
1 0.845703 0.529297 0.014947 0.014947
1 0.621094 0.525391 0.014947 0.014947
1 0.750000 0.511719 0.014947 0.014947
1 0.695312 0.507812 0.014947 0.014947
1 0.876953 0.503906 0.014947 0.014947
1 0.664062 0.494141 0.014947 0.014947
1 0.796875 0.490234 0.014947 0.014947
1 0.642578 0.484375 0.014947 0.014947
1 0.927734 0.472656 0.014947 0.014947
1 0.699219 0.466797 0.014947 0.014947
1 0.585938 0.457031 0.014947 0.014947
1 0.888672 0.451172 0.014947 0.014947
1 0.820312 0.437500 0.014947 0.014947
1 0.742188 0.417969 0.014947 0.014947
1 0.777344 0.388672 0.014947 0.014947
1 0.925833 0.363612 0.012369 0.012369
1 0.826172 0.361328 0.014947 0.014947
1 0.556641 0.351562 0.014947 0.014947
1 0.630911 0.332362 0.012369 0.012369
1 0.830078 0.322266 0.014947 0.014947
1 0.720703 0.310547 0.014947 0.014947
1 0.964844 0.298828 0.014947 0.014947
1 0.636719 0.294922 0.014947 0.014947
1 0.580235 0.158413 0.026766 0.026766
1 0.847783 0.054919 0.019022 0.019022
1 0.753906 0.976562 0.014947 0.014947
1 0.810547 0.896484 0.014947 0.014947
1 0.675781 0.880859 0.014947 0.014947
1 0.832031 0.876953 0.014947 0.014947
1 0.900391 0.869141 0.014947 0.014947
1 0.746094 0.867188 0.014947 0.014947
1 0.855469 0.855469 0.014947 0.014947
1 0.849609 0.769531 0.014947 0.014947
1 0.937500 0.689453 0.022475 0.022475
1 0.789062 0.542969 0.014947 0.014947
1 0.574219 0.484375 0.014947 0.014947
1 0.892735 0.097866 0.026766 0.026766
1 0.958984 0.984375 0.014947 0.014947
1 0.435718 0.959187 0.034741 0.034741
1 0.398609 0.513875 0.034741 0.034741
1 0.785313 0.324428 0.026766 0.026766
1 0.746250 0.211147 0.026766 0.026766
