1 0.511719 0.275391 0.022475 0.022475
1 0.730469 0.255859 0.014947 0.014947
1 0.570312 0.238281 0.014947 0.014947
1 0.613408 0.217028 0.019022 0.019022
1 0.716924 0.172107 0.019022 0.019022
1 0.558720 0.146716 0.019022 0.019022
1 0.779297 0.027344 0.014947 0.014947
1 0.537109 0.009766 0.014947 0.014947
1 0.394531 0.958984 0.014947 0.014947
1 0.732549 0.953357 0.019022 0.019022
1 0.689453 0.943359 0.014947 0.014947
1 0.689453 0.919922 0.014947 0.014947
1 0.742314 0.877185 0.019022 0.019022
1 0.552734 0.849609 0.014947 0.014947
1 0.724609 0.847656 0.014947 0.014947
1 0.787109 0.814453 0.014947 0.014947
1 0.708984 0.810547 0.014947 0.014947
1 0.582031 0.792969 0.014947 0.014947
1 0.677734 0.757812 0.014947 0.014947
1 0.732549 0.732653 0.019022 0.019022
1 0.691406 0.724609 0.014947 0.014947
1 0.634766 0.675781 0.014947 0.014947
1 0.683645 0.656581 0.012369 0.012369
1 0.589844 0.582031 0.014947 0.014947
1 0.566458 0.576503 0.012369 0.012369
1 0.597656 0.544922 0.014947 0.014947
1 0.181641 0.539062 0.014947 0.014947
1 0.970703 0.449219 0.022475 0.022475
1 0.611328 0.500000 0.014947 0.014947
1 0.566458 0.474940 0.012369 0.012369
1 0.525442 0.469081 0.012369 0.012369
1 0.576224 0.441737 0.012369 0.012369
1 0.634766 0.431641 0.014947 0.014947
1 0.589844 0.421875 0.014947 0.014947
1 0.615234 0.417969 0.014947 0.014947
1 0.183645 0.418299 0.012369 0.012369
1 0.546875 0.417969 0.014947 0.014947
1 0.458984 0.400391 0.014947 0.014947
1 0.615234 0.396484 0.014947 0.014947
1 0.527395 0.349940 0.012369 0.012369
1 0.490286 0.334315 0.012369 0.012369
1 0.236328 0.304688 0.014947 0.014947
1 0.568486 0.283435 0.019022 0.019022
1 0.627080 0.279528 0.019022 0.019022
1 0.544922 0.263672 0.014947 0.014947
1 0.539062 0.242188 0.014947 0.014947
1 0.238281 0.193359 0.014947 0.014947
1 0.593877 0.193591 0.019022 0.019022
1 0.492188 0.146484 0.014947 0.014947
1 0.457031 0.103516 0.014947 0.014947
1 0.640677 0.097987 0.012369 0.012369
1 0.529297 0.093750 0.014947 0.014947
1 0.615361 0.080310 0.019022 0.019022
1 0.431641 0.085938 0.022475 0.022475
1 0.066406 0.068359 0.014947 0.014947
1 0.500000 0.041016 0.014947 0.014947
1 0.429814 0.041247 0.019022 0.019022
1 0.333984 0.031250 0.014947 0.014947
1 0.384766 0.013672 0.014947 0.014947
1 0.349609 0.009766 0.014947 0.014947
1 0.580130 0.986659 0.012369 0.012369
1 0.613408 0.945544 0.019022 0.019022
1 0.255859 0.949219 0.022475 0.022475
1 0.650391 0.941406 0.014947 0.014947
1 0.765752 0.935778 0.019022 0.019022
1 0.332083 0.896815 0.012369 0.012369
1 0.593750 0.861328 0.014947 0.014947
1 0.115234 0.859375 0.030378 0.030378
1 0.582158 0.826403 0.019022 0.019022
1 0.613281 0.802734 0.014947 0.014947
1 0.490361 0.802966 0.019022 0.019022
1 0.673955 0.791247 0.019022 0.019022
1 0.554688 0.789062 0.014947 0.014947
1 0.572317 0.762049 0.012369 0.012369
1 0.525517 0.765857 0.019022 0.019022
1 0.619141 0.746094 0.014947 0.014947
1 0.259766 0.718750 0.014947 0.014947
1 0.595703 0.710938 0.014947 0.014947
1 0.560547 0.710938 0.014947 0.014947
1 0.482422 0.679688 0.014947 0.014947
1 0.095703 0.673828 0.014947 0.014947
1 0.328252 0.640857 0.019022 0.019022
1 0.199219 0.599609 0.014947 0.014947
1 0.289062 0.556641 0.014947 0.014947
1 0.142578 0.548828 0.014947 0.014947
1 0.537236 0.541247 0.019022 0.019022
1 0.458984 0.523438 0.014947 0.014947
1 0.339844 0.521484 0.014947 0.014947
1 0.476614 0.498378 0.012369 0.012369
1 0.441533 0.482653 0.019022 0.019022
1 0.496145 0.469081 0.012369 0.012369
1 0.476614 0.463221 0.012369 0.012369
1 0.546927 0.461268 0.012369 0.012369
1 0.128906 0.457031 0.014947 0.014947
1 0.443359 0.447266 0.014947 0.014947
1 0.306767 0.418200 0.019022 0.019022
1 0.398438 0.390625 0.014947 0.014947
1 0.519531 0.382812 0.014947 0.014947
1 0.201172 0.380859 0.014947 0.014947
1 0.304814 0.361560 0.019022 0.019022
1 0.066406 0.339844 0.014947 0.014947
1 0.214844 0.324219 0.014947 0.014947
1 0.080078 0.304688 0.014947 0.014947
1 0.056692 0.295253 0.012369 0.012369
1 0.113281 0.287109 0.014947 0.014947
1 0.363281 0.265625 0.014947 0.014947
1 0.263799 0.246325 0.019022 0.019022
1 0.492314 0.240466 0.019022 0.019022
1 0.289062 0.226562 0.014947 0.014947
1 0.314505 0.224940 0.012369 0.012369
1 0.007864 0.199549 0.012369 0.012369
1 0.517705 0.195544 0.019022 0.019022
1 0.343802 0.189784 0.012369 0.012369
1 0.154349 0.187831 0.012369 0.012369
1 0.265625 0.142578 0.014947 0.014947
1 0.167969 0.142578 0.014947 0.014947
1 0.082158 0.136950 0.019022 0.019022
1 0.437627 0.129138 0.019022 0.019022
1 0.371094 0.125000 0.014947 0.014947
1 0.490234 0.121094 0.014947 0.014947
1 0.291142 0.111560 0.019022 0.019022
1 0.128906 0.083984 0.014947 0.014947
1 0.154297 0.076172 0.014947 0.014947
1 0.261719 0.064453 0.014947 0.014947
1 0.011719 0.046875 0.014947 0.014947
1 0.167969 0.041016 0.014947 0.014947
1 0.056641 0.982422 0.014947 0.014947
1 0.261719 0.978516 0.014947 0.014947
1 0.328125 0.945312 0.014947 0.014947
1 0.441533 0.945544 0.019022 0.019022
1 0.298828 0.943359 0.014947 0.014947
1 0.480520 0.935878 0.012369 0.012369
1 0.462942 0.926112 0.012369 0.012369
1 0.517578 0.916016 0.014947 0.014947
1 0.429688 0.916016 0.014947 0.014947
1 0.369141 0.914062 0.014947 0.014947
1 0.367188 0.892578 0.014947 0.014947
1 0.046927 0.890956 0.012369 0.012369
1 0.492314 0.883044 0.019022 0.019022
1 0.542969 0.873047 0.014947 0.014947
1 0.152344 0.871094 0.014947 0.014947
1 0.054739 0.859706 0.012369 0.012369
1 0.240234 0.855469 0.014947 0.014947
1 0.414189 0.832263 0.019022 0.019022
1 0.363333 0.808924 0.012369 0.012369
1 0.105469 0.796875 0.014947 0.014947
1 0.085938 0.763672 0.014947 0.014947
1 0.111328 0.761719 0.014947 0.014947
1 0.384766 0.751953 0.014947 0.014947
1 0.470703 0.746094 0.014947 0.014947
1 0.359375 0.724609 0.014947 0.014947
1 0.414062 0.710938 0.014947 0.014947
1 0.234375 0.712891 0.014947 0.014947
1 0.107422 0.708984 0.014947 0.014947
1 0.214844 0.697266 0.014947 0.014947
1 0.132864 0.680018 0.012369 0.012369
1 0.431767 0.674060 0.019022 0.019022
1 0.343802 0.658534 0.012369 0.012369
1 0.279424 0.652575 0.019022 0.019022
1 0.218750 0.628906 0.014947 0.014947
1 0.128906 0.621094 0.014947 0.014947
1 0.261770 0.617518 0.012369 0.012369
1 0.484375 0.611328 0.014947 0.014947
1 0.261719 0.597656 0.014947 0.014947
1 0.011770 0.594081 0.012369 0.012369
1 0.117314 0.592028 0.019022 0.019022
1 0.304688 0.580078 0.014947 0.014947
1 0.253958 0.580409 0.012369 0.012369
1 0.488281 0.572266 0.014947 0.014947
1 0.103516 0.550781 0.014947 0.014947
1 0.349609 0.548828 0.014947 0.014947
1 0.123099 0.535487 0.012369 0.012369
1 0.388799 0.531482 0.019022 0.019022
1 0.101562 0.521484 0.014947 0.014947
1 0.492188 0.511719 0.014947 0.014947
1 0.064453 0.503906 0.014947 0.014947
1 0.326299 0.494372 0.019022 0.019022
1 0.195439 0.484607 0.019022 0.019022
1 0.363281 0.476562 0.014947 0.014947
1 0.490234 0.449219 0.014947 0.014947
1 0.464844 0.441406 0.014947 0.014947
1 0.347783 0.437732 0.019022 0.019022
1 0.212891 0.425781 0.014947 0.014947
1 0.367314 0.418200 0.019022 0.019022
1 0.168020 0.400721 0.012369 0.012369
1 0.119141 0.390625 0.014947 0.014947
1 0.007864 0.389003 0.012369 0.012369
1 0.017578 0.337891 0.014947 0.014947
1 0.302786 0.320643 0.012369 0.012369
1 0.427861 0.277575 0.019022 0.019022
1 0.162236 0.273669 0.019022 0.019022
1 0.125000 0.265625 0.014947 0.014947
1 0.253906 0.216797 0.022475 0.022475
1 0.423828 0.199219 0.014947 0.014947
1 0.144531 0.138672 0.014947 0.014947
1 0.289062 0.990234 0.014947 0.014947
1 0.316406 0.984375 0.014947 0.014947
1 0.187627 0.957263 0.019022 0.019022
1 0.191406 0.892578 0.014947 0.014947
1 0.543095 0.826403 0.019022 0.019022
1 0.154297 0.818359 0.014947 0.014947
1 0.070312 0.812500 0.014947 0.014947
1 0.234375 0.779297 0.014947 0.014947
1 0.289062 0.765625 0.014947 0.014947
1 0.212891 0.740234 0.014947 0.014947
1 0.125127 0.736560 0.019022 0.019022
1 0.254033 0.693591 0.019022 0.019022
1 0.179688 0.691406 0.014947 0.014947
1 0.009766 0.636719 0.014947 0.014947
1 0.068486 0.603747 0.019022 0.019022
1 0.138672 0.991718 0.014452 0.014452
1 0.662109 0.695312 0.030378 0.030378
1 0.173828 0.656250 0.014947 0.014947
1 0.160313 0.467007 0.026766 0.026766
1 0.177734 0.349609 0.030378 0.030378
1 0.101562 0.041016 0.030378 0.030378
1 0.287109 0.884766 0.030378 0.030378
1 0.230595 0.068591 0.019022 0.019022
1 0.945312 0.156250 0.014947 0.014947
1 0.792969 0.156250 0.014947 0.014947
1 0.859375 0.171875 0.014947 0.014947
1 0.923955 0.236560 0.019022 0.019022
1 0.865234 0.332031 0.014947 0.014947
1 0.828125 0.349609 0.014947 0.014947
1 0.898489 0.361659 0.012369 0.012369
1 0.923828 0.388672 0.014947 0.014947
1 0.894531 0.396484 0.014947 0.014947
1 0.849609 0.408203 0.014947 0.014947
1 0.898438 0.480469 0.014947 0.014947
1 0.869141 0.523438 0.014947 0.014947
1 0.820312 0.550781 0.014947 0.014947
1 0.876953 0.552734 0.014947 0.014947
1 0.960938 0.556641 0.014947 0.014947
1 0.783360 0.306850 0.026766 0.026766
1 0.953125 0.351562 0.014947 0.014947
1 0.312552 0.299159 0.012369 0.012369
1 0.392578 0.158203 0.014947 0.014947
1 0.916142 0.125232 0.019022 0.019022
1 0.728516 0.087891 0.014947 0.014947
1 0.849609 0.068359 0.022475 0.022475
1 0.966797 0.019531 0.022475 0.022475
1 0.989874 0.955267 0.018505 0.018505
1 0.841924 0.443591 0.019022 0.019022
1 0.156377 0.240466 0.019022 0.019022
1 0.781377 0.185778 0.019022 0.019022
1 0.970703 0.101562 0.014947 0.014947
1 0.960989 0.070643 0.012369 0.012369
1 0.806767 0.676013 0.019022 0.019022
1 0.918020 0.644862 0.012369 0.012369
1 0.667969 0.640625 0.014947 0.014947
1 0.511845 0.629138 0.019022 0.019022
1 0.953252 0.529528 0.019022 0.019022
1 0.917969 0.509766 0.014947 0.014947
1 0.976562 0.501953 0.014947 0.014947
1 0.945439 0.500232 0.019022 0.019022
1 0.857422 0.498047 0.014947 0.014947
1 0.259892 0.386950 0.019022 0.019022
1 0.580250 0.343953 0.034741 0.034741
1 0.357549 0.174060 0.019022 0.019022
1 0.867188 0.099609 0.014947 0.014947
1 0.513672 0.066406 0.022475 0.022475
1 0.920049 0.033435 0.019022 0.019022
1 0.884766 0.006329 0.014452 0.014452
1 0.974609 0.972656 0.014947 0.014947
1 0.957031 0.820312 0.014947 0.014947
1 0.986328 0.812500 0.014947 0.014947
1 0.308720 0.718982 0.019022 0.019022
1 0.570439 0.638903 0.019022 0.019022
1 0.908203 0.611328 0.014947 0.014947
1 0.595703 0.609375 0.014947 0.014947
1 0.353642 0.586169 0.019022 0.019022
1 0.917969 0.576172 0.014947 0.014947
1 0.853516 0.568359 0.014947 0.014947
1 0.863281 0.966797 0.022475 0.022475
1 0.826299 0.945544 0.019022 0.019022
1 0.968750 0.730469 0.022475 0.022475
1 0.892578 0.705078 0.022475 0.022475
1 0.513672 0.671875 0.030378 0.030378
1 0.730595 0.564685 0.019022 0.019022
1 0.847783 0.539294 0.019022 0.019022
1 0.699219 0.269531 0.014947 0.014947
1 0.668020 0.318690 0.012369 0.012369
1 0.470830 0.326403 0.019022 0.019022
1 0.672002 0.355700 0.019022 0.019022
1 0.544974 0.359706 0.012369 0.012369
1 0.630859 0.365234 0.014947 0.014947
1 0.667969 0.363281 0.014947 0.014947
1 0.640625 0.408203 0.014947 0.014947
1 0.162236 0.435778 0.019022 0.019022
1 0.006329 0.439453 0.014452 0.014452
1 0.701172 0.443359 0.014947 0.014947
1 0.591849 0.463221 0.012369 0.012369
1 0.769688 0.504116 0.026766 0.026766
1 0.675781 0.511719 0.014947 0.014947
1 0.642750 0.550984 0.034741 0.034741
1 0.533203 0.583984 0.014947 0.014947
1 0.127080 0.650622 0.019022 0.019022
1 0.722783 0.689685 0.019022 0.019022
1 0.359532 0.777553 0.026766 0.026766
1 0.763672 0.789062 0.014947 0.014947
1 0.808594 0.808594 0.014947 0.014947
1 0.369141 0.832031 0.014947 0.014947
1 0.810547 0.865234 0.014947 0.014947
1 0.894531 0.886719 0.014947 0.014947
1 0.632864 0.902674 0.012369 0.012369
1 0.835989 0.982753 0.012369 0.012369
1 0.759766 0.006329 0.014452 0.014452
1 0.761719 0.093750 0.014947 0.014947
1 0.668125 0.121303 0.026766 0.026766
1 0.566406 0.121094 0.022475 0.022475
1 0.722783 0.121325 0.019022 0.019022
1 0.127080 0.160388 0.019022 0.019022
1 0.841797 0.191406 0.014947 0.014947
1 0.755911 0.269862 0.012369 0.012369
1 0.701172 0.298828 0.014947 0.014947
1 0.738281 0.302734 0.014947 0.014947
1 0.744141 0.326172 0.014947 0.014947
1 0.824219 0.390625 0.014947 0.014947
1 0.787109 0.419922 0.014947 0.014947
1 0.879033 0.435778 0.019022 0.019022
1 0.777344 0.541016 0.014947 0.014947
1 0.457158 0.568591 0.019022 0.019022
1 0.035156 0.587891 0.014947 0.014947
1 0.787109 0.593750 0.014947 0.014947
1 0.937627 0.601794 0.019022 0.019022
1 0.812552 0.617518 0.012369 0.012369
1 0.787109 0.654297 0.022475 0.022475
1 0.845703 0.662109 0.014947 0.014947
1 0.873047 0.667969 0.014947 0.014947
1 0.886845 0.742419 0.019022 0.019022
1 0.919922 0.769531 0.014947 0.014947
1 0.939453 0.791016 0.014947 0.014947
1 0.892578 0.798828 0.014947 0.014947
1 0.316533 0.840075 0.019022 0.019022
1 0.492188 0.841797 0.022475 0.022475
1 0.949345 0.918200 0.019022 0.019022
1 0.898438 0.929688 0.014947 0.014947
1 0.527344 0.968750 0.014947 0.014947
1 0.802734 0.017578 0.014947 0.014947
1 0.861455 0.033435 0.019022 0.019022
1 0.753906 0.039062 0.014947 0.014947
1 0.787109 0.050781 0.014947 0.014947
1 0.043095 0.062732 0.019022 0.019022
