1 0.378906 0.474609 0.014947 0.014947
1 0.970830 0.304919 0.019022 0.019022
1 0.849609 0.017578 0.014947 0.014947
1 0.859375 0.867188 0.014947 0.014947
1 0.671875 0.802734 0.014947 0.014947
1 0.326299 0.531482 0.019022 0.019022
1 0.892578 0.763672 0.014947 0.014947
1 0.224609 0.476562 0.014947 0.014947
1 0.390625 0.991718 0.014452 0.014452
1 0.168095 0.207263 0.019022 0.019022
1 0.056641 0.152344 0.014947 0.014947
1 0.572266 0.185547 0.014947 0.014947
1 0.427734 0.193359 0.014947 0.014947
1 0.017578 0.214844 0.014947 0.014947
1 0.863281 0.574219 0.014947 0.014947
1 0.597708 0.603846 0.012369 0.012369
1 0.162109 0.417969 0.014947 0.014947
1 0.115234 0.193359 0.014947 0.014947
1 0.453125 0.841797 0.014947 0.014947
1 0.966924 0.062732 0.019022 0.019022
1 0.244192 0.115565 0.012369 0.012369
1 0.914062 0.013672 0.014947 0.014947
1 0.689453 0.613281 0.014947 0.014947
1 0.621094 0.501953 0.014947 0.014947
