1 0.826172 0.345703 0.014947 0.014947
1 0.789062 0.322266 0.014947 0.014947
1 0.720703 0.250000 0.014947 0.014947
1 0.707031 0.224609 0.014947 0.014947
1 0.351562 0.207031 0.014947 0.014947
1 0.482422 0.541016 0.014947 0.014947
1 0.693359 0.113281 0.014947 0.014947
1 0.447266 0.957031 0.014947 0.014947
1 0.023438 0.865234 0.014947 0.014947
1 0.537109 0.607422 0.014947 0.014947
1 0.029297 0.103516 0.014947 0.014947
1 0.429688 0.917969 0.014947 0.014947
1 0.507812 0.720703 0.014947 0.014947
1 0.240234 0.285156 0.014947 0.014947
1 0.125000 0.974609 0.014947 0.014947
1 0.220703 0.425781 0.014947 0.014947
1 0.252005 0.174159 0.012369 0.012369
1 0.255911 0.154628 0.012369 0.012369
1 0.109375 0.384766 0.014947 0.014947
