1 0.793020 0.045253 0.012369 0.012369
1 0.808645 0.890956 0.012369 0.012369
1 0.546875 0.177734 0.014947 0.014947
1 0.193411 0.010096 0.012369 0.012369
1 0.787109 0.935547 0.014947 0.014947
1 0.472708 0.433924 0.012369 0.012369
1 0.822266 0.312500 0.006233 0.006233
1 0.326224 0.176112 0.012369 0.012369
1 0.367239 0.896815 0.012369 0.012369
1 0.146484 0.677734 0.014947 0.014947
1 0.111328 0.656250 0.014947 0.014947
1 0.050781 0.322266 0.014947 0.014947
1 0.216849 0.213221 0.012369 0.012369
1 0.017630 0.193690 0.012369 0.012369
1 0.158203 0.025391 0.014947 0.014947
1 0.462942 0.928065 0.012369 0.012369
1 0.244141 0.669922 0.014947 0.014947
1 0.121094 0.341797 0.014947 0.014947
1 0.722656 0.312500 0.006233 0.006233
1 0.013672 0.242188 0.014947 0.014947
1 0.441406 0.892578 0.014947 0.014947
1 0.902395 0.812831 0.012369 0.012369
1 0.273438 0.285156 0.014947 0.014947
1 0.148438 0.275391 0.014947 0.014947
1 0.310674 0.582263 0.019022 0.019022
1 0.439505 0.051112 0.012369 0.012369
1 0.160156 0.982422 0.014947 0.014947
1 0.304688 0.896484 0.014947 0.014947
1 0.650391 0.650391 0.006233 0.006233
1 0.429688 0.310547 0.006233 0.006233
1 0.564505 0.656581 0.012369 0.012369
1 0.423828 0.599609 0.006233 0.006233
1 0.441406 0.568359 0.006233 0.006233
1 0.337942 0.476893 0.012369 0.012369
1 0.585989 0.937831 0.012369 0.012369
1 0.242188 0.880859 0.006233 0.006233
